   -0.02832490
   -0.02652496
   -0.02864444
   -0.02536415
   -0.02880618
    0.01588319
    0.04759358
    0.04515846
    0.01086874
   -0.03112338
   -0.02721283
   -0.02975514
   -0.02688537
   -0.03314458
   -0.11545331
    0.27162681
   -0.06794162
    0.12955059
   -0.12285405
   -0.17722552
    0.06433043
   -0.06758781
   -0.42612758
    0.08910964
    0.35069321
   -0.37413093
   -0.38065584
   -0.12551888
    0.27331045
   -0.06320564
    0.13030184
   -0.12176356
   -0.17628898
    0.06518797
   -0.06634253
   -0.42182916
    0.02951784
    0.03532076
    0.03581936
    0.03762263
    0.03535605
    0.05349603
    0.05850827
    0.03142444
    0.03484184
    0.03362763
    0.03575117
    0.05310608
    0.08373212
    0.06207603
    0.07043337
    0.05459622
    0.03488309
    0.07192950
    0.34172910
    0.07193266
    0.07955916
    0.06075176
    0.05513558
    0.03794573
