           1           2   1.4483552672906044     
           2           3   1.4357344417462370     
           1           4  0.11162635812729346     
           3           4   1.4410418875436972     
           2           5  0.11055296656563460     
           4           5   1.4423621811494669     
           1           6   1.4088036806139477     
           3           6  0.10932837352620703     
           5           6   1.4142286934246844     
           6           7  0.99414870610598460     
           7           8  0.95001572428086734     
           8           9  0.99150797146971514     
           9          10   1.4107802360876394     
          10          11   1.4460343280091825     
           9          12  0.10923094086805578     
          11          12   1.4374861203977183     
          10          13  0.11158254166137285     
          12          13   1.4402008129533097     
           9          14   1.4147182248784345     
          11          14  0.11156748933157155     
          13          14   1.4431314907400701     
           8          15  0.95492159294772483     
          15          16   1.1860007825546535     
          16          17   1.0057156559647851     
          17          18   1.5131917105263848     
          18          19   1.0346691113726851     
          18          20   1.1385995703822538     
          18          21  0.12986656111334663     
          20          21   1.1223693787322819     
          17          22   1.2411404612039199     
          21          22   1.6298464836783011     
          15          23  0.18105787373350762     
          16          23   1.6787345774668336     
          15          24  0.99719321361947211     
          24          25  0.90854723197396237     
          25          26   1.1413548211141400     
          25          27   1.7795600829059754     
          26          27  0.17878618687743339     
           7          28  0.95689855098371746     
          24          28  0.96806755237761566     
          28          29   1.1677785231411395     
          29          30   1.0089087110982389     
          30          31   1.5139529162181040     
          31          32   1.0349192179205899     
          31          33   1.1385633539571605     
          31          34  0.12712678925474880     
          33          34   1.1222710241494369     
          30          35   1.2382083385534246     
          34          35   1.6313969299300697     
          28          36  0.17154181743187269     
          29          36   1.6871569099901111     
           1          37  0.96888360863324774     
           2          38  0.97091209835670034     
           3          39  0.97119874796913297     
           4          40  0.97067192888321585     
           5          41  0.96861137191778179     
           7          42  0.95265479146748422     
           8          43  0.95175727082611694     
          10          44  0.96881206548274024     
          11          45  0.97083129510877608     
          12          46  0.97128877210810360     
          13          47  0.97086858638962370     
          14          48  0.96326191390872395     
          19          49  0.97505143195406530     
          19          50  0.96244944709301605     
          19          51  0.97082575113941294     
          21          52  0.96588544573484780     
          22          53  0.96956731804114737     
          24          54  0.94352987685549605     
          26          55  0.85663573875703214     
          32          56  0.96626364019557121     
          32          57  0.97737474126374735     
          32          58  0.96541932867231572     
          34          59  0.96581046204286380     
          35          60  0.97172781196462932     
