   -0.02244038
    0.48576441
   -0.20131087
   -0.20455076
   -0.22251766
   -0.01854636
   -0.02030134
   -0.01522344
   -0.02159092
    0.02838761
    0.04884970
    0.04656315
    0.02726135
   -0.02500830
    0.48480264
   -0.20507138
   -0.20161317
   -0.22655639
   -0.02022623
   -0.02147150
   -0.01506151
   -0.02617662
   -0.10479551
    0.26483643
    0.07661206
    0.00605306
   -0.11682774
   -0.01911552
   -0.03075252
   -0.03654597
   -0.03102816
   -0.05291914
    0.13056834
   -0.24138574
   -0.43055670
    0.08552155
    0.36043457
   -0.36086863
   -0.38890883
   -0.11521131
    0.26353700
    0.07721863
    0.00186340
   -0.11421434
   -0.02043244
    0.13037822
   -0.05150683
   -0.03143515
   -0.03737322
   -0.03201707
   -0.22181407
   -0.42591946
    0.06809422
    0.05778668
    0.05626521
    0.05074590
    0.06318819
    0.06717055
    0.06517510
    0.05510466
    0.05644377
    0.07346946
    0.08437368
    0.05879080
    0.05996339
    0.04679790
    0.04244497
    0.04377608
    0.04604165
    0.10270073
    0.34303026
    0.07692327
    0.05472780
    0.06271565
    0.04764004
    0.04353420
    0.04115016
    0.04458876
