           1           2  0.95225142580753797     
           2           3  0.95505125998649776     
           2           4  0.94566753222385747     
           2           5  0.92936075290356024     
           1           6   1.4111491513454912     
           6           7   1.4451306800567556     
           1           8  0.10435353182771079     
           7           8   1.4308545854518093     
           6           9  0.10938600482359656     
           8           9   1.4510444604910153     
           1          10   1.3873625382045136     
           7          10  0.10840503068134900     
           9          10   1.4057674371242670     
          10          11  0.99634174471213788     
          11          12  0.95067829825362038     
          12          13  0.99395301131146618     
          13          14   1.3843575176922462     
          14          15  0.95261742332546628     
          15          16  0.94559376912460369     
          15          17  0.95528702825564082     
          15          18  0.92561894452162274     
          14          19   1.4116400519559664     
          13          20  0.10751870158646679     
          19          20   1.4437149241084954     
          14          21  0.10465926546908974     
          20          21   1.4330506236978924     
          13          22   1.4084418264698084     
          19          22  0.10936154182247990     
          21          22   1.4477685305450094     
          12          23  0.95748534160997523     
          23          24   1.1933116953271106     
          24          25   1.0355029388395600     
          25          26   1.5486153946047529     
          26          27   1.0417098893857799     
          26          28   1.1859594694191826     
          28          29   1.3297942375778271     
          29          30   1.5030131481343807     
          30          31   1.3801871906543988     
          29          32  0.11507057467732830     
          31          32   1.4816568102885301     
          28          33   1.2737007294619092     
          32          33   1.3533454132987575     
          25          34   1.0408225760800038     
          33          34   1.0781081452420962     
          23          35  0.18427783367895625     
          24          35   1.6363231403594403     
          23          36  0.99500108653304054     
          36          37  0.90366791395224055     
          37          38   1.1574375590410859     
          37          39   1.7727045200753850     
          38          39  0.17813734872451745     
          11          40  0.95754056990904157     
          36          40  0.97746277866060538     
          40          41   1.1812196558291141     
          41          42   1.0294894107249439     
          42          43   1.5463651056700389     
          43          44   1.0414870743271769     
          43          45   1.1875164922253134     
          45          46   1.2717688468617245     
          46          47   1.3519645546773820     
          47          48   1.4828816830685880     
          48          49   1.3794034499756407     
          45          50   1.3297591746579416     
          47          50  0.11500111029895323     
          49          50   1.5032887036170255     
          42          51   1.0537899472233243     
          46          51   1.0860143738484684     
          40          52  0.17860906967747595     
          41          52   1.6489475993241365     
           6          53  0.96553649032986422     
           7          54  0.96879451377895076     
           8          55  0.96888898966040016     
           9          56  0.96636142643668443     
          11          57  0.95184411208416941     
          12          58  0.95098620391468502     
          19          59  0.96589227134676170     
          20          60  0.96899935632844114     
          21          61  0.96888206289928691     
          22          62  0.95768904047047565     
          27          63  0.97345599043644904     
          27          64  0.96495131475384677     
          27          65  0.96388887886313834     
          29          66  0.96828035858673700     
          30          67  0.97051417770343007     
          31          68  0.97092911263089876     
          32          69  0.96733160193216094     
          36          70  0.92966257770715621     
          38          71  0.85550185220803421     
          44          72  0.97562523045548510     
          44          73  0.96894718897584053     
          44          74  0.96184198002761834     
          47          75  0.96728581509649647     
          48          76  0.97095443590868302     
          49          77  0.97062615737051949     
          50          78  0.96847181290184370     
