   -0.40272316
    0.27348058
   -0.01780100
   -0.03731990
   -0.02352264
   -0.02866175
    0.08834786
   -0.15016059
   -0.02799968
   -0.11641512
    0.08770580
    0.35144782
   -0.35206052
   -0.38840574
   -0.11566000
    0.27325457
   -0.01652226
   -0.03841689
    0.08236858
   -0.15319960
   -0.03268158
   -0.02402498
   -0.02550033
   -0.40606875
    0.03982959
    0.00714402
   -0.02741291
   -0.02515229
   -0.02669280
   -0.02454590
   -0.02865472
    0.03581591
    0.00243651
   -0.03413403
   -0.02800634
   -0.03045771
   -0.02688225
   -0.03645719
    0.06014707
    0.05439793
    0.06704856
    0.06709014
    0.06926726
    0.34578807
    0.04941286
    0.06231559
    0.05504151
    0.05514489
    0.06709787
    0.01908016
    0.03988416
    0.03963827
    0.04015790
    0.03606127
    0.08835797
    0.03486686
    0.03922086
    0.03813974
    0.03966488
    0.03588556
