           1           2   1.7115362789883530     
           2           3  0.97511712377721882     
           3           4   1.3927809511036990     
           4           5   1.4392793670899973     
           3           6  0.10473843980387677     
           5           6   1.4380690384998311     
           6           7   1.4051807192077785     
           7           8  0.98978131417125481     
           3           9   1.3980844883602073     
           5           9  0.10747786937715206     
           7           9   1.4158583498833357     
           1          10  0.18261126495856289     
           2          10   1.1730181135727076     
          10          11  0.99024314160071758     
          11          12  0.90713919467638682     
          12          13   1.1687054056205435     
          12          14   1.7714984120962998     
          13          14  0.18433394892750266     
          11          15  0.98553861405603804     
          15          16   1.2093214416524598     
          16          17  0.95373521149645746     
          17          18   1.3981760927353828     
          18          19   1.4171168855891370     
          19          20  0.98622530549286547     
          17          21  0.10771693569298363     
          19          21   1.4046192230002319     
          18          22  0.10906298034108040     
          21          22   1.4416673063496963     
          17          23   1.4114646740740850     
          22          23   1.4346198462276141     
          15          24  0.19461271840574043     
          16          24   1.7049146143775771     
          15          25  0.95286951024469291     
          25          26  0.98936450834570688     
          26          27   1.4095290152614599     
          27          28   1.4483948808363372     
          26          29  0.10952940380303713     
          28          29   1.4356879668491931     
          27          30  0.11172647892686650     
          29          30   1.4417415162689720     
          26          31   1.4160097335883917     
          28          31  0.11080831883455280     
          30          31   1.4414794456138833     
          10          32  0.96420447467557890     
          25          32  0.95115709828891770     
          32          33  0.98890819658144946     
          33          34   1.4171047019133896     
          34          35   1.4380757932285688     
          33          36  0.10943043779013352     
          35          36   1.4437407851876392     
          34          37  0.11027208205865849     
          36          37   1.4338968424492828     
          33          38   1.4062915762464268     
          35          38  0.11219427656901988     
          37          38   1.4495409925237936     
           4          39  0.96409533000722503     
           5          40  0.96728191566272836     
           6          41  0.96651784328259183     
           9          42  0.96503138316333459     
          11          43  0.93025111062100707     
          13          44  0.85393596123370630     
          18          45  0.96589839021698820     
          21          46  0.96741816637928690     
          22          47  0.96719613727322395     
          23          48  0.96807757419435858     
          25          49  0.95208320905011323     
          27          50  0.96861800245443241     
          28          51  0.97057122684785835     
          29          52  0.97091374006594644     
          30          53  0.97045721042031441     
          31          54  0.96806865306300560     
          32          55  0.93906090779661611     
          34          56  0.96670634305223546     
          35          57  0.97051813000324538     
          36          58  0.97092598269295405     
          37          59  0.97048291732262182     
          38          60  0.96701870994991290     
