    0.14538029
   -0.25499065
    0.03706730
   -0.06577329
   -0.03253801
   -0.04713153
   -0.03941122
   -0.02415185
    0.04051716
    0.04207962
   -0.01354386
   -0.02741755
   -0.03868388
   -0.03048025
   -0.06360181
    0.14025025
   -0.27260766
    0.03690010
   -0.11621362
    0.27333107
   -0.01747732
   -0.03741500
   -0.03068632
   -0.03904363
    0.02095835
   -0.11182779
   -0.03186696
   -0.42384210
    0.08781700
    0.35251974
   -0.35739501
   -0.39425241
   -0.11193955
    0.27571512
   -0.02038710
   -0.03280161
    0.02065103
   -0.11066301
   -0.03807806
   -0.02993761
   -0.04105277
   -0.41212635
    0.07001139
    0.04068237
    0.04373948
    0.04037698
    0.03637717
    0.03463561
    0.04658161
    0.09617517
    0.08517863
    0.02432535
    0.03353091
    0.03763237
    0.03969372
    0.04281724
    0.06235408
    0.04350993
    0.02391269
    0.03487480
    0.03608903
    0.04850524
    0.04841305
    0.04821026
    0.04668479
    0.07328660
    0.34312520
    0.04744785
    0.04551492
    0.04612631
    0.05269965
    0.03511198
    0.03586588
    0.05066052
