           1           2   1.0829377791542694     
           2           3  0.98152548065668821     
           1           4   1.3801857045397172     
           4           5   1.4315977451553155     
           5           6   1.4478699450658823     
           6           7   1.4149771507069024     
           1           8   1.3044080794605117     
           5           8  0.10418485721348460     
           7           8   1.4459041645531441     
           8           9  0.98930608464402148     
           9          10  0.95948333013724751     
          10          11  0.98828881699324922     
          11          12   1.4456254105093116     
          12          13   1.4174773584502731     
          11          14  0.10617837198716400     
          13          14   1.4498941989163237     
          12          15  0.10080696979231775     
          14          15   1.4288676443195900     
          11          16   1.3169743003850662     
          15          16   1.3879035141608274     
          16          17   1.0601198146405788     
          17          18  0.98352635997426407     
          10          19  0.96127155068889236     
          19          20   1.2115371207570518     
          20          21  0.96235293388354182     
          21          22   1.4001064233603426     
          22          23   1.4396959426480285     
          21          24  0.10763594242188007     
          23          24   1.4443324433181073     
          22          25  0.10722035245451100     
          24          25   1.4080187128322226     
          25          26   1.0256925747384313     
          21          27   1.4118971042735904     
          23          27  0.10749514601412048     
          25          27   1.4143497597621315     
          19          28  0.19104283175647069     
          20          28   1.6888060417033515     
          19          29  0.97911513964996044     
          29          30  0.91705286295084332     
          30          31   1.1590148164445202     
          30          32   1.7665354888387590     
          31          32  0.17919696473083396     
           9          33  0.95102561921198825     
          29          33  0.99688827334603736     
          33          34   1.1763709860765263     
          34          35  0.97790191447165398     
          35          36   1.4024981512619819     
          36          37   1.4177843313209924     
          37          38   1.0258777465075333     
          35          39  0.10509223694559955     
          37          39   1.4051832550285523     
          36          40  0.10703669967392578     
          39          40   1.4448049483355156     
          35          41   1.3930144853462467     
          37          41  0.10638375163646589     
          40          41   1.4406220178549018     
          33          42  0.18022663325452457     
          34          42   1.7048409067620589     
           3          43  0.97860214232258136     
           3          44  0.97608676112782855     
           3          45  0.97647081800789204     
           4          46  0.96542458247515850     
           5          47  0.97096259195704437     
           6          48  0.97109603251665499     
           7          49  0.96228271616279670     
           9          50  0.94281355447742687     
          10          51  0.94198535130750771     
          12          52  0.96459876069139405     
          13          53  0.97103709437739938     
          14          54  0.97103448846550910     
          15          55  0.96549087805457945     
          18          56  0.97632196143089944     
          18          57  0.97953659446642072     
          18          58  0.97663949622819080     
          22          59  0.96559834021187285     
          23          60  0.97017652815309108     
          24          61  0.96956975226167763     
          26          62  0.96720418169170652     
          26          63  0.97959129139620227     
          26          64  0.98278893661755196     
          27          65  0.96697744259891272     
          29          66  0.92189637988057294     
          31          67  0.85541569269746931     
          36          68  0.96634237855071969     
          38          69  0.98000191928590252     
          38          70  0.98300481211122026     
          38          71  0.96627374614557682     
          39          72  0.96960335041834222     
          40          73  0.97011673881033778     
          41          74  0.96538197547242821     
