   -0.03511076
   -0.02920371
   -0.02836525
   -0.04207317
    0.00865023
    0.01300117
   -0.03619901
   -0.02942390
   -0.04107019
   -0.00941559
    0.03436174
    0.04500908
    0.00142310
   -0.03518392
   -0.03029435
   -0.03507223
    0.01589683
    0.01475700
   -0.03027501
   -0.02767915
   -0.02845478
   -0.03341755
   -0.12336368
    0.27354682
   -0.05198001
    0.06769786
   -0.15503082
    0.06899277
   -0.05557325
   -0.41632815
    0.08623012
    0.35214086
   -0.35940284
   -0.37942496
   -0.12207992
    0.27194252
   -0.04406720
    0.07129986
   -0.15751207
    0.06841294
   -0.05168145
   -0.41698602
    0.03594061
    0.03586803
    0.04041545
    0.03555810
    0.03849608
    0.03856516
    0.03480363
    0.05470305
    0.06695989
    0.02801514
    0.03503309
    0.03657583
    0.03556104
    0.03327527
    0.03320970
    0.03438474
    0.05872582
    0.05917401
    0.05207332
    0.09969261
    0.33943766
    0.05927873
    0.06103534
    0.06452372
