           1           2   1.5594052782552053     
           2           3   1.3196232611829064     
           1           4  0.11822427675507649     
           3           4   1.5567575163175977     
           4           5   1.2780873853045362     
           1           6   1.2772902670403719     
           5           6   1.2450988930427827     
           6           7   1.2866001972009764     
           7           8   1.5427410211591435     
           8           9   1.3379726009401685     
           5          10   1.2631242596564187     
           7          10  0.11644010422845401     
           9          10   1.5089833145736509     
          10          11  0.98438553507443172     
          11          12  0.94311729977209502     
          12          13  0.98986011755154224     
          13          14   1.5182354847254393     
          14          15   1.3319123972101921     
          13          16  0.11511111937638599     
          15          16   1.5481757838934109     
          16          17   1.2827704963895388     
          13          18   1.2575271329542683     
          17          18   1.2498054695443743     
          18          19   1.2810848730876347     
          19          20   1.5563403326929803     
          20          21   1.3204234751681065     
          17          22   1.2782048820580212     
          19          22  0.11848253409637867     
          21          22   1.5587319854277433     
          12          23  0.95738063235126636     
          23          24   1.1919499189101574     
          24          25  0.98645294218842083     
          25          26   1.5526406679753755     
          26          27   1.1569980889786724     
          26          28  0.14625402491019635     
          27          28   1.1396770462683481     
          25          29   1.2582091854989867     
          28          29   1.6161483658969540     
          23          30  0.18522206030893829     
          24          30   1.6930146066913641     
          23          31  0.98256457005778652     
          31          32  0.90968549661224085     
          32          33   1.1520596113260870     
          32          34   1.7871339770603061     
          33          34  0.18302289178751213     
          11          35  0.97418646146114019     
          31          35  0.98183005851443683     
          35          36   1.1606952705803770     
          36          37   1.0167233125137336     
          37          38   1.5315418696490983     
          38          39   1.1672446780215233     
          38          40  0.14046809281469599     
          39          40   1.1286260730186013     
          37          41   1.2482602300262733     
          40          41   1.6300070996835401     
          35          42  0.17571548658618322     
          36          42   1.6877244935585456     
           1          43  0.96764000565411390     
           2          44  0.97039131748901608     
           3          45  0.97024629522485617     
           4          46  0.95888573864980697     
           7          47  0.96749290953139511     
           8          48  0.96978636981984723     
           9          49  0.96631033843486025     
          11          50  0.94720778801902206     
          12          51  0.94665576943684049     
          14          52  0.96835766007850954     
          15          53  0.97031333892149818     
          16          54  0.96788396055607151     
          19          55  0.95929707762355654     
          20          56  0.97093058392953446     
          21          57  0.97070285489492592     
          22          58  0.96797492480193481     
          26          59  0.96407792095858624     
          28          60  0.96555269616405548     
          29          61  0.97396525473476092     
          31          62  0.93467257159899342     
          33          63  0.85863542182305042     
          38          64  0.96084550369937916     
          40          65  0.96558994675633802     
          41          66  0.97215510785704451     
