   -0.03782115
   -0.03329889
    0.01185102
   -0.03419049
   -0.02861747
   -0.02819285
   -0.03493959
    0.01311957
   -0.04256681
    0.00032935
    0.03772718
    0.04108965
    0.00550349
   -0.03416684
    0.01573758
   -0.03278647
   -0.02747545
   -0.02787459
   -0.03215685
    0.01536525
   -0.03081496
   -0.03195916
   -0.11605797
    0.27355818
   -0.01972745
   -0.02460615
   -0.03034679
    0.06000648
   -0.11495653
   -0.03138199
   -0.02955972
   -0.40798047
    0.08960999
    0.35265971
   -0.35080455
   -0.38982263
   -0.11803773
    0.27328466
   -0.01905650
   -0.01972234
   -0.03127211
    0.06057203
   -0.11713222
   -0.03080402
   -0.03420915
   -0.40608404
    0.03459938
    0.04021636
    0.03540078
    0.03491144
    0.03554872
    0.03755512
    0.03450839
    0.08758094
    0.06985559
    0.01417030
    0.02638298
    0.03419712
    0.03495999
    0.03615092
    0.04115535
    0.03486927
    0.05198449
    0.05929191
    0.05853833
    0.03968952
    0.06478190
    0.34684388
    0.06083517
    0.05880462
    0.06061242
    0.06456494
