           1           2   1.5665183183650744     
           2           3   1.2742779025472009     
           3           4   1.2821618502239567     
           4           5   1.5554992902150657     
           5           6   1.3219350507776095     
           4           7  0.11826462248378045     
           6           7   1.5563335905743472     
           3           8   1.2524917394197552     
           7           8   1.2800395116248442     
           2           9  0.11316208884421626     
           8           9   1.2777056172617527     
           1          10   1.2896753155391352     
           9          10   1.5283925158670790     
          10          11  0.98900834494591261     
          11          12  0.94870539881424465     
          12          13  0.98831881593599014     
          13          14   1.5235859949672126     
          14          15   1.2842629109803110     
          15          16   1.2781607178454133     
          16          17   1.5582189354791842     
          17          18   1.3201620700235681     
          16          19  0.11817260876393351     
          18          19   1.5571029101404115     
          15          20   1.2497388919865171     
          19          20   1.2811359159024471     
          14          21  0.11518027479659596     
          20          21   1.2781069391087947     
          13          22   1.2964968599149509     
          21          22   1.5613458570437553     
          12          23  0.95578278840009234     
          23          24   1.2098489452943335     
          24          25  0.95082384769834438     
          25          26   1.4120359901840682     
          26          27   1.4352064107640830     
          25          28  0.10168020913973455     
          27          28   1.4244669154048664     
          28          29  0.97680200836377085     
          26          30  0.10823201759293477     
          28          30   1.4173647134033056     
          25          31   1.3986863897401549     
          27          31  0.10963210717677911     
          30          31   1.4431765284351732     
          23          32  0.19524823993651091     
          24          32   1.7065513326038098     
          23          33  0.98634711571235789     
          33          34  0.90763474312943171     
          34          35   1.1708481370252291     
          34          36   1.7679652932716483     
          35          36  0.18392169877046499     
          11          37  0.96403165456435602     
          33          37  0.98991267237962710     
          37          38   1.1722076925803577     
          38          39  0.98018261717548727     
          39          40   1.3932741663662835     
          40          41   1.4451387183016753     
          41          42   1.4164731474313317     
          42          43  0.97801878612968896     
          40          44  0.10747559315480799     
          42          44   1.4200871242385835     
          39          45   1.3927033284686150     
          41          45  0.10704450377674662     
          44          45   1.4405001783355598     
          37          46  0.18163460446063404     
          38          46   1.7075546858300141     
           1          47  0.96621883957415733     
           2          48  0.96751892678598583     
           4          49  0.96823701521311301     
           5          50  0.97083448693151464     
           6          51  0.97076115737602420     
           7          52  0.96800881059407995     
           9          53  0.96304836412061279     
          11          54  0.93890828156939021     
          12          55  0.95139574366129809     
          14          56  0.96488287308858378     
          16          57  0.96822237686476598     
          17          58  0.97089743268648576     
          18          59  0.97085130577379886     
          19          60  0.96817944378649590     
          21          61  0.96746467549993553     
          22          62  0.96781439572571915     
          26          63  0.96672397845698099     
          27          64  0.96746934060079770     
          30          65  0.96750976213830409     
          31          66  0.96660643011240921     
          33          67  0.93069780822554227     
          35          68  0.85307682314212663     
          40          69  0.96458219909765552     
          41          70  0.96720339466245098     
          44          71  0.96717418567760516     
          45          72  0.96075359501446789     
