   -0.03404025
   -0.02954924
   -0.02899341
   -0.03339687
    0.01104151
    0.01621841
   -0.03558561
   -0.02838896
   -0.02872327
    0.00710480
    0.05418641
    0.04406117
   -0.00466367
   -0.03384382
   -0.02738876
   -0.03424631
    0.01527077
    0.01194827
   -0.03291038
   -0.02754555
   -0.02838566
   -0.03316855
   -0.12856030
    0.27485662
   -0.01723744
   -0.02920582
   -0.03788525
    0.01184641
    0.02542598
   -0.10887950
   -0.10719295
   -0.10662247
   -0.03233520
   -0.02559443
   -0.41492796
    0.09773873
    0.35118351
   -0.34847517
   -0.39346340
   -0.14011978
    0.28172868
   -0.02258274
   -0.03550508
   -0.03457536
    0.01271705
    0.02574293
   -0.10895325
   -0.10640730
   -0.10638890
   -0.03762779
   -0.01989655
   -0.40683445
    0.03462109
    0.03246273
    0.03038792
    0.02636013
    0.03613179
    0.03565512
    0.03242489
    0.05314979
    0.04104909
    0.02917161
    0.03540427
    0.03958338
    0.02990817
    0.03298640
    0.03520998
    0.03568530
    0.03077960
    0.04408663
    0.03900167
    0.03795456
    0.03587016
    0.04007881
    0.03524915
    0.03575885
    0.04009608
    0.03782383
    0.03632077
    0.03574342
    0.03275073
    0.08657768
    0.34157086
    0.02641653
    0.03622675
    0.03793898
    0.03793714
    0.03667055
    0.03800898
    0.03437583
    0.03931769
    0.03741640
    0.03906330
    0.03580984
    0.04497930
    0.05501439
