           1           2   1.5574198226754972     
           2           3   1.3218784597034359     
           1           4  0.11845078488202068     
           3           4   1.5548530373447929     
           4           5   1.2832711807979198     
           1           6   1.2792676180449143     
           5           6   1.2521645569195643     
           6           7   1.2802662202782535     
           7           8   1.5513147150081388     
           8           9   1.3285151855636328     
           5          10   1.2538762594255710     
           7          10  0.11469038617546848     
           9          10   1.5215321978940346     
          10          11  0.99485106473198170     
          11          12  0.94522772377349984     
          12          13  0.99616574003990355     
          13          14   1.5169560562211488     
          14          15   1.3287399061751852     
          13          16  0.11450638142364809     
          15          16   1.5503574994485703     
          16          17   1.2791352495663202     
          13          18   1.2514971941344455     
          17          18   1.2509247990384760     
          18          19   1.2840943383648837     
          19          20   1.5530001932237820     
          20          21   1.3224988152675436     
          17          22   1.2806679493418991     
          19          22  0.11772944131991286     
          21          22   1.5563161360786515     
          12          23  0.95583340145296047     
          23          24   1.1898767206830829     
          24          25  0.95752862180619336     
          25          26   1.4143916198021851     
          26          27   1.4362432631414446     
          25          28  0.10820747426845885     
          27          28   1.4194361487549396     
          28          29  0.98510864103159035     
          29          30  0.99993886213555516     
          29          31  0.98771671293342267     
          29          32  0.98545559522111781     
          26          33  0.10942545335233818     
          28          33   1.4008029012688568     
          25          34   1.3922666389518286     
          27          34  0.10763966293823356     
          33          34   1.4574399951615917     
          23          35  0.18497621112690182     
          24          35   1.7107972123904016     
          23          36  0.97602582191334641     
          36          37  0.91046541061298059     
          37          38   1.1667817481240281     
          37          39   1.7663200904647589     
          38          39  0.18234944540893097     
          11          40  0.96077617929163794     
          36          40  0.99641129331333600     
          40          41   1.1479739763568459     
          41          42  0.98060343869972499     
          42          43   1.3860756612329381     
          43          44   1.4620565666873298     
          42          45  0.10550181695361210     
          44          45   1.3972395722819888     
          45          46  0.98542585862111554     
          46          47   1.0000279386416280     
          46          48  0.98634739535669669     
          46          49  0.98636538326428425     
          43          50  0.10541930416495568     
          45          50   1.4177355840810977     
          42          51   1.4047673622203956     
          44          51  0.10753790788883588     
          50          51   1.4425605084152895     
          40          52  0.16971800376606869     
          41          52   1.7207571508135171     
           1          53  0.96803255322211856     
           2          54  0.97076285942932050     
           3          55  0.97112387813765855     
           4          56  0.96145684182165514     
           7          57  0.96795403908441058     
           8          58  0.97030971001463118     
           9          59  0.96707144360300645     
          11          60  0.94663601490801497     
          12          61  0.95298451827171193     
          14          62  0.96711449308641251     
          15          63  0.96934059613695700     
          16          64  0.96746205088255854     
          19          65  0.95807942504421972     
          20          66  0.97091417569736027     
          21          67  0.97061567817453165     
          22          68  0.96791838614297121     
          26          69  0.97003416667778208     
          27          70  0.96443718179622451     
          30          71  0.98428223138465476     
          30          72  0.98421746967711821     
          30          73  0.98494376270224071     
          31          74  0.98434233623406420     
          31          75  0.98449271359952062     
          31          76  0.98305196808277095     
          32          77  0.98416446152609027     
          32          78  0.98383932631653426     
          32          79  0.98663268318464425     
          33          80  0.96383407653374742     
          34          81  0.96937774880961092     
          36          82  0.92558917114217965     
          38          83  0.85638954914008003     
          43          84  0.96784952668287771     
          44          85  0.96417542567028436     
          47          86  0.98453989043827250     
          47          87  0.98431015414364431     
          47          88  0.98455523975162762     
          48          89  0.98351665938145227     
          48          90  0.98679911049854030     
          48          91  0.98427043652684632     
          49          92  0.98341760810460954     
          49          93  0.98431314414106608     
          49          94  0.98674287363546898     
          50          95  0.96437886012048635     
          51          96  0.96758782232427976     
