    0.13980577
   -0.28033815
    0.04104903
   -0.06506689
   -0.02993690
   -0.03712477
   -0.02690962
   -0.01277001
    0.04974251
    0.03673900
   -0.02741938
   -0.03813727
   -0.03977396
   -0.03210645
   -0.06739542
    0.13569390
   -0.27611880
    0.03786282
   -0.09470466
    0.27274631
   -0.00452927
   -0.02356977
   -0.02449005
   -0.03908050
    0.10175755
   -0.17190710
   -0.03528978
   -0.42801353
    0.09208893
    0.36838627
   -0.36040998
   -0.40107357
   -0.09805633
    0.27110447
   -0.01266833
   -0.03866043
    0.10294235
   -0.17247956
   -0.03775827
   -0.02532064
   -0.02558130
   -0.41677528
    0.04156682
    0.05949565
    0.04219696
    0.04053372
    0.04061786
    0.04258020
    0.04677211
    0.06906179
    0.07565511
    0.06363373
    0.04534447
    0.04147788
    0.04146774
    0.06648100
    0.04509994
    0.04322052
    0.06092804
    0.05539516
    0.06024170
    0.06057776
    0.07488698
    0.34540987
    0.05781052
    0.06116863
    0.05369220
    0.05823067
