           1           2   1.0514669274240158     
           2           3  0.98385323115410317     
           1           4   1.3863468862175348     
           4           5   1.4322952259865174     
           5           6   1.4458503734066996     
           4           7  0.10292427458519460     
           6           7   1.4250826256933948     
           1           8   1.3260885868256223     
           5           8  0.10692061340664220     
           7           8   1.4377832961758672     
           8           9  0.99031133298347562     
           9          10  0.95421413419588830     
          10          11  0.99052346124349411     
          11          12   1.4312755502553949     
          12          13   1.4306392294801642     
          11          14  0.10597087100769367     
          13          14   1.4395613054262260     
          12          15  0.10365196949132766     
          14          15   1.4377685820150110     
          11          16   1.3269219630608484     
          15          16   1.3772881204510581     
          16          17   1.0612302767318997     
          17          18  0.97965512484917228     
          10          19  0.95760277865771848     
          19          20   1.2441643886528619     
          20          21  0.97015006593936870     
          21          22   1.3989199668693333     
          22          23   1.4427877059969132     
          21          24  0.10602374561900189     
          23          24   1.4364852590600157     
          24          25   1.4021428564717200     
          25          26  0.97419856257269288     
          21          27   1.4011963207517535     
          23          27  0.10752212879362533     
          25          27   1.4104136263380558     
          19          28  0.19127339912078720     
          20          28   1.6418600992906325     
          19          29  0.97645522808115659     
          29          30  0.90719063059329341     
          30          31   1.1552812309272629     
          30          32   1.7536445711932978     
          31          32  0.17262717402839708     
           9          33  0.95508791652343739     
          29          33  0.98826636044190141     
          33          34   1.2200650752402438     
          34          35  0.95846233939909420     
          35          36   1.4018951671646720     
          36          37   1.4113160265207447     
          37          38  0.97511455558367266     
          35          39  0.10729780652774698     
          37          39   1.3998424100502587     
          36          40  0.10872298365471535     
          39          40   1.4411891326344046     
          35          41   1.4067239615084963     
          40          41   1.4376575991514549     
          33          42  0.19561235693397444     
          34          42   1.6877869388201259     
           3          43  0.97634840717006943     
           3          44  0.97909313524257113     
           3          45  0.97634408318442845     
           4          46  0.96529032722643004     
           5          47  0.97075521946529741     
           6          48  0.97025128051903120     
           7          49  0.96680359893032897     
           9          50  0.95248633661081628     
          10          51  0.94917391416378138     
          12          52  0.96241672365345021     
          13          53  0.97011526081944865     
          14          54  0.97062118146296095     
          15          55  0.96520535007202213     
          18          56  0.97891042003339268     
          18          57  0.97548272076673093     
          18          58  0.97668467581766083     
          22          59  0.96726217794330027     
          23          60  0.96778977340732930     
          24          61  0.96732596900543877     
          27          62  0.96526118935669036     
          29          63  0.94006517556405700     
          31          64  0.85497884369021182     
          36          65  0.96461014368317166     
          39          66  0.96724540624985700     
          40          67  0.96808409508293347     
          41          68  0.96794233320620660     
