    0.14618045
   -0.26795799
    0.03751778
   -0.06355758
   -0.03126079
   -0.04086997
   -0.03148780
   -0.01227556
    0.04197210
    0.04186517
   -0.01703745
   -0.03057102
   -0.03896287
   -0.03159975
   -0.06749932
    0.13960201
   -0.27610585
    0.04102590
   -0.10459511
    0.27140069
   -0.01747107
   -0.02624306
   -0.02983870
   -0.03376155
    0.01229558
   -0.01219937
   -0.10393630
   -0.10266344
   -0.04113797
   -0.42489912
    0.09097628
    0.35953895
   -0.36466074
   -0.39686827
   -0.10814838
    0.27321071
   -0.02015150
   -0.03027582
    0.01253885
   -0.01319653
   -0.10062314
   -0.10323651
   -0.03786471
   -0.03063380
   -0.04054263
   -0.42069417
    0.04730960
    0.06145687
    0.03977835
    0.03988911
    0.03717128
    0.03372275
    0.02793205
    0.08897274
    0.07439001
    0.06003806
    0.04171522
    0.03788676
    0.03795035
    0.04361883
    0.03652188
    0.07680526
    0.04348043
    0.03685574
    0.03852962
    0.02920723
    0.03902835
    0.03470494
    0.03839377
    0.03591580
    0.03930324
    0.03921028
    0.02450877
    0.06900184
    0.33832564
    0.04121919
    0.03164330
    0.03670721
    0.03893891
    0.02945022
    0.04225902
    0.03759452
    0.03495893
    0.03228381
    0.03277798
    0.05524550
