           1           2   1.0646199280007356     
           2           3  0.98291215737312376     
           1           4   1.3766008518460242     
           4           5   1.4387394617723308     
           5           6   1.4395811576431274     
           4           7  0.10199384683809175     
           6           7   1.4286073370802324     
           1           8   1.3267869088843609     
           5           8  0.10660477760822248     
           7           8   1.4353670457853622     
           8           9  0.98974261700296151     
           9          10  0.96043252791447009     
          10          11  0.98802405244814595     
          11          12   1.4337429592010851     
          12          13   1.4283327428027910     
          11          14  0.10706341379080619     
          13          14   1.4429436704191789     
          12          15  0.10342936709017476     
          14          15   1.4356033599779492     
          11          16   1.3297559519591566     
          15          16   1.3809082860436686     
          16          17   1.0498713686743277     
          17          18  0.97820414596474770     
          10          19  0.95063965879663281     
          19          20   1.2133903467086748     
          20          21  0.96016270517176927     
          21          22   1.4085017023005491     
          22          23   1.4355772437865131     
          21          24  0.10885527500133195     
          23          24   1.4489473419476258     
          22          25  0.10787251807161612     
          24          25   1.4050181379646074     
          25          26  0.99846588621390853     
          26          27  0.99877719466902448     
          26          28  0.99526413986885098     
          21          29   1.4031649500186938     
          23          29  0.10759355852919870     
          25          29   1.4178018127450371     
          19          30  0.19097384611036855     
          20          30   1.6870345448503481     
          19          31  0.99669485017581727     
          31          32  0.90799119717176424     
          32          33   1.1479655493676031     
          32          34   1.7599981123370889     
          33          34  0.17286576762920139     
           9          35  0.95246801604527065     
          31          35  0.99346967666539521     
          35          36   1.1987765292609751     
          36          37  0.96198849133260755     
          37          38   1.4038341462901713     
          38          39   1.4155625632378239     
          39          40  0.99772388463078643     
          40          41   1.0009754544066027     
          40          42  0.99381086262173612     
          37          43  0.10656222322903468     
          39          43   1.4091771168123428     
          38          44  0.11023367152051955     
          43          44   1.4430764512591343     
          37          45   1.4056295459301043     
          39          45  0.10766396803110521     
          44          45   1.4381231091814173     
          35          46  0.18582573032532390     
          36          46   1.6955182886985631     
           3          47  0.97650887349850379     
           3          48  0.97959003618242668     
           3          49  0.97621231105665962     
           4          50  0.96548464487560559     
           5          51  0.97106801476643789     
           6          52  0.97086385455088786     
           7          53  0.96785859711477051     
           9          54  0.94911006368826345     
          10          55  0.95303446627766908     
          12          56  0.96484126744485343     
          13          57  0.97023460447691490     
          14          58  0.97082043085507097     
          15          59  0.96524362826374976     
          18          60  0.97643836948488449     
          18          61  0.97617609449078935     
          18          62  0.97552827472369696     
          22          63  0.96944976003955952     
          23          64  0.96985864476029737     
          24          65  0.96649536773508549     
          26          66  0.96371158584238648     
          27          67  0.98448645900051523     
          27          68  0.98504914775678110     
          27          69  0.98539694284506418     
          28          70  0.98734520257630309     
          28          71  0.98521780638055800     
          28          72  0.98569257904139984     
          29          73  0.96473925389165671     
          31          74  0.91951450146087566     
          33          75  0.85924805620559264     
          38          76  0.96365302168581346     
          40          77  0.96752847197848069     
          41          78  0.98588022591233559     
          41          79  0.98394426153057013     
          41          80  0.98364838454521430     
          42          81  0.98575833436989047     
          42          82  0.98511716874182886     
          42          83  0.98742435136314977     
          43          84  0.96803408050287987     
          44          85  0.97005221162078348     
          45          86  0.96314234854758474     
