   -0.02835081
    0.48484763
   -0.21687808
   -0.20902104
   -0.19841332
   -0.01900102
   -0.02043298
   -0.01560025
   -0.01705137
    0.02148339
    0.04416854
    0.03533279
    0.01085086
   -0.02223787
    0.48706785
   -0.20602949
   -0.20474267
   -0.20091064
   -0.01833176
   -0.01948509
   -0.01691720
   -0.03181908
   -0.11636362
    0.26932299
    0.09297661
   -0.04818883
   -0.00761345
   -0.03114074
   -0.03472057
   -0.02944195
   -0.04883703
    0.13217473
   -0.21409137
   -0.40791524
    0.07231825
    0.35194209
   -0.35273398
   -0.34113009
   -0.13947338
    0.25251445
    0.07827928
   -0.04860262
   -0.00852585
    0.13181829
   -0.04861193
   -0.02734010
   -0.03317110
   -0.03093304
   -0.23175001
   -0.42443590
    0.06955638
    0.05915007
    0.05478983
    0.03444794
    0.07900141
    0.10483049
    0.07226631
    0.06018303
    0.05842026
    0.04956605
    0.07227439
    0.04805007
    0.04433090
    0.04601973
    0.04888452
    0.09819277
    0.33248502
    0.07151414
    0.05395990
    0.05015201
    0.04742636
    0.04964412
