           1           2  0.95129080980794467     
           2           3  0.93523299092228673     
           2           4  0.93921120088079735     
           2           5  0.95832461689281556     
           1           6   1.4201953986621054     
           6           7   1.4374937722474967     
           1           8  0.10659870536432073     
           7           8   1.4400482236783618     
           6           9  0.10819703221913350     
           8           9   1.4392613972182988     
           1          10   1.3767501789620971     
           7          10  0.10799152271917394     
           9          10   1.4190283141491635     
          10          11  0.98995303342087759     
          11          12  0.95696572926970158     
          12          13  0.98749382882570325     
          13          14   1.3767038311163500     
          14          15  0.94801282099010231     
          15          16  0.94716501361130279     
          15          17  0.94544311553137539     
          15          18  0.94928434574116061     
          14          19   1.4259761027410278     
          13          20  0.10910042508871054     
          19          20   1.4335871121163424     
          14          21  0.10788948193141071     
          20          21   1.4437503425519047     
          13          22   1.4204133199915840     
          19          22  0.10660106958599631     
          21          22   1.4348140077219638     
          12          23  0.95966241270072439     
          23          24   1.1511669424895929     
          24          25   1.0311766312175479     
          25          26   1.5712667293441187     
          26          27   1.2277366188827492     
          27          28   1.3197896298076595     
          28          29   1.5104488380991898     
          29          30   1.3741795520459077     
          28          31  0.11562682737005460     
          30          31   1.4863045827836427     
          27          32   1.2651846691116524     
          31          32   1.3506702652865714     
          25          33   1.0692227683338571     
          32          33   1.0858704537236703     
          23          34  0.17207270953410009     
          24          34   1.6791027917432617     
          23          35  0.99625326521682056     
          35          36  0.90016284242147615     
          36          37   1.1480863215280870     
          36          38   1.8129447058078063     
          37          38  0.17107992461573010     
          11          39  0.96104619568188421     
          35          39  0.96649677485942653     
          39          40   1.1814518292589298     
          40          41   1.0277249640798514     
          41          42   1.5762635116761952     
          42          43   1.2254180212773038     
          43          44   1.2698285417334472     
          44          45   1.3520548230947091     
          45          46   1.4861977100049790     
          46          47   1.3741972841722088     
          43          48   1.3186119244400722     
          45          48  0.11627647867569445     
          47          48   1.5114713453794102     
          41          49   1.0592723352114515     
          44          49   1.0787803192312526     
          39          50  0.18665512535955103     
          40          50   1.6523311922329125     
           6          51  0.96519954923971996     
           7          52  0.96856211321744468     
           8          53  0.96913938785799769     
           9          54  0.96643072052852386     
          11          55  0.94439412070632256     
          12          56  0.94028791031228387     
          19          57  0.96447586404080532     
          20          58  0.96829369144447164     
          21          59  0.96860814128747186     
          22          60  0.96030461505247411     
          26          61  0.96903205536976611     
          28          62  0.96848608460239716     
          29          63  0.97034476472544595     
          30          64  0.97074287042007168     
          31          65  0.96684915489865042     
          35          66  0.92392016970867019     
          37          67  0.85194646922164508     
          42          68  0.96904274284407466     
          45          69  0.96634547840843354     
          46          70  0.97031062057537254     
          47          71  0.97003596772896317     
          48          72  0.96839363615845209     
