   -0.02262373
    0.48557104
   -0.22378902
   -0.20054048
   -0.20390890
   -0.01850260
   -0.01981481
   -0.01478607
   -0.02196681
    0.02679643
    0.05010846
    0.04654850
    0.02893113
   -0.02368517
    0.48493845
   -0.20063667
   -0.20430130
   -0.22563045
   -0.01908445
   -0.02053269
   -0.01557860
   -0.02502057
   -0.10811809
    0.26031237
    0.07181117
   -0.04365827
   -0.07306395
    0.12966675
   -0.12433482
   -0.21169560
   -0.42580913
    0.08765828
    0.35786961
   -0.35464735
   -0.39145113
   -0.13327664
    0.26649234
    0.07470820
   -0.06054620
   -0.07360541
    0.12816336
   -0.12014258
   -0.16154627
   -0.39934883
    0.06897182
    0.05898034
    0.05738166
    0.05029069
    0.06450566
    0.06582857
    0.06738362
    0.05698664
    0.05444713
    0.06249343
    0.06688319
    0.05007232
    0.08021437
    0.06463184
    0.06806748
    0.07974278
    0.34427732
    0.03565427
    0.04445641
    0.07022100
    0.06016607
    0.07041388
