           1           2  0.95239994459961441     
           2           3  0.92798551743143542     
           2           4  0.95583591622974340     
           2           5  0.94615529467407311     
           1           6   1.4113219273955442     
           6           7   1.4448067029079334     
           1           8  0.10459110227531165     
           7           8   1.4314400107111096     
           6           9  0.10925523547197069     
           8           9   1.4502943892394633     
           1          10   1.3871156134467251     
           7          10  0.10843663851533884     
           9          10   1.4068342750885150     
          10          11  0.99651073343438878     
          11          12  0.95057401520156648     
          12          13  0.99586964325334004     
          13          14   1.3850993932927220     
          14          15  0.95249667361671675     
          15          16  0.95595423691112713     
          15          17  0.94611362084975470     
          15          18  0.92618507379670512     
          14          19   1.4118545251483530     
          13          20  0.10809001704051180     
          19          20   1.4441413284036015     
          14          21  0.10454740207693818     
          20          21   1.4321095699667548     
          13          22   1.4073736601096409     
          19          22  0.10927887264841928     
          21          22   1.4494558307499961     
          12          23  0.95660266913587999     
          23          24   1.1786557826028083     
          24          25   1.0411018869585855     
          25          26   1.5173553140875269     
          26          27   1.3275976873554904     
          25          28  0.12943939742238467     
          27          28   1.5396928215530314     
          28          29   1.0319198611815144     
          25          30   1.0791660886262888     
          28          30   1.1235049068738703     
          23          31  0.18226841141954070     
          24          31   1.6469227315255559     
          23          32  0.99630444692222786     
          32          33  0.90626264582889859     
          33          34   1.1581408038934435     
          33          35   1.7720523570179099     
          34          35  0.17954469880082588     
          11          36  0.95735685982539420     
          32          36  0.97221195294750740     
          36          37   1.1546417450379771     
          37          38   1.0086426878139947     
          38          39   1.5206005502507600     
          39          40   1.3222510328317147     
          38          41  0.12895561327186655     
          40          41   1.5371318524817870     
          41          42   1.0312177433285110     
          38          43   1.1141962758842321     
          41          43   1.1447179249165975     
          36          44  0.17533012715347074     
          37          44   1.6973103193854868     
           6          45  0.96540558889615258     
           7          46  0.96864524919308825     
           8          47  0.96874254709033236     
           9          48  0.96636438741947994     
          11          49  0.95122014344239658     
          12          50  0.95128652307595085     
          19          51  0.96560178314603873     
          20          52  0.96884606411222740     
          21          53  0.96907099623064230     
          22          54  0.96095731754375247     
          26          55  0.97140521185377049     
          27          56  0.97348441009973585     
          29          57  0.97658710602872190     
          29          58  0.97318033971162787     
          29          59  0.96167004665019484     
          32          60  0.93943682485848012     
          34          61  0.85456927829010321     
          39          62  0.97145657767738536     
          40          63  0.97418550359600697     
          42          64  0.96460687571780779     
          42          65  0.98331539164900061     
          42          66  0.96895446087645409     
