   -0.02536646
    0.48541470
   -0.19684921
   -0.20205242
   -0.22562556
   -0.02097451
   -0.02291976
   -0.01796110
   -0.02352748
    0.02242980
    0.04520460
    0.05023500
    0.02749931
   -0.02284076
    0.48811872
   -0.21452464
   -0.20615148
   -0.21058482
   -0.01833700
   -0.01961400
   -0.01419656
   -0.02171996
   -0.12017277
    0.27783052
   -0.01475007
   -0.03446864
   -0.02830591
   -0.03164196
    0.01350827
    0.00929151
   -0.03311524
   -0.02841512
   -0.03000036
   -0.02950857
   -0.03440352
   -0.02559512
   -0.41661019
    0.08696717
    0.34546261
   -0.36088799
   -0.38616010
   -0.11393635
    0.27672728
   -0.01459239
   -0.02025046
    0.01597522
    0.01172309
   -0.03213956
   -0.02840087
   -0.03030535
   -0.02957143
   -0.03321204
   -0.03290399
   -0.02942678
   -0.03743610
   -0.41200022
    0.06833556
    0.05712790
    0.05536673
    0.04681994
    0.07289458
    0.05077189
    0.06706997
    0.05914378
    0.05796197
    0.04864635
    0.04219286
    0.04092073
    0.04129876
    0.03894845
    0.03364579
    0.03230634
    0.03165367
    0.03055188
    0.05151107
    0.08995767
    0.34571961
    0.05402094
    0.03814398
    0.03251893
    0.03092803
    0.03025889
    0.03029836
    0.03963051
    0.03825764
    0.03816621
