           1           2  0.95019355223292490     
           2           3  0.95376161887578903     
           2           4  0.95340376075807443     
           2           5  0.92593115289999883     
           1           6   1.4149634131816762     
           6           7   1.4424139809820604     
           1           8  0.10505424208176101     
           7           8   1.4335151416335876     
           6           9  0.10911092591241556     
           8           9   1.4476723700932372     
           1          10   1.3838143101302514     
           7          10  0.10811820048256407     
           9          10   1.4094669979486485     
          10          11  0.99328317558807999     
          11          12  0.94829348305547412     
          12          13  0.99824347743078012     
          13          14   1.3879473655093348     
          14          15  0.95225873646257497     
          15          16  0.94112625596739330     
          15          17  0.94840101269645016     
          15          18  0.93850149499239521     
          14          19   1.4076220134141757     
          13          20  0.10747187993356302     
          19          20   1.4471833743089615     
          14          21  0.10558917722824164     
          20          21   1.4301798565658719     
          13          22   1.4045770521497072     
          19          22  0.10908700584103075     
          21          22   1.4509866431280689     
          12          23  0.96264859354957444     
          23          24   1.1715389267765497     
          24          25  0.97892303679210435     
          25          26   1.3913331343565318     
          26          27   1.4399057935873008     
          25          28  0.10328442836062607     
          27          28   1.4462761285633636     
          26          29  0.10239394196322693     
          28          29   1.3863874903079085     
          29          30   1.0453358187744717     
          30          31   1.3885075793162713     
          31          32   1.4520983554098441     
          30          33  0.10568841264763287     
          32          33   1.4343378555076312     
          31          34  0.10891794623762356     
          33          34   1.4354002974657292     
          30          35   1.3905949668222970     
          32          35  0.10848255623360617     
          34          35   1.4504770131487326     
          25          36   1.4092199967369683     
          27          36  0.10447468260900708     
          29          36   1.3933375041695490     
          23          37  0.17672773386474450     
          24          37   1.7015913611898907     
          23          38  0.99553800218569266     
          38          39  0.90713651642894833     
          39          40   1.1581876842696117     
          39          41   1.7766771256106320     
          40          41  0.18279616321436190     
          11          42  0.96012007354040096     
          38          42  0.99237105770138834     
          42          43   1.1817153742918456     
          43          44  0.96944906274632436     
          44          45   1.4183636856680100     
          45          46   1.3885177521304808     
          46          47   1.0461275310138041     
          47          48   1.3886083838420211     
          48          49   1.4518872566670971     
          47          50  0.10567157470199898     
          49          50   1.4346425452145877     
          48          51  0.10884193331496249     
          50          51   1.4348399207005402     
          47          52   1.3899139094168544     
          49          52  0.10838269938941639     
          51          52   1.4510955364145546     
          44          53  0.10405935628493942     
          46          53   1.3891142559569001     
          45          54  0.10514883554804268     
          53          54   1.4453761231029059     
          44          55   1.3890763489752433     
          46          55  0.10338131193847301     
          54          55   1.4400293319133775     
          42          56  0.18287877560832555     
          43          56   1.7038457204754418     
           6          57  0.96535131924198037     
           7          58  0.96880723965725246     
           8          59  0.96897228890310227     
           9          60  0.96451171966619920     
          11          61  0.95278410016149573     
          12          62  0.95070941085351746     
          19          63  0.96590907953858618     
          20          64  0.96848837746961680     
          21          65  0.96852269085336351     
          22          66  0.96623920098431160     
          26          67  0.96505104257051799     
          27          68  0.96943793230932385     
          28          69  0.96813394847255729     
          31          70  0.96808165317778161     
          32          71  0.97060633139226737     
          33          72  0.97145253871939730     
          34          73  0.97078607691686580     
          35          74  0.96878985464472545     
          36          75  0.96538776315611008     
          38          76  0.91416245415804853     
          40          77  0.85307790530915828     
          45          78  0.96554695824109116     
          48          79  0.96813861260929168     
          49          80  0.97068711308487310     
          50          81  0.97154219347319182     
          51          82  0.97087485295161136     
          52          83  0.96873786751787061     
          53          84  0.96817000082678151     
          54          85  0.96948085559849151     
          55          86  0.96722980076146436     
