   -0.03337243
   -0.03425690
    0.01403230
   -0.03392187
   -0.02874793
   -0.02821792
   -0.03219266
    0.01794667
   -0.03308242
    0.00657314
    0.04581259
    0.04763878
    0.00622160
   -0.04341198
    0.01620115
   -0.03366293
   -0.02977287
   -0.02988186
   -0.03463676
    0.01364980
   -0.03310967
   -0.03063935
   -0.11719791
    0.27287178
   -0.02843303
   -0.00229108
    0.00142747
   -0.04157645
   -0.02910913
   -0.02762237
   -0.02464275
   -0.03312442
   -0.03657185
   -0.02581940
   -0.02297139
   -0.01794385
   -0.41903731
    0.08679565
    0.34763128
   -0.35825675
   -0.33928550
   -0.11642717
    0.27365966
   -0.03204776
   -0.03659750
   -0.03699330
   -0.03126246
   -0.03072886
    0.01631914
    0.00414997
   -0.03272915
   -0.02764472
   -0.02812639
   -0.02544205
   -0.02723482
   -0.41514961
    0.01823284
    0.03316209
    0.03225087
    0.03271722
    0.03371887
    0.03677061
    0.04161247
    0.06498900
    0.05768686
    0.05584432
    0.03975913
    0.03052035
    0.02987578
    0.03135178
    0.03641102
    0.03239021
    0.01853530
    0.03356019
    0.03568305
    0.03915059
    0.04676272
    0.03842174
    0.04179915
    0.04664745
    0.05065492
    0.03021676
    0.32880095
    0.02822252
    0.03485640
    0.03857474
    0.04525809
    0.05126395
    0.03370863
    0.03155948
    0.03392199
    0.03735154
