           1           2   1.5652000066686931     
           2           3   1.2754192535981028     
           3           4   1.2823196015532590     
           4           5   1.5556249125787571     
           5           6   1.3212967286555948     
           4           7  0.11812262485551213     
           6           7   1.5574431390715384     
           3           8   1.2511398020997782     
           7           8   1.2790374415333712     
           2           9  0.11386599023577673     
           8           9   1.2810097079112672     
           1          10   1.2928235268033270     
           9          10   1.5281018605859029     
          10          11  0.98707276132096000     
          11          12  0.95767690961585750     
          12          13  0.98572772965266187     
          13          14   1.5250722610648686     
          14          15   1.2834838928912919     
          15          16   1.2773585556892502     
          16          17   1.5591472989060247     
          17          18   1.3196986627083032     
          16          19  0.11838275738067204     
          18          19   1.5573215067497570     
          15          20   1.2510521467506408     
          19          20   1.2805846263437395     
          14          21  0.11608346923995549     
          20          21   1.2777168759504065     
          13          22   1.2971333154294034     
          21          22   1.5608819787307153     
          12          23  0.95100394259321352     
          23          24   1.2034882130322671     
          24          25  0.95988539893073754     
          25          26   1.3573163785496993     
          26          27   1.0419904950745507     
          27          28   1.3804995166028367     
          28          29   1.4505166590417036     
          27          30  0.10499043939590082     
          29          30   1.4328760340323221     
          28          31  0.10829320488967871     
          30          31   1.4352948507222887     
          27          32   1.3890988157945421     
          29          32  0.10805466857098123     
          31          32   1.4476326395558932     
          26          33   1.3906714762973638     
          25          34  0.10490241931803648     
          33          34   1.4488556455730743     
          26          35  0.10364781390695262     
          34          35   1.4311659042683385     
          25          36   1.4090254723913143     
          33          36  0.10695314156047235     
          35          36   1.4403371751349894     
          23          37  0.18936515744770507     
          24          37   1.6903640575239749     
          23          38  0.98991610200117441     
          38          39  0.89949459316246938     
          39          40   1.1407827323749291     
          39          41   1.8047621372459388     
          40          41  0.16888935307409986     
          11          42  0.95049269841502360     
          38          42  0.98980154588238223     
          42          43   1.2047824762443575     
          43          44  0.95407881064147282     
          44          45   1.4043033520477735     
          45          46   1.4426700586822985     
          44          47  0.10495071175242290     
          46          47   1.4244258430495902     
          45          48  0.10857742344292259     
          47          48   1.4571609382397976     
          44          49   1.3669232022864983     
          46          49  0.10391101841230405     
          48          49   1.3840525521185998     
          49          50   1.0387656210370324     
          50          51   1.3944950623487327     
          51          52   1.4464439488148644     
          50          53  0.10597012312980997     
          52          53   1.4378692147959127     
          51          54  0.10953453709071494     
          53          54   1.4346784654050697     
          50          55   1.3886823423177692     
          52          55  0.10983303009865998     
          54          55   1.4499999799925605     
          42          56  0.19085870068169275     
          43          56   1.6985346355031270     
           1          57  0.96657389735381949     
           2          58  0.96774073557281159     
           4          59  0.96842879575893470     
           5          60  0.97101408637190556     
           6          61  0.97087018482403220     
           7          62  0.96809702632921291     
           9          63  0.96499318867942918     
          11          64  0.95512341003287093     
          12          65  0.95353969376881620     
          14          66  0.95771270383140816     
          16          67  0.96785830764412772     
          17          68  0.97104961711927706     
          18          69  0.97117560119735513     
          19          70  0.96848208352001863     
          21          71  0.96781124596049051     
          22          72  0.96784812512608887     
          28          73  0.96703381187813642     
          29          74  0.97030384008295700     
          30          75  0.97090703387935728     
          31          76  0.97021069894345124     
          32          77  0.96571824626597680     
          33          78  0.96754413770238956     
          34          79  0.96995375782071069     
          35          80  0.96930020450523058     
          36          81  0.96804057640115604     
          38          82  0.92863808264652969     
          40          83  0.85787094944867026     
          45          84  0.96823906446199515     
          46          85  0.96992366249560658     
          47          86  0.97019391113495668     
          48          87  0.96752301379833483     
          51          88  0.96635003602161529     
          52          89  0.97054656483818502     
          53          90  0.97140087108415407     
          54          91  0.97045887727301361     
          55          92  0.96843575186465269     
