   -0.03305607
   -0.02746621
   -0.02566255
   -0.03396807
    0.00868401
    0.01446601
   -0.03459894
   -0.02896063
   -0.03362323
   -0.00632195
    0.03999855
    0.04491535
   -0.00148916
   -0.03228125
   -0.02940516
   -0.03620788
    0.01536165
    0.00813816
   -0.03601538
   -0.02843190
   -0.02899947
   -0.03413085
   -0.12248880
    0.27444593
   -0.02135955
   -0.01800569
   -0.03240453
    0.01512733
   -0.01432868
   -0.10352780
   -0.10295531
   -0.03160202
   -0.03094321
   -0.41878546
    0.09443107
    0.35440444
   -0.35839532
   -0.38813704
   -0.11203439
    0.27276244
   -0.01638450
   -0.02196307
   -0.03187065
    0.01429603
   -0.01430462
   -0.10362228
   -0.10352988
   -0.03722910
   -0.02996370
   -0.43657073
    0.03527438
    0.03586116
    0.03569403
    0.03305006
    0.03857740
    0.03469263
    0.03071648
    0.04828510
    0.07270789
    0.03142018
    0.03608987
    0.03636211
    0.02872733
    0.03170636
    0.03339024
    0.03501467
    0.04201570
    0.03819833
    0.03353346
    0.03623255
    0.03696743
    0.03915942
    0.03757918
    0.03454242
    0.03837910
    0.03966308
    0.02825244
    0.09497422
    0.34116444
    0.04010405
    0.03932041
    0.03300857
    0.03971789
    0.03554181
    0.03900542
    0.03394536
    0.03909192
    0.03819262
    0.03439845
    0.03343588
