           1           2   1.5562390159057329     
           2           3   1.3230296595196818     
           1           4  0.11804626285510110     
           3           4   1.5531011634414855     
           4           5   1.2842482444803742     
           1           6   1.2804076569527032     
           5           6   1.2517166188907753     
           6           7   1.2789987067306996     
           7           8   1.5506669729181497     
           8           9   1.3284433644875921     
           5          10   1.2516008323255450     
           7          10  0.11453989391593999     
           9          10   1.5165434628025343     
          10          11  0.99537053518776664     
          11          12  0.94164725988126630     
          12          13  0.98821964891560721     
          13          14   1.5305451303124711     
          14          15   1.3209599503634324     
          13          16  0.11430868969984950     
          15          16   1.5576212330087376     
          16          17   1.2762971600737347     
          13          18   1.2481472636843027     
          17          18   1.2546907073385245     
          18          19   1.2857140751773430     
          19          20   1.5521565625430509     
          20          21   1.3243984461475797     
          17          22   1.2808905496529683     
          19          22  0.11845889932421312     
          21          22   1.5552852244798987     
          12          23  0.96543102330655606     
          23          24   1.1889783050929101     
          24          25  0.96173552887894964     
          25          26   1.4087856173942774     
          26          27   1.4419182365299839     
          25          28  0.10732060259833770     
          27          28   1.4159531279083342     
          28          29  0.99932694493097529     
          29          30  0.99791385015926792     
          29          31  0.99606541808295246     
          26          32  0.10969164243015239     
          28          32   1.4054301760303785     
          25          33   1.3958432043875875     
          27          33  0.10837625195585480     
          32          33   1.4516263088239441     
          23          34  0.18662067909445107     
          24          34   1.7041712501705761     
          23          35  0.98375177609343278     
          35          36  0.91132099072504902     
          36          37   1.1553501198165288     
          36          38   1.7788254984902103     
          37          38  0.18221936782038348     
          11          39  0.96354934674734716     
          35          39  0.98920268108540732     
          39          40   1.2023462942806709     
          40          41  0.97431714722463858     
          41          42   1.3957978640422699     
          42          43   1.4545132833102081     
          41          44  0.10594808693082572     
          43          44   1.4053306266573944     
          44          45  0.99971699621147103     
          45          46  0.99627807426726156     
          45          47  0.99725550651875305     
          42          48  0.10616394431531302     
          44          48   1.4105652408955247     
          41          49   1.3990125934642075     
          43          49  0.10823517006908609     
          48          49   1.4480074363227289     
          39          50  0.18656870948685056     
          40          50   1.6783612943819777     
           1          51  0.96794946214657585     
           2          52  0.97058098784452784     
           3          53  0.97073092184891840     
           4          54  0.96427994925104987     
           7          55  0.96754659060537906     
           8          56  0.96936921261915399     
           9          57  0.96710334021410083     
          11          58  0.95331738568515156     
          12          59  0.94513546421595007     
          14          60  0.96391327634110813     
          15          61  0.97031675539707007     
          16          62  0.96787407439222584     
          19          63  0.96220482804791330     
          20          64  0.97100305009878385     
          21          65  0.97070684645607097     
          22          66  0.96803445691314882     
          26          67  0.96943023531315398     
          27          68  0.96699592913075005     
          29          69  0.96775069318479745     
          30          70  0.98730668407093891     
          30          71  0.98575278422656454     
          30          72  0.98492039622212779     
          31          73  0.98553909947670715     
          31          74  0.98751675394373162     
          31          75  0.98554294456579372     
          32          76  0.96560351993042992     
          33          77  0.96897655188498044     
          35          78  0.92718380972126901     
          37          79  0.85753792369951620     
          42          80  0.96923823698510136     
          43          81  0.96554576234951339     
          45          82  0.96784564001302364     
          46          83  0.98523899930919623     
          46          84  0.98741646504851377     
          46          85  0.98533937982187225     
          47          86  0.98595181512108943     
          47          87  0.98546266111417502     
          47          88  0.98508774100534624     
          48          89  0.96733048749433170     
          49          90  0.96926491678433446     
