   -0.03386334
   -0.03048768
   -0.02985994
   -0.03507595
    0.00972577
    0.01579003
   -0.03541884
   -0.02600821
   -0.03205909
    0.00187704
    0.05275801
    0.04351152
   -0.00610823
   -0.03300451
   -0.02754639
   -0.03422078
    0.01513875
    0.00825265
   -0.03454288
   -0.02504584
   -0.02605786
   -0.03250744
   -0.11668319
    0.26961097
   -0.01762023
   -0.05154557
   -0.00951891
   -0.05704721
   -0.05864694
   -0.05801851
   -0.05772144
    0.01772746
   -0.00038588
   -0.47221777
    0.08466433
    0.35027434
   -0.36751892
   -0.36515600
   -0.12446650
    0.27589893
   -0.02345795
   -0.06169584
   -0.01184357
    0.01600496
   -0.05824684
   -0.05728498
   -0.05780535
   -0.05555637
    0.01385333
   -0.41900528
    0.03420488
    0.03117921
    0.02842632
    0.02129026
    0.03565141
    0.04061744
    0.05787538
    0.05816339
    0.04870592
    0.03132688
    0.03815539
    0.03698069
    0.02854914
    0.03771910
    0.03787085
    0.03510539
    0.03808638
    0.04747520
    0.04213157
    0.03795965
    0.03751313
    0.03899624
    0.04227706
    0.05130939
    0.05022911
    0.06146715
    0.36495935
    0.02385478
    0.04937022
    0.05022068
    0.03537061
    0.04160387
    0.03322415
    0.03733122
    0.03987181
    0.04308897
