           1           2   1.5563759389409932     
           2           3   1.3226948048772516     
           1           4  0.11810489629797383     
           3           4   1.5536615020845397     
           4           5   1.2839389136177441     
           1           6   1.2803744349113764     
           5           6   1.2518897759834664     
           6           7   1.2787862408153026     
           7           8   1.5546143256357108     
           8           9   1.3245623030389713     
           5          10   1.2529241833699254     
           7          10  0.11416974002757495     
           9          10   1.5260808549609406     
          10          11  0.98576523619913348     
          11          12  0.94567347993009410     
          12          13  0.99344224948622839     
          13          14   1.5146441804117787     
          14          15   1.3288406724183257     
          13          16  0.11430675498985805     
          15          16   1.5495429832514342     
          16          17   1.2795141068603746     
          13          18   1.2529675761386800     
          17          18   1.2510603090766210     
          18          19   1.2830147304198021     
          19          20   1.5541075736405872     
          20          21   1.3220687079600302     
          17          22   1.2798086204429289     
          19          22  0.11785278543491305     
          21          22   1.5567257047093974     
          12          23  0.95804293338876167     
          23          24   1.2429223275203585     
          24          25   1.0343105005982909     
          25          26   1.5467469481976013     
          26          27   1.2689196334461763     
          27          28   1.0079127077441536     
          28          29   1.0056764039151787     
          29          30   1.0094668534361380     
          30          31   1.0000695706705665     
          25          32  0.10450096556449216     
          27          32   1.5459130721084078     
          31          32   1.0267515926316930     
          25          33   1.1380803683594765     
          26          33  0.10363997873259577     
          32          33   1.1731066049505654     
          23          34  0.17747918482163572     
          24          34   1.5649633672629844     
          23          35  0.96708251179704274     
          35          36  0.88944444469739792     
          36          37   1.2028618804075928     
          36          38   1.7757475595721186     
          37          38  0.18192451437369139     
          11          39  0.96096675656448771     
          35          39   1.0013110262424048     
          39          40   1.1775771674881879     
          40          41   1.0016828056252791     
          41          42   1.5642486656086687     
          42          43   1.2610784703787246     
          41          44  0.10527914747372710     
          43          44   1.5530524569558037     
          44          45   1.0252006999765160     
          45          46   1.0005301783888914     
          46          47   1.0092915693674902     
          43          48   1.0075976044962696     
          47          48   1.0064488771469504     
          41          49   1.1527642336689936     
          42          49  0.10150258069186950     
          44          49   1.1748461966938648     
          39          50  0.18358506203914576     
          40          50   1.6846508841571044     
           1          51  0.96802999938307699     
           2          52  0.97083931882761387     
           3          53  0.97125560819656021     
           4          54  0.96211469261177740     
           7          55  0.96783819211618749     
           8          56  0.96995049998831906     
           9          57  0.96008119538007330     
          11          58  0.94736182964908822     
          12          59  0.95116246693118067     
          14          60  0.96713923306838656     
          15          61  0.96977952419027946     
          16          62  0.96749679923322407     
          19          63  0.96572164877324185     
          20          64  0.97062082666126437     
          21          65  0.97044244188939222     
          22          66  0.96784671001364431     
          26          67  0.96308000943679462     
          28          68  0.96021919330352334     
          28          69  0.96810410379449785     
          29          70  0.97711277158591037     
          29          71  0.97744203137461927     
          30          72  0.97696842719023413     
          30          73  0.97776550553560559     
          31          74  0.96534163701726228     
          31          75  0.95564392038482993     
          35          76  0.93260133263368250     
          37          77  0.77146034782392259     
          42          78  0.96155613396520889     
          45          79  0.95728191238715465     
          45          80  0.96597739366276092     
          46          81  0.97736103677472508     
          46          82  0.97787643857513984     
          47          83  0.97794726548374067     
          47          84  0.97812191530120052     
          48          85  0.96850792657697782     
          48          86  0.96153486970104207     
