   -0.03970555
   -0.03647413
    0.01068685
   -0.03551338
   -0.02932073
   -0.02905595
   -0.03394567
    0.01401506
   -0.03938675
   -0.00307843
    0.03550223
    0.04134681
    0.00552156
   -0.03774117
    0.01724414
   -0.03312664
   -0.02866413
   -0.02913356
   -0.03337258
    0.01447284
   -0.03224919
   -0.02809983
   -0.12188501
    0.27687080
   -0.02173696
   -0.02320650
   -0.03245813
    0.01154639
   -0.01356095
   -0.10297648
   -0.10384280
   -0.03880244
   -0.03446329
   -0.41637839
    0.09138573
    0.35127763
   -0.36186549
   -0.38273155
   -0.11669733
    0.27396847
   -0.02268388
   -0.02293320
   -0.03625541
    0.01556634
   -0.01427088
   -0.10320156
   -0.10171797
   -0.03328909
   -0.03817457
   -0.41821409
    0.04136083
    0.03878085
    0.03334719
    0.03241817
    0.03318187
    0.03753086
    0.04837400
    0.08105099
    0.06666310
    0.03616527
    0.03433261
    0.03203932
    0.03152457
    0.03244239
    0.03356489
    0.01874849
    0.05388580
    0.04106363
    0.03131096
    0.03878272
    0.03098491
    0.03920840
    0.03999905
    0.03802731
    0.03614331
    0.02899092
    0.02657206
    0.07075129
    0.34226264
    0.04711260
    0.03771780
    0.03444190
    0.04006650
    0.03849881
    0.03614358
    0.03411580
    0.03658628
    0.03888487
    0.03701475
    0.04071748
