           1           2   1.5520134721468086     
           2           3   1.2831142753529727     
           3           4   1.2780466551060004     
           4           5   1.5597720434282791     
           5           6   1.3173757428384154     
           4           7  0.11857691747806981     
           6           7   1.5616382837982812     
           3           8   1.2481719612972826     
           7           8   1.2745253225152136     
           2           9  0.11713286980851849     
           8           9   1.2897494130091305     
           1          10   1.3023755387402227     
           9          10   1.5170280693727294     
          10          11  0.98521314131273385     
          11          12  0.95982762742002270     
          12          13  0.98731389944510650     
          13          14   1.5248955246066880     
          14          15   1.2832974784288596     
          15          16   1.2780231161793882     
          16          17   1.5583825101403330     
          17          18   1.3203757943080408     
          16          19  0.11824998559442565     
          18          19   1.5567054539029921     
          15          20   1.2505268117993360     
          19          20   1.2813218989449078     
          14          21  0.11506865429410473     
          20          21   1.2772913323882273     
          13          22   1.2958434039225704     
          21          22   1.5625021241138752     
          12          23  0.95750041402672104     
          23          24   1.1997791319998508     
          24          25  0.95717481608113797     
          25          26   1.4071253328747604     
          26          27   1.4479701249521357     
          25          28  0.10736694080545317     
          27          28   1.4099502530091819     
          28          29  0.99904217465818657     
          29          30  0.99646809564988270     
          29          31  0.99778567222544079     
          26          32  0.10754650696082764     
          28          32   1.4110080276392427     
          25          33   1.3994987899295630     
          27          33  0.11029139912014811     
          32          33   1.4457647833885054     
          23          34  0.18945394553983003     
          24          34   1.7041524354260777     
          23          35  0.98199902165578268     
          35          36  0.91369221047599192     
          36          37   1.1497186859077235     
          36          38   1.7826156714681354     
          37          38  0.17973393079032932     
          11          39  0.94938470391282526     
          35          39  0.99967742233545420     
          39          40   1.1816090051709682     
          40          41  0.97600619804681787     
          41          42   1.3992363907158252     
          42          43   1.4471874962277513     
          41          44  0.10489034371776192     
          43          44   1.4117389758099859     
          44          45   1.0000567916024732     
          45          46  0.99426569857158786     
          45          47  0.99869283984145241     
          42          48  0.10771447117674862     
          44          48   1.4039243984192580     
          41          49   1.3889644735594275     
          43          49  0.10651789732587240     
          48          49   1.4549821823178295     
          39          50  0.18235130508170277     
          40          50   1.6995884034192610     
           1          51  0.96340599360125223     
           2          52  0.96778782776803984     
           4          53  0.96833714344052513     
           5          54  0.97100412008905235     
           6          55  0.97088962506687859     
           7          56  0.96806008047188385     
           9          57  0.96505320749883150     
          11          58  0.94971149183337411     
          12          59  0.94988255175622938     
          14          60  0.96559720323703102     
          16          61  0.96826384808215038     
          17          62  0.97099250725201425     
          18          63  0.97107996283343001     
          19          64  0.96842046824844386     
          21          65  0.96804332603949828     
          22          66  0.96515511517356734     
          26          67  0.96787769734305940     
          27          68  0.96560328259658268     
          29          69  0.96700634828942766     
          30          70  0.98550130155988314     
          30          71  0.98695663006675294     
          30          72  0.98540011411044293     
          31          73  0.98493208138667732     
          31          74  0.98559054297696436     
          31          75  0.98730748220157016     
          32          76  0.96571490762247003     
          33          77  0.96781124383225459     
          35          78  0.92031825128010525     
          37          79  0.85627699545270275     
          42          80  0.96791052945152933     
          43          81  0.96711507091411186     
          45          82  0.96754264261144196     
          46          83  0.98500496820628747     
          46          84  0.98574810694269477     
          46          85  0.98737278165605713     
          47          86  0.98421901597008454     
          47          87  0.98424628663851865     
          47          88  0.98566151273477076     
          48          89  0.96582819214413451     
          49          90  0.96626997195873277     
