   -0.02769395
   -0.03244017
    0.01379944
   -0.03397008
   -0.02986739
   -0.03004548
   -0.03490657
    0.01392385
   -0.04290407
    0.00479434
    0.04364797
    0.04015849
   -0.00375344
   -0.03549750
    0.01630839
   -0.03253496
   -0.02856870
   -0.02882552
   -0.03506193
    0.01268267
   -0.03552102
   -0.03860559
   -0.11545130
    0.27464424
   -0.03018973
    0.01554344
   -0.05432972
   -0.09812477
   -0.03090910
   -0.02388306
   -0.03039108
   -0.02822595
   -0.42367396
    0.09776298
    0.35341296
   -0.35411549
   -0.39179070
   -0.11897369
    0.27379666
   -0.03139050
   -0.02641527
   -0.02522698
   -0.02446888
   -0.03590415
    0.01440508
   -0.05431652
   -0.10099095
   -0.42310107
    0.04194360
    0.03822893
    0.03298432
    0.03078819
    0.03005063
    0.03056584
    0.04269456
    0.06544848
    0.07514507
    0.05308857
    0.03887309
    0.03342196
    0.03230911
    0.03252320
    0.03472537
    0.02738914
    0.02640634
    0.03854354
    0.03889958
    0.03548907
    0.04882697
    0.04036050
    0.03976057
    0.03632967
    0.03476384
    0.05197023
    0.34377889
    0.02919296
    0.04032140
    0.03885055
    0.03592222
    0.03043224
    0.03599501
    0.06037439
    0.03552870
    0.03526199
