           1           2   1.5594264101345681     
           2           3   1.2787719460874298     
           3           4   1.2804101567977630     
           4           5   1.5576711807729178     
           5           6   1.3194989036838654     
           4           7  0.11816399367976847     
           6           7   1.5589692550211569     
           3           8   1.2501230268898931     
           7           8   1.2775795166771700     
           2           9  0.11587383552662160     
           8           9   1.2837211716080656     
           1          10   1.2991120575988047     
           9          10   1.5236705469833534     
          10          11  0.98531036423506646     
          11          12  0.97141565445741507     
          12          13  0.98392977319188579     
          13          14   1.5246731975171139     
          14          15   1.2825276367170417     
          15          16   1.2776908752325062     
          16          17   1.5586390862571367     
          17          18   1.3202265577719503     
          16          19  0.11838221204458481     
          18          19   1.5569699031984370     
          15          20   1.2511247470909124     
          19          20   1.2807449445731116     
          14          21  0.11482218236840966     
          20          21   1.2771732739792474     
          13          22   1.2947551206538277     
          21          22   1.5608206392618507     
          12          23  0.94231220065358834     
          23          24   1.2044242506787641     
          24          25  0.96078452809476500     
          25          26   1.3716309453878082     
          26          27   1.0140211187742469     
          27          28  0.99859154764580438     
          26          29   1.4160256914615701     
          25          30  0.10703020325341281     
          29          30   1.4427894391832083     
          26          31  0.10748392694981070     
          30          31   1.4350732003074411     
          25          32   1.4059017422732039     
          29          32  0.10820840071825373     
          31          32   1.4415583147716793     
          23          33  0.18750927242905227     
          24          33   1.6899014865539468     
          23          34  0.98903209968933337     
          34          35  0.91544380115473256     
          35          36   1.1537140006821087     
          35          37   1.7720570432766987     
          36          37  0.17912508841197311     
          11          38  0.94610588131276241     
          34          38  0.98215164238371988     
          38          39   1.2081526652693195     
          39          40  0.95877806910161878     
          40          41   1.4087884185109734     
          41          42   1.4428606778072299     
          40          43  0.10696053788147997     
          42          43   1.4327190316092022     
          41          44  0.10885148638702992     
          43          44   1.4456064167304190     
          40          45   1.3713642503932277     
          42          45  0.10700418101162548     
          44          45   1.4131034024970268     
          45          46   1.0143702699980832     
          46          47  0.99804912710639770     
          38          48  0.19017554940815357     
          39          48   1.6889937954186123     
           1          49  0.96698613164846980     
           2          50  0.96767674892725775     
           4          51  0.96838623035313498     
           5          52  0.97111683223380385     
           6          53  0.97111948543021342     
           7          54  0.96843895499795618     
           9          55  0.96218285809170490     
          11          56  0.95262616331456706     
          12          57  0.95418831014467176     
          14          58  0.96350518648339734     
          16          59  0.96794142564012864     
          17          60  0.97086091416530929     
          18          61  0.97101048638861909     
          19          62  0.96841206709225514     
          21          63  0.96806022560754623     
          22          64  0.96676712416526078     
          27          65  0.96502044465692660     
          27          66  0.97557794560872146     
          28          67  0.98857602792259502     
          28          68  0.98591155169655653     
          28          69  0.98545691837189731     
          29          70  0.96736818132668001     
          30          71  0.97058587619991044     
          31          72  0.97017576487458479     
          32          73  0.96955594294243619     
          34          74  0.93711898993988252     
          36          75  0.85461600549652594     
          41          76  0.96983396565830371     
          42          77  0.96994742432425507     
          43          78  0.97063661556353076     
          44          79  0.96777195375562497     
          46          80  0.97510565823857931     
          46          81  0.96643779488985015     
          47          82  0.98217759512490088     
          47          83  0.98854009288531586     
          47          84  0.98613511580278823     
