   -0.03119262
   -0.03251378
    0.01519265
   -0.03341071
   -0.02822837
   -0.02770049
   -0.03242197
    0.01854885
   -0.03443447
    0.01264518
    0.04750078
    0.04640556
    0.00914240
   -0.04023932
    0.01740685
   -0.03304901
   -0.02897919
   -0.02905249
   -0.03410002
    0.01450720
   -0.03247240
   -0.03233320
   -0.10228293
    0.26414149
    0.09574396
   -0.03850671
   -0.04115342
    0.13012613
    0.10887588
   -0.18928345
   -0.20104439
   -0.41024938
    0.07878396
    0.35482897
   -0.35393182
   -0.34861100
   -0.11144790
    0.26130775
    0.09240149
   -0.03645067
   -0.03928265
    0.12727371
    0.10559089
   -0.17785983
   -0.21210453
   -0.40682580
    0.02269964
    0.03765082
    0.03443855
    0.03429815
    0.03495601
    0.03671196
    0.03864992
    0.05986718
    0.05771364
    0.05539837
    0.03923607
    0.03260305
    0.03179632
    0.03277652
    0.03791454
    0.03014431
    0.07936134
    0.06640812
    0.06391923
    0.33808177
    0.08397897
    0.07013434
