           1           2   1.5663211329709383     
           2           3   1.2746961394369614     
           3           4   1.2826021601611237     
           4           5   1.5554163027283268     
           5           6   1.3215035356055931     
           4           7  0.11813312759486445     
           6           7   1.5572215795788626     
           3           8   1.2513890423849539     
           7           8   1.2791265285277986     
           2           9  0.11329936435542495     
           8           9   1.2808983622709782     
           1          10   1.2906795542885559     
           9          10   1.5264323886384552     
          10          11  0.99241609546828080     
          11          12  0.95214183782940376     
          12          13  0.98798440631279028     
          13          14   1.5243824949156231     
          14          15   1.2832023413453015     
          15          16   1.2776921815758087     
          16          17   1.5588675919783661     
          17          18   1.3199217472918297     
          16          19  0.11835982357989384     
          18          19   1.5571504955045485     
          15          20   1.2507346899057110     
          19          20   1.2808193665165135     
          14          21  0.11582195292386288     
          20          21   1.2777068968068912     
          13          22   1.2957825776930918     
          21          22   1.5610629909106770     
          12          23  0.95185599444260671     
          23          24   1.2038955886598341     
          24          25   1.0112642488193926     
          25          26   1.5072085554669967     
          26          27   1.3481469791635972     
          25          28  0.12465413589734735     
          27          28   1.4759600301974525     
          28          29   1.1089820442163545     
          29          30   2.7991344654390975     
          25          31   1.1116927692161336     
          28          31   1.0840824958227246     
          23          32  0.19580939669575137     
          24          32   1.6589591133634918     
          23          33  0.99582310719891021     
          33          34  0.88488933110833079     
          34          35   1.1624584961793967     
          34          36   1.7977953819896446     
          35          36  0.17127982137922201     
          11          37  0.94860921131226983     
          33          37  0.97945098544724774     
          37          38   1.2034074405791930     
          38          39   1.0089867476196055     
          39          40   1.5199454720167360     
          40          41   1.3377691079523157     
          39          42  0.12653130353694086     
          41          42   1.4890109058971455     
          42          43   1.1080241036279863     
          43          44   2.8028222851179616     
          39          45   1.0962657418159976     
          42          45   1.0710556605685349     
          37          46  0.19341899381977160     
          38          46   1.6581250372048562     
           1          47  0.96870920320301024     
           2          48  0.96784985800016998     
           4          49  0.96829385193381257     
           5          50  0.97090696403684695     
           6          51  0.97079332166640031     
           7          52  0.96810486814942154     
           9          53  0.96536701397399671     
          11          54  0.95133899693630330     
          12          55  0.95086197964447816     
          14          56  0.95927021130141521     
          16          57  0.96788287435009779     
          17          58  0.97093595567466373     
          18          59  0.97105892728003140     
          19          60  0.96838758902107136     
          21          61  0.96769911814043141     
          22          62  0.96817116969845618     
          26          63  0.96879938543909860     
          27          64  0.97171148965483189     
          33          65  0.93986626297799258     
          35          66  0.83910292859007485     
          40          67  0.96767449447291731     
          41          68  0.97093990379809647     
