   -0.03326738
   -0.03228332
    0.01510305
   -0.03413628
   -0.02826089
   -0.02808534
   -0.03371707
    0.01651805
   -0.04262784
   -0.00273423
    0.03897509
    0.04138724
    0.00554468
   -0.03360026
    0.01717157
   -0.03245003
   -0.02869964
   -0.02900751
   -0.03443350
    0.01350788
   -0.03501869
   -0.03699631
   -0.10804580
    0.27676536
   -0.02632001
    0.07912488
   -0.15032726
   -0.02657112
   -0.02122909
   -0.02684516
   -0.02552826
   -0.41088245
    0.09429504
    0.35321739
   -0.35504779
   -0.40087092
   -0.10370688
    0.27693728
   -0.02679914
   -0.02514471
   -0.02863426
   -0.02098214
   -0.02621990
    0.08126796
   -0.15522853
   -0.41255919
    0.04601814
    0.03866580
    0.03329708
    0.03208805
    0.03419191
    0.04270382
    0.04124654
    0.07727808
    0.06983184
    0.04203458
    0.03638483
    0.03264772
    0.03150949
    0.03140203
    0.03268821
    0.03753568
    0.06258166
    0.05222872
    0.04739755
    0.04738632
    0.07585347
    0.34228645
    0.05106233
    0.04855657
    0.05372493
    0.06584359
