           1           2   1.5608792515017127     
           2           3   1.2782121704176326     
           3           4   1.2800070906158880     
           4           5   1.5575979297551836     
           5           6   1.3198545424733419     
           4           7  0.11870252877209363     
           6           7   1.5589121588163344     
           3           8   1.2510351957032573     
           7           8   1.2772706168714165     
           2           9  0.11533066425176278     
           8           9   1.2823713546714450     
           1          10   1.2960215351112301     
           9          10   1.5257121074322986     
          10          11  0.98194407732454791     
          11          12  0.96643296744209095     
          12          13  0.98735099109582758     
          13          14   1.5270624292667792     
          14          15   1.2818122493128494     
          15          16   1.2784893858436130     
          16          17   1.5579404594266766     
          17          18   1.3208613810920651     
          16          19  0.11825421187834417     
          18          19   1.5562728210592427     
          15          20   1.2512396478095134     
          19          20   1.2815818221265345     
          14          21  0.11446003022240558     
          20          21   1.2763447207562240     
          13          22   1.2947250301073223     
          21          22   1.5639333242677891     
          12          23  0.94572434025251240     
          23          24   1.2221186392112182     
          24          25  0.95033999637718980     
          25          26   1.3834504991820611     
          26          27  0.98065723777962177     
          26          28   1.4150683069899430     
          25          29  0.10733264378212055     
          28          29   1.4375048698170305     
          26          30  0.10018595201358571     
          29          30   1.4332808798024494     
          25          31   1.3992432065861256     
          28          31  0.10856990099681721     
          30          31   1.4433737954575705     
          23          32  0.19898619302128090     
          24          32   1.6961330800232748     
          23          33  0.97915822729650770     
          33          34  0.91932439691848522     
          34          35   1.1556321730465979     
          34          36   1.7650798505748426     
          35          36  0.17880863450779252     
          11          37  0.94140528735588291     
          33          37  0.98777285871987863     
          37          38   1.2202344607834068     
          38          39  0.95442863355321794     
          39          40   1.3983620102231458     
          40          41   1.4440201476605379     
          39          42  0.10611773428564061     
          41          42   1.4318606046120850     
          40          43  0.10771750766615018     
          42          43   1.4382126793195900     
          39          44   1.3763584758452656     
          43          44   1.4126071730651548     
          44          45  0.98702894793647122     
          37          46  0.19663520866809095     
          38          46   1.6915014191052744     
           1          47  0.96685874916141556     
           2          48  0.96758092402070028     
           4          49  0.96839383368293053     
           5          50  0.97099668479575185     
           6          51  0.97082185942470400     
           7          52  0.96651495640603347     
           9          53  0.96005137670364082     
          11          54  0.95355923166685364     
          12          55  0.95181705856357579     
          14          56  0.96463959463748494     
          16          57  0.96813164977098642     
          17          58  0.97093672546200516     
          18          59  0.97106942029743148     
          19          60  0.96848780786778743     
          21          61  0.96818122290845010     
          22          62  0.96547916486709140     
          28          63  0.96666011775575988     
          29          64  0.96817002135060481     
          30          65  0.96906946561577878     
          31          66  0.96754452800771196     
          33          67  0.93073500491441030     
          35          68  0.85556449920067579     
          40          69  0.96711623967489402     
          41          70  0.96902911945353731     
          42          71  0.96802197805928125     
          43          72  0.96583014715751858     
