    0.14355731
   -0.26883386
    0.03796492
   -0.06486854
   -0.03075323
   -0.03931633
   -0.03456919
   -0.01610509
    0.04486237
    0.04720774
   -0.00423616
   -0.03425296
   -0.03555376
   -0.02942440
   -0.06101030
    0.14173335
   -0.29536910
    0.03557802
   -0.15271823
    0.27834328
   -0.02124800
   -0.03345067
   -0.02698037
   -0.02484305
   -0.02425576
   -0.02020335
   -0.39966108
    0.07394624
    0.34767773
   -0.36201698
   -0.35649356
   -0.13479111
    0.27303183
   -0.02031926
   -0.03291035
   -0.02691256
   -0.02837506
   -0.02894912
   -0.02527250
   -0.41203272
    0.04740717
    0.03971837
    0.06347672
    0.04049442
    0.03864226
    0.04099782
    0.04370291
    0.07540638
    0.05437610
    0.06337326
    0.04057329
    0.03966350
    0.03987262
    0.04641338
    0.04573203
    0.06000386
    0.03240179
    0.04200268
    0.04208710
    0.04412246
    0.04906226
    0.06628246
    0.35132295
    0.06000275
    0.04217949
    0.03664094
    0.03630574
    0.03955915
