           1           2   1.0605260310185907     
           2           3  0.98100596045127941     
           1           4   1.3793788679231302     
           4           5   1.4375035047754388     
           5           6   1.4416201455287463     
           4           7  0.10325384208417011     
           6           7   1.4280854786818502     
           1           8   1.3258508768919590     
           5           8  0.10598574383996243     
           7           8   1.4347915637946376     
           8           9  0.99525690154829338     
           9          10  0.95852137916556490     
          10          11   1.0003379183771641     
          11          12   1.4458564057422336     
          12          13   1.4153683095568290     
          11          14  0.10739020700257498     
          13          14   1.4558356550600362     
          12          15  0.10135451014850791     
          14          15   1.4203176495367769     
          11          16   1.3174215133994409     
          15          16   1.4035212252402285     
          16          17   1.0347100547876755     
          17          18  0.98084059224266684     
          10          19  0.94064381817487297     
          19          20   1.1555938304004922     
          20          21  0.97034143234746051     
          21          22   1.3942909790837581     
          22          23   1.4476145079979565     
          21          24  0.10834090992336701     
          23          24   1.4350311503232436     
          22          25  0.11063601749216127     
          24          25   1.4398817427152679     
          21          26   1.4019182826024599     
          23          26  0.11015267044210501     
          25          26   1.4432728446231355     
          19          27  0.17155210733913501     
          20          27   1.7325685106445954     
          19          28  0.98538760612323384     
          28          29  0.90675060129685336     
          29          30   1.1672548151903113     
          29          31   1.7905356056854511     
          30          31  0.17383058130097981     
           9          32  0.94789304589599077     
          28          32  0.97921516853075063     
          32          33   1.1859198082325266     
          33          34  0.96840303025655550     
          34          35   1.3999434222702720     
          35          36   1.4444603027021716     
          34          37  0.10861545340709941     
          36          37   1.4386265791628245     
          35          38  0.11157230578560087     
          37          38   1.4379908930390903     
          34          39   1.4009340433732731     
          36          39  0.11132995575199194     
          38          39   1.4444067458249481     
          32          40  0.18346595850964212     
          33          40   1.7091366174537459     
           3          41  0.97686907814832891     
           3          42  0.97630331592847952     
           3          43  0.97919527059037070     
           4          44  0.96525716309897480     
           5          45  0.97083848193961853     
           6          46  0.97054232266360829     
           7          47  0.96516225084449603     
           9          48  0.94998119196298214     
          10          49  0.94210947788447907     
          12          50  0.95838668128576410     
          13          51  0.97056363287353231     
          14          52  0.97086436668675202     
          15          53  0.96532533679071664     
          18          54  0.97713252882006263     
          18          55  0.97688114082023714     
          18          56  0.97931465575813970     
          22          57  0.96906810366686513     
          23          58  0.96987201980444593     
          24          59  0.97066779220318067     
          25          60  0.96949928917426376     
          26          61  0.96866359966683424     
          28          62  0.92485712467734960     
          30          63  0.81964762869215479     
          35          64  0.96520292265854157     
          36          65  0.96985115613021233     
          37          66  0.97103309822217410     
          38          67  0.97005966199857263     
          39          68  0.96947175466969582     
