   -0.03569395
   -0.03414118
    0.01404061
   -0.03376001
   -0.02799590
   -0.02761925
   -0.03226931
    0.01756536
   -0.03353160
    0.00427122
    0.04915178
    0.03781700
   -0.00189321
   -0.04273293
    0.01519521
   -0.03479995
   -0.02721831
   -0.02748089
   -0.03247500
    0.01407571
   -0.03103570
   -0.03283922
   -0.09811134
    0.25908963
    0.07799544
    0.07194705
   -0.09316761
   -0.06514364
    0.08401250
   -0.17231569
   -0.46365849
    0.08291718
    0.35600300
   -0.36644821
   -0.36941054
   -0.11346753
    0.27196267
    0.08105951
    0.07281748
   -0.09854703
   -0.06374401
    0.08329990
   -0.19430284
   -0.40885954
    0.02480091
    0.03648757
    0.03389223
    0.03409845
    0.03506291
    0.03793733
    0.04375721
    0.06841661
    0.06256823
    0.03286038
    0.03432085
    0.03609972
    0.03686408
    0.03844667
    0.04474458
    0.03007517
    0.07643934
    0.07599857
    0.07334640
    0.36872911
    0.07282624
    0.07166909
