           1           2   1.5650204753919972     
           2           3   1.2754297203438332     
           3           4   1.2819830397560739     
           4           5   1.5559301620679016     
           5           6   1.3212447019843050     
           4           7  0.11823849384331073     
           6           7   1.5574790900756916     
           3           8   1.2515079022762268     
           7           8   1.2789767050231411     
           2           9  0.11398290376586377     
           8           9   1.2805139984012757     
           1          10   1.2928920330494942     
           9          10   1.5291871488054607     
          10          11  0.98617424496822703     
          11          12  0.95135376848343634     
          12          13  0.98215927840141160     
          13          14   1.5167693613216582     
          14          15   1.2877689699242507     
          15          16   1.2755752957566988     
          16          17   1.5604382137641575     
          17          18   1.3183982308754203     
          16          19  0.11853493476691912     
          18          19   1.5590309683255434     
          15          20   1.2486540456654909     
          19          20   1.2789504346987162     
          14          21  0.11655511102850537     
          20          21   1.2817694023255979     
          13          22   1.3031481812951600     
          21          22   1.5550681527985717     
          12          23  0.96465632891657893     
          23          24   1.2534681966288883     
          24          25   1.0593219374049079     
          25          26   1.4528769189421580     
          26          27   1.0405549846264870     
          26          28   1.2919891671130397     
          25          29  0.12904687837229978     
          28          29   1.5801258283121067     
          25          30   1.0942218956763128     
          29          30   1.1551295218938920     
          23          31  0.17908546971425399     
          24          31   1.5367345034675415     
          23          32  0.97017374453328986     
          32          33  0.87741056524045591     
          33          34   1.2088420981281716     
          33          35   1.7756908585769022     
          34          35  0.18165913739543726     
          11          36  0.95793964966481104     
          32          36   1.0040458578502864     
          36          37   1.1748491554733136     
          37          38   1.0325975379726891     
          38          39   1.4801019771864772     
          39          40   1.0314880333497016     
          39          41   1.2789712778567537     
          38          42  0.13279973769032771     
          41          42   1.5967461456091574     
          38          43   1.0917204228249617     
          42          43   1.1369495389691193     
          36          44  0.17979058069046064     
          37          44   1.6584471303247448     
           1          45  0.96895088302943311     
           2          46  0.96788611696032989     
           4          47  0.96833138308730593     
           5          48  0.97090388360038316     
           6          49  0.97077558943242226     
           7          50  0.96802537986857695     
           9          51  0.96479692936707517     
          11          52  0.95316568487066056     
          12          53  0.94784667997815020     
          14          54  0.96616093695604732     
          16          55  0.96824520001262537     
          17          56  0.97070743985977859     
          18          57  0.97069310078385573     
          19          58  0.96802965905061589     
          21          59  0.96731425033840135     
          22          60  0.96609532137997145     
          28          61  0.97020725856671497     
          29          62  0.96193044531147942     
          32          63  0.93577645802519860     
          34          64  0.76505717946487328     
          41          65  0.97067966724797716     
          42          66  0.96282362585596071     
