   -0.03292068
   -0.03028993
   -0.03028048
   -0.03986934
    0.00433805
    0.01304898
   -0.03394486
   -0.02885797
   -0.04129322
   -0.01127669
    0.03394762
    0.03912044
    0.00953351
   -0.03443849
   -0.02760079
   -0.03234773
    0.02012537
    0.01778242
   -0.03361353
   -0.02818924
   -0.02875083
   -0.03193078
   -0.11286043
    0.28077991
   -0.03548428
    0.07458960
    0.48918858
   -0.18862397
   -0.18974199
   -0.20881580
   -0.14349389
    0.08325464
   -0.05432726
   -0.38646540
    0.09050244
    0.36613095
   -0.35326622
   -0.38376320
   -0.11339785
    0.27757352
   -0.02809237
    0.08274985
    0.48959804
   -0.18789583
   -0.19105016
   -0.19623448
   -0.14480676
    0.08175689
   -0.05698633
   -0.42442554
    0.04014558
    0.03739237
    0.03727015
    0.03141163
    0.04532368
    0.04918783
    0.05846597
    0.06224801
    0.08109444
    0.03576819
    0.03696865
    0.03888091
    0.02595191
    0.03094331
    0.03362894
    0.03617810
    0.08469698
    0.07078702
    0.07176508
    0.35055682
    0.08131085
    0.07133904
