           1           2   1.5577250389690085     
           2           3   1.3215312100864041     
           1           4  0.11805632129974215     
           3           4   1.5539045307392516     
           4           5   1.2815456599473292     
           1           6   1.2786895946481951     
           5           6   1.2517442641730459     
           6           7   1.2807699148323635     
           7           8   1.5491774512344332     
           8           9   1.3305657082896114     
           5          10   1.2528817223000723     
           7          10  0.11440425007278771     
           9          10   1.5172927793468607     
          10          11  0.99494714499820081     
          11          12  0.95412246399239753     
          12          13  0.99665625296595850     
          13          14   1.5346471521136291     
          14          15   1.3160413917027320     
          13          16  0.11421477946741816     
          15          16   1.5624481546812377     
          16          17   1.2719585291190441     
          13          18   1.2392637986845920     
          17          18   1.2588385532950204     
          18          19   1.2888946369473242     
          19          20   1.5510688546730795     
          20          21   1.3256167558935936     
          17          22   1.2820407688233266     
          19          22  0.11826489169988427     
          21          22   1.5543398118790037     
          12          23  0.93925224202099133     
          23          24   1.2102540219419005     
          24          25  0.95110673036411508     
          25          26   1.5248220230918643     
          26          27  0.95860531365600665     
          27          28  0.95388918152458868     
          27          29  0.95780646420264726     
          27          30  0.94005199745636914     
          26          31   1.1249658726926963     
          26          32  0.14658242091497489     
          31          32   1.1552493080837025     
          25          33   1.2751779056224153     
          32          33   1.5982019836939667     
          23          34  0.19511307805244185     
          24          34   1.7167364298463788     
          23          35  0.98955813340123622     
          35          36  0.90981306224577696     
          36          37   1.1689081509909394     
          36          38   1.7708407052843851     
          37          38  0.18277443352914660     
          11          39  0.94407471431481726     
          35          39  0.96450825827586462     
          39          40   1.2368654754264046     
          40          41  0.97840520973067824     
          41          42   1.5224856824897746     
          42          43  0.95720743098489525     
          43          44  0.96260404108047581     
          43          45  0.94823423433543708     
          43          46  0.94795149379201138     
          42          47   1.1311383238327584     
          42          48  0.14345123028362067     
          47          48   1.1499379094994286     
          41          49   1.2654530567506672     
          48          49   1.6041511117314302     
          39          50  0.19693451007183022     
          40          50   1.6592297213949503     
           1          51  0.96755505348689064     
           2          52  0.97037260468246977     
           3          53  0.97066516768720934     
           4          54  0.95754550103544323     
           7          55  0.96703084775390147     
           8          56  0.96904559847595451     
           9          57  0.95978701147719248     
          11          58  0.94555126592504279     
          12          59  0.93429493779908179     
          14          60  0.96238104922267265     
          15          61  0.97032049723358593     
          16          62  0.96776058512077590     
          19          63  0.96583808293860174     
          20          64  0.97115414609829731     
          21          65  0.97075849079241494     
          22          66  0.96800993472634800     
          32          67  0.96106680565611013     
          33          68  0.97160316226066934     
          35          69  0.94686612043191809     
          37          70  0.85098346429206218     
          48          71  0.96168351086140613     
          49          72  0.97066127500388455     
