   -0.02909843
   -0.02578165
   -0.02842056
   -0.02543582
   -0.03147159
    0.01302653
    0.04618913
    0.04729593
    0.01298301
   -0.03078396
   -0.02691439
   -0.02869790
   -0.02522348
   -0.02833652
   -0.12078705
    0.26900051
   -0.02255963
   -0.03319421
   -0.05714646
    0.03485466
   -0.11094186
   -0.03601728
   -0.41502051
    0.08794908
    0.35015902
   -0.36233792
   -0.38376366
   -0.11071248
    0.27299568
   -0.02389730
   -0.03841078
   -0.05923206
    0.03115486
   -0.11053472
   -0.03646888
   -0.40819537
    0.03205111
    0.03604405
    0.03475800
    0.03629810
    0.04808506
    0.05419167
    0.06172529
    0.03099873
    0.03594521
    0.03634813
    0.03855616
    0.03723870
    0.05585730
    0.04328294
    0.05912262
    0.05600484
    0.06211738
    0.07806426
    0.34212709
    0.04924560
    0.04179922
    0.05756891
    0.06185407
    0.05449160
