           1           2   1.4413079894737015     
           2           3   1.4413874077929643     
           1           4  0.11037478236408733     
           3           4   1.4358729812380140     
           2           5  0.11219617895998989     
           4           5   1.4481364628755131     
           1           6   1.4157535141901831     
           3           6  0.10919191143745836     
           5           6   1.4089093163863857     
           6           7  0.98954396221203811     
           7           8  0.95385231230213718     
           8           9  0.98974304802707491     
           9          10   1.4107821973964789     
          10          11   1.4468159392786732     
           9          12  0.10941513403251686     
          11          12   1.4369513471817037     
          10          13  0.11159976518925818     
          12          13   1.4402819298630574     
           9          14   1.4143553069515780     
          11          14  0.11101762350056879     
          13          14   1.4430559717005091     
           8          15  0.95534835651010908     
          15          16   1.1746968901268127     
          16          17   1.0185862003028852     
          17          18   1.5612150128837594     
          18          19   1.2875761310053206     
          17          20  0.10629086949005472     
          19          20   1.5828089189326415     
          20          21   1.0403574937412587     
          17          22   1.1340429549067987     
          20          22   1.1676892816910687     
          15          23  0.17686141893531176     
          16          23   1.6755051985926350     
          15          24  0.98242083616037990     
          24          25  0.90737486538372192     
          25          26   1.1512191898437039     
          25          27   1.7780252745735408     
          26          27  0.18037373585234173     
           7          28  0.95188771018726770     
          24          28  0.98777554606381446     
          28          29   1.2071532797138804     
          29          30  0.97433621575018559     
          30          31   1.5895816285446371     
          31          32   1.2689101879633047     
          30          33  0.10939651836005856     
          32          33   1.5995902284130454     
          33          34   1.0390565152636952     
          30          35   1.1394962567068780     
          33          35   1.1572598942689056     
          28          36  0.19407199051085727     
          29          36   1.6895777183128413     
           1          37  0.96851446097942939     
           2          38  0.97076899241446479     
           3          39  0.97122457793650374     
           4          40  0.97085496046096220     
           5          41  0.96399643837086513     
           7          42  0.95311780434461713     
           8          43  0.95157075463509533     
          10          44  0.96892747867715845     
          11          45  0.97084381245480078     
          12          46  0.97115389887937131     
          13          47  0.97058268511712142     
          14          48  0.96852515105697545     
          18          49  0.96252246779772455     
          19          50  0.96324585137628649     
          21          51  0.96713441202789641     
          21          52  0.97936380694429781     
          21          53  0.96899914725477787     
          24          54  0.93692610766386897     
          26          55  0.85602817355192995     
          31          56  0.96338321115588288     
          32          57  0.96324708641496182     
          34          58  0.97292665430026037     
          34          59  0.96535908400262960     
          34          60  0.97911939223352418     
