   -0.02306424
    0.48552077
   -0.22608501
   -0.19845241
   -0.20291242
   -0.01825782
   -0.01936375
   -0.01462341
   -0.02252807
    0.02113782
    0.04589548
    0.04595491
    0.02552201
   -0.02302241
    0.48606306
   -0.19533985
   -0.21277514
   -0.22147730
   -0.01665981
   -0.01735310
   -0.01321300
   -0.01838081
   -0.13526979
    0.27522888
   -0.05113598
    0.15530585
   -0.22259660
   -0.05936942
   -0.02589682
    0.08801918
   -0.40830077
    0.07325764
    0.35237548
   -0.33560137
   -0.35504665
   -0.12365328
    0.28124649
   -0.03841997
    0.15211839
   -0.23353591
   -0.06197635
   -0.02851751
    0.10509327
   -0.41226740
    0.07048542
    0.06090448
    0.06177134
    0.04782374
    0.07386802
    0.05890890
    0.07083541
    0.06201637
    0.06050407
    0.04867725
    0.07656981
    0.07685432
    0.09018527
    0.33971066
    0.06886318
    0.07437890
