           1           2  0.95175964207057517     
           2           3  0.92555420224392748     
           2           4  0.95800271327874986     
           2           5  0.94694909985418885     
           1           6   1.4150937938656516     
           6           7   1.4413613271733456     
           1           8  0.10568783755434444     
           7           8   1.4356525167412508     
           6           9  0.10848511948599115     
           8           9   1.4442766482055849     
           1          10   1.3829527324518567     
           7          10  0.10830329689807891     
           9          10   1.4135858701754855     
          10          11  0.99059986416774570     
          11          12  0.94941829361825247     
          12          13  0.99792557390922798     
          13          14   1.3870012034998489     
          14          15  0.95281706704650349     
          15          16  0.96244619515817287     
          15          17  0.93685259548917399     
          15          18  0.92950514981652965     
          14          19   1.4102633572433871     
          13          20  0.10867055860575649     
          19          20   1.4452223878566377     
          14          21  0.10365272740290286     
          20          21   1.4303130581699826     
          13          22   1.4056017040677458     
          19          22  0.10885042068166972     
          21          22   1.4507661723387537     
          12          23  0.94942063752275796     
          23          24   1.1791094697637998     
          24          25   1.0020966859182301     
          25          26   1.4939059974386810     
          26          27  0.95565590756505103     
          26          28   1.2615238589487046     
          25          29  0.10817292270044403     
          28          29   1.6023352333146959     
          25          30   1.1673628103248255     
          29          30   1.2324034790424665     
          23          31  0.18521992731959747     
          24          31   1.6869082698104194     
          23          32  0.99662565571539397     
          32          33  0.88639197412950965     
          33          34   1.1741708298570206     
          33          35   1.7912509403944141     
          34          35  0.17431979481941823     
          11          36  0.95942927115342269     
          32          36  0.97883748580732322     
          36          37   1.1830139527622725     
          37          38   1.0088795453302404     
          38          39   1.4989328018291865     
          39          40  0.94347445039518740     
          39          41   1.2675303149648696     
          38          42  0.10708552124814495     
          41          42   1.5944140254300430     
          38          43   1.1734443197245781     
          42          43   1.2386919700969405     
          36          44  0.18457791964603310     
          37          44   1.6805443931047319     
           6          45  0.96507399633152180     
           7          46  0.96831129758873602     
           8          47  0.96829299874576558     
           9          48  0.96327137447415156     
          11          49  0.95073024520298310     
          12          50  0.95387869202218478     
          19          51  0.96519541795895070     
          20          52  0.96828713951029199     
          21          53  0.96845507897930072     
          22          54  0.96625819474038876     
          28          55  0.96032794329297455     
          29          56  0.96690926113242448     
          32          57  0.92959262213799199     
          34          58  0.84852499739711540     
          41          59  0.96200931830045533     
          42          60  0.96751527320930153     
