   -0.03293580
   -0.02742779
   -0.02672885
   -0.03792265
    0.00599818
    0.01375883
   -0.03557424
   -0.02958749
   -0.03140462
   -0.00491648
    0.04110952
    0.04929177
    0.00188036
   -0.03466446
   -0.02648341
   -0.03555521
    0.01578995
    0.00994306
   -0.03503674
   -0.02963437
   -0.03032124
   -0.03386232
   -0.10920134
    0.26398514
    0.08235711
   -0.04141440
   -0.05634526
    0.08225503
   -0.19407020
   -0.42612882
    0.08210677
    0.35708656
   -0.36427229
   -0.36586254
   -0.10192326
    0.26177867
    0.08609003
   -0.04577743
   -0.05822378
    0.07930313
   -0.17402491
   -0.46995984
    0.03774024
    0.03780526
    0.03738902
    0.02930956
    0.03989288
    0.03920954
    0.03575721
    0.05850965
    0.06305696
    0.06005064
    0.04023282
    0.03581230
    0.02219440
    0.02903579
    0.03155897
    0.03438091
    0.06818868
    0.05287709
    0.06024697
    0.07007981
    0.36480903
    0.06251665
    0.05475234
    0.06111891
