           1           2   1.5573187045118351     
           2           3   1.3219804868674041     
           1           4  0.11805780663956379     
           3           4   1.5544303261550760     
           4           5   1.2823900115081242     
           1           6   1.2793273174026936     
           5           6   1.2504241368067035     
           6           7   1.2806944617314771     
           7           8   1.5499937055967663     
           8           9   1.3298223028767968     
           5          10   1.2550786280219000     
           7          10  0.11473132903025095     
           9          10   1.5159219714350654     
          10          11  0.99163422335132345     
          11          12  0.94736657376806865     
          12          13  0.98504558427655542     
          13          14   1.5270786232354845     
          14          15   1.3239346330558788     
          13          16  0.11414182493714588     
          15          16   1.5552526133641766     
          16          17   1.2785247568115734     
          13          18   1.2526755919327037     
          17          18   1.2522016929415525     
          18          19   1.2839208666432129     
          19          20   1.5537634298876279     
          20          21   1.3226901578952459     
          17          22   1.2803502089185883     
          19          22  0.11811564667944285     
          21          22   1.5564502318697429     
          12          23  0.96116090097369877     
          23          24   1.1851854026159516     
          24          25   1.0313325228699022     
          25          26   1.5248856100980173     
          26          27   1.3210128464247264     
          25          28  0.13873526084685381     
          27          28   1.5838072285794094     
          25          29   1.0940173332252940     
          28          29   1.1436000557952430     
          23          30  0.18438786350888878     
          24          30   1.6505459169951566     
          23          31   1.0037949555660197     
          31          32  0.88488550018154022     
          32          33   1.2017102625957856     
          32          34   1.7757914618703834     
          33          34  0.17988028775518633     
          11          35  0.95747616168302108     
          31          35  0.96607971458824160     
          35          36   1.2597048109597613     
          36          37   1.0271510361617142     
          37          38   1.5246126263845268     
          38          39   1.3207383116367148     
          37          40  0.13804826366898038     
          39          40   1.5814310337571891     
          37          41   1.1051409635133225     
          40          41   1.1531217760789612     
          35          42  0.18340133036149917     
          36          42   1.5579026486114869     
           1          43  0.96771492384600732     
           2          44  0.97041163587370494     
           3          45  0.97064315079325347     
           4          46  0.96533988859787201     
           7          47  0.96758371386178033     
           8          48  0.96986367374922988     
           9          49  0.96707567184914145     
          11          50  0.95080871392310051     
          12          51  0.94627278254714486     
          14          52  0.95920258339079068     
          15          53  0.96997369620711416     
          16          54  0.96783179094789729     
          19          55  0.96211074088032844     
          20          56  0.97122256034002374     
          21          57  0.97082047711391306     
          22          58  0.96802297096569601     
          26          59  0.97157332447650757     
          27          60  0.97333248429655961     
          28          61  0.96489941682132985     
          31          62  0.93368008243426159     
          33          63  0.77860730767426256     
          38          64  0.97260786375921682     
          39          65  0.97321986352862500     
          40          66  0.96461464230872762     
