   -0.02790801
   -0.02541956
   -0.02825773
   -0.02841134
   -0.03351753
    0.00311124
    0.03817213
    0.03547261
   -0.00262926
   -0.03331311
   -0.02747445
   -0.03021510
   -0.02959742
   -0.03867793
   -0.10630837
    0.27600668
   -0.03273567
   -0.01677151
    0.01192005
   -0.02389433
   -0.04899893
   -0.41813459
    0.08972382
    0.35026257
   -0.36460108
   -0.38064741
   -0.12224749
    0.27809848
   -0.02710267
   -0.03175649
   -0.00577769
   -0.02035799
   -0.03022708
   -0.41379535
    0.04654543
    0.03995419
    0.03670391
    0.03490269
    0.02705312
    0.07222677
    0.07800045
    0.05646682
    0.03879404
    0.03552802
    0.03767751
    0.03925453
    0.05729670
    0.05448196
    0.03665394
    0.07500221
    0.34535894
    0.03853580
    0.05327706
    0.06229641
