           1           2   1.4413413704419777     
           2           3   1.4418257660067244     
           1           4  0.11097514723640212     
           3           4   1.4359813973842581     
           2           5  0.11187522664934953     
           4           5   1.4475512980041005     
           1           6   1.4167077767350393     
           3           6  0.10969219225094291     
           5           6   1.4115158776526668     
           6           7  0.98530908568097253     
           7           8  0.97117116666384318     
           8           9  0.98310662645390712     
           9          10   1.4072598665357465     
          10          11   1.4497962845486743     
           9          12  0.10912860433398777     
          11          12   1.4341072590149926     
          10          13  0.11265610604052147     
          12          13   1.4441827344523468     
           9          14   1.4187316655355005     
          11          14  0.11027011172345422     
          13          14   1.4366341951152333     
           8          15  0.94486701335644807     
          15          16   1.2070573528371238     
          16          17  0.96019880587612405     
          17          18   1.5941476443523668     
          18          19   1.2062005362654373     
          18          20  0.11126088538767602     
          19          20   1.2016528772493966     
          17          21   1.2316485624068092     
          20          21   1.6328270236498521     
          15          22  0.19078158908079235     
          16          22   1.6908961710274890     
          15          23  0.99854270502435261     
          23          24  0.90559188352422393     
          24          25   1.1541875169819560     
          24          26   1.7835728636539925     
          25          26  0.18108320191452321     
           7          27  0.94790901276746142     
          23          27  0.99053930295136305     
          27          28   1.1938137314474013     
          28          29  0.97018942914477757     
          29          30   1.5800458209452930     
          30          31   1.2020904017114096     
          30          32  0.11501571238211727     
          31          32   1.1890148582732807     
          29          33   1.2362568807641416     
          32          33   1.6459824025289143     
          27          34  0.18558654184490569     
          28          34   1.6946520301296262     
           1          35  0.96711768974888213     
           2          36  0.97042005644005591     
           3          37  0.97107432143605843     
           4          38  0.97094385380598003     
           5          39  0.96745164101235925     
           7          40  0.95068380471239355     
           8          41  0.95322605102231317     
          10          42  0.96583044168244414     
          11          43  0.97041370147514072     
          12          44  0.97102061497940828     
          13          45  0.97078920252797540     
          14          46  0.96480494441128284     
          18          47  0.96981968607148761     
          20          48  0.96979563271214264     
          21          49  0.96279848155666237     
          23          50  0.91928788795603800     
          25          51  0.85456108216311588     
          30          52  0.96971196809338056     
          32          53  0.96989949678866705     
          33          54  0.96169809523987027     
