   -0.41744731
    0.27241529
   -0.01652016
   -0.02474316
   -0.02819668
   -0.03567408
    0.02126477
   -0.11199904
   -0.04186797
   -0.12138245
    0.08903013
    0.35226523
   -0.36154886
   -0.38328876
   -0.11778383
    0.27309210
   -0.02244069
   -0.03546241
    0.02141275
   -0.11111632
   -0.03715133
   -0.02704227
   -0.03496924
   -0.42271074
    0.04298929
    0.00549187
   -0.03243032
   -0.02751234
   -0.02893741
   -0.02618191
   -0.02948365
    0.03650052
    0.00234234
   -0.03658530
   -0.02671101
   -0.03034793
   -0.02876746
   -0.03421083
    0.04938981
    0.04067356
    0.03849213
    0.04725972
    0.05437652
    0.04513459
    0.03855436
    0.09978067
    0.33999304
    0.03848636
    0.04533085
    0.04868730
    0.05056953
    0.03810036
    0.04062550
    0.03403373
    0.06582058
    0.02968075
    0.03595194
    0.03603868
    0.03786155
    0.03777151
    0.05753754
    0.03390713
    0.03880352
    0.03748150
    0.03811745
    0.03724898
