           1           2   1.6998022103333441     
           2           3  0.98617341709295325     
           3           4   1.3917707264436352     
           4           5   1.4453618927743794     
           3           6  0.10404193532180660     
           5           6   1.4409970791101085     
           4           7  0.10587185654673625     
           6           7   1.4074491685655370     
           7           8   1.0260093103964145     
           3           9   1.3991099948789545     
           5           9  0.10721347554874659     
           7           9   1.4159014473987073     
           1          10  0.17628552019863264     
           2          10   1.1681098529244875     
          10          11  0.98049690492036723     
          11          12  0.91545659882518082     
          12          13   1.1501592057284018     
          12          14   1.7817676466296124     
          13          14  0.18185630173976403     
          11          15  0.98510080126853217     
          15          16   1.2011249049396235     
          16          17  0.96290606106044896     
          17          18   1.4116479163413977     
          18          19   1.4132273114942802     
          19          20   1.0257639975171029     
          17          21  0.10805898275256635     
          19          21   1.4085398896080876     
          18          22  0.10721792664170209     
          21          22   1.4445887799754507     
          17          23   1.4004099120710360     
          19          23  0.10796025255593088     
          22          23   1.4404940344972970     
          15          24  0.18767491754505747     
          16          24   1.6961990967178022     
          15          25  0.96048863074777913     
          25          26  0.98829465901796898     
          26          27   1.4090903639797732     
          27          28   1.4486976843799155     
          26          29  0.10949776975283478     
          28          29   1.4354508693651813     
          27          30  0.11192887386141737     
          29          30   1.4417850685452884     
          26          31   1.4166172051985473     
          28          31  0.11063605561074097     
          30          31   1.4411409885972013     
          10          32  0.97397363155769523     
          25          32  0.94642286440960421     
          32          33  0.98788848545691632     
          33          34   1.4050074452994072     
          34          35   1.4518978746116109     
          33          36  0.10967387108239281     
          35          36   1.4322061578279033     
          34          37  0.11230944912816507     
          36          37   1.4450620770618912     
          33          38   1.4184257226744998     
          35          38  0.10958077462452680     
          37          38   1.4355310154587357     
           4          39  0.96844865096903221     
           5          40  0.96969764553201732     
           6          41  0.96908873252187266     
           8          42  0.98263279883831256     
           8          43  0.96603009244665650     
           8          44  0.98018386278517666     
           9          45  0.96328404289509151     
          11          46  0.92849924150268826     
          13          47  0.85838287635882105     
          18          48  0.96763735299928610     
          20          49  0.98366398236022190     
          20          50  0.97874828343603493     
          20          51  0.96716069761303003     
          21          52  0.96952345718084454     
          22          53  0.96971349784859662     
          23          54  0.96915578840403238     
          25          55  0.95360299964490092     
          27          56  0.96814925365559079     
          28          57  0.97083861129951488     
          29          58  0.97115581326907796     
          30          59  0.97061788960691653     
          31          60  0.96799332629762280     
          32          61  0.94518744505057217     
          34          62  0.96860442930762902     
          35          63  0.97054253622840025     
          36          64  0.97099750749510227     
          37          65  0.97065935377838153     
          38          66  0.96339219116048902     
