   -0.03351087
   -0.03167024
    0.01467757
   -0.03373954
   -0.02985489
   -0.02953149
   -0.03349121
    0.01714920
   -0.03629532
    0.01138443
    0.04748809
    0.04833990
    0.01133908
   -0.03524052
    0.01769343
   -0.03277480
   -0.02860195
   -0.02917831
   -0.03381612
    0.01423613
   -0.03323263
   -0.03181071
   -0.11798635
    0.26979834
   -0.01846362
   -0.03464987
    0.01267615
   -0.10909840
   -0.02571897
   -0.06678102
   -0.41122010
    0.07617830
    0.34672401
   -0.35686380
   -0.34935199
   -0.10954003
    0.27375400
   -0.02012396
   -0.03901551
    0.01261167
   -0.10814784
   -0.02896615
   -0.06154199
   -0.40541877
    0.05002735
    0.03826040
    0.03281786
    0.03065241
    0.03073737
    0.03240919
    0.03243541
    0.05291667
    0.06251059
    0.03788050
    0.03536383
    0.03280890
    0.03212975
    0.03294081
    0.03657089
    0.02825349
    0.06487841
    0.05910968
    0.04736910
    0.05865872
    0.05193040
    0.05628419
    0.33587678
    0.05618198
    0.05919393
    0.05721509
    0.04609879
    0.05007416
