           1           2   1.5666909826780322     
           2           3   1.2745586135993192     
           3           4   1.2828814856304585     
           4           5   1.5550770797124556     
           5           6   1.3218535310444803     
           4           7  0.11795324354248141     
           6           7   1.5565161020254559     
           3           8   1.2514576117070901     
           7           8   1.2798565484498099     
           2           9  0.11347269706316065     
           8           9   1.2798831555792198     
           1          10   1.2909134154540522     
           9          10   1.5284672743386771     
          10          11  0.98986304779552747     
          11          12  0.95322052958908710     
          12          13  0.99045680098572186     
          13          14   1.5260944386644666     
          14          15   1.2818567534817205     
          15          16   1.2787479216427162     
          16          17   1.5576470345805498     
          17          18   1.3210837237131916     
          16          19  0.11815808918557134     
          18          19   1.5558463828989231     
          15          20   1.2509945545056111     
          19          20   1.2821898391555386     
          14          21  0.11438322230161348     
          20          21   1.2757126498662192     
          13          22   1.2933114508189785     
          21          22   1.5646274935305857     
          12          23  0.95279924562657581     
          23          24   1.1855521609692228     
          24          25   1.0114742133621004     
          25          26   1.5839428778962272     
          26          27   1.2471620064042517     
          27          28   1.0243582230180728     
          25          29  0.11203230836188126     
          27          29   1.5993915107150203     
          25          30   1.1251584925000566     
          29          30   1.1690547407851326     
          23          31  0.18124666581759152     
          24          31   1.6740925311563297     
          23          32  0.98336720259096655     
          32          33  0.89624461961764745     
          33          34   1.1518439878579281     
          33          35   1.7969831410871682     
          34          35  0.17054044534570117     
          11          36  0.95115495702808461     
          32          36  0.98937521828298536     
          36          37   1.2074068343315070     
          37          38  0.97326634749795371     
          38          39   1.6053777180805591     
          39          40   1.2352240630968274     
          40          41   1.0240543321776723     
          38          42  0.11386337654896898     
          40          42   1.6093732997752734     
          38          43   1.1333647319783149     
          42          43   1.1657225176771622     
          36          44  0.19444120257326647     
          37          44   1.6908833942675283     
           1          45  0.96315338739539436     
           2          46  0.96777598248357499     
           4          47  0.96840237474664437     
           5          48  0.97112439913048942     
           6          49  0.97107876024057704     
           7          50  0.96837592575313436     
           9          51  0.96558375499424853     
          11          52  0.95294003764957125     
          12          53  0.95103836317908041     
          14          54  0.96556696206931270     
          16          55  0.96819914398649276     
          17          56  0.97093127195430895     
          18          57  0.97104361438565190     
          19          58  0.96838121359833140     
          21          59  0.96788823436633331     
          22          60  0.96859255718521098     
          26          61  0.96047933992734968     
          28          62  0.96982179864643681     
          28          63  0.98520502312550673     
          28          64  0.96895757840020802     
          29          65  0.96822750070875707     
          32          66  0.93604061154179330     
          34          67  0.84678418779580422     
          39          68  0.96176590417843777     
          41          69  0.96927472642091150     
          41          70  0.97018048508125487     
          41          71  0.98528772385426444     
          42          72  0.96833259482767364     
