    0.14209755
   -0.28306503
    0.03858514
   -0.06317668
   -0.02972995
   -0.03830298
   -0.03304961
   -0.02062568
    0.03975593
    0.04601585
   -0.00900527
   -0.03111596
   -0.03807694
   -0.03052611
   -0.06350128
    0.14579644
   -0.28627556
    0.04612902
   -0.11134979
    0.25407864
    0.06399427
   -0.05577323
   -0.02269402
   -0.10850905
    0.11224017
   -0.11742941
   -0.22239849
   -0.43786085
    0.07227363
    0.35736066
   -0.35251622
   -0.36256638
   -0.10757126
    0.27081844
    0.07125434
   -0.07781639
   -0.02701396
   -0.10677440
    0.10736055
   -0.11656431
   -0.17981801
   -0.41546612
    0.05241613
    0.04157022
    0.06103972
    0.04210787
    0.03929068
    0.04143354
    0.05595119
    0.08320626
    0.07365002
    0.04031624
    0.03931466
    0.03792975
    0.03882283
    0.05416510
    0.04813301
    0.03608055
    0.06162419
    0.05371156
    0.04552554
    0.05096499
    0.06652660
    0.05900701
    0.06490644
    0.08351749
    0.33332297
    0.05318738
    0.04214429
    0.04691670
    0.05079262
    0.05573298
    0.06083284
    0.06667094
