           1           2   1.0484503413184358     
           2           3  0.97898708825911673     
           1           4   1.3794074747405451     
           4           5   1.4394069223850676     
           5           6   1.4394352026656352     
           4           7  0.10430166644327278     
           6           7   1.4327796621484050     
           1           8   1.3351842204217970     
           5           8  0.10703736933346744     
           7           8   1.4285959509504236     
           8           9  0.98799835924186141     
           9          10  0.95806383980639598     
          10          11  0.99103226084199492     
          11          12   1.4350790315327255     
          12          13   1.4262246255818476     
          11          14  0.10662816474649042     
          13          14   1.4442599213056246     
          12          15  0.10212363607516790     
          14          15   1.4334855667574544     
          11          16   1.3265948075558467     
          15          16   1.3853591752236474     
          16          17   1.0499395499085664     
          17          18  0.98314049055443653     
          10          19  0.95457583511519040     
          19          20   1.1962009755245175     
          20          21   1.0293658446039311     
          21          22   1.5237985095236088     
          22          23   1.2988170064682469     
          23          24   1.0311916099655216     
          21          25  0.13361248911403667     
          23          25   1.5170855265368068     
          25          26   1.0316840636363127     
          21          27   1.0755817356181396     
          25          27   1.1107635331492296     
          19          28  0.18595977164917477     
          20          28   1.6335916776335750     
          19          29  0.97954461768372625     
          29          30  0.90303453177952109     
          30          31   1.1518854597325894     
          30          32   1.7888132333955322     
          31          32  0.16599123420848944     
           9          33  0.95346186453204240     
          29          33   1.0002335774131794     
          33          34   1.1810630245592719     
          34          35   1.0094792336504463     
          35          36   1.5189467527760940     
          36          37   1.2985413677101061     
          37          38   1.0299014549629368     
          35          39  0.13362321376702985     
          37          39   1.5134333938226197     
          39          40   1.0296899878681050     
          35          41   1.1057930777641150     
          39          41   1.1301133840416038     
          33          42  0.18158409218814792     
          34          42   1.6737877696369832     
           3          43  0.97595976138355445     
           3          44  0.97618958050822890     
           3          45  0.97845126741216371     
           4          46  0.96453926704686199     
           5          47  0.97073223371203654     
           6          48  0.97018433211907262     
           7          49  0.96557653097161877     
           9          50  0.94803785679336983     
          10          51  0.95051682767020329     
          12          52  0.96749792897805276     
          13          53  0.97052113871679002     
          14          54  0.97093304059173013     
          15          55  0.96526662763006232     
          18          56  0.97855297018930931     
          18          57  0.97641665957560031     
          18          58  0.97667991592715986     
          22          59  0.97133128543941083     
          24          60  0.98408116931514900     
          24          61  0.97690362419182342     
          24          62  0.96958918548064643     
          26          63  0.98086276703768505     
          26          64  0.97121462220641364     
          26          65  0.96412391579181400     
          29          66  0.91713720057594106     
          31          67  0.85095724202555756     
          36          68  0.96789717082778326     
          38          69  0.97315696946122332     
          38          70  0.97469694298178822     
          38          71  0.98541126200251461     
          40          72  0.96870269993207991     
          40          73  0.96938149641064264     
          40          74  0.98215740456772183     
