   -0.03356469
   -0.02732384
   -0.03020809
   -0.02712047
   -0.03713400
    0.00142340
    0.03580874
    0.03966464
    0.00850026
   -0.02721345
   -0.02420349
   -0.02671558
   -0.02563274
   -0.02805732
   -0.11601723
    0.27248735
   -0.01494897
   -0.01728836
   -0.02097276
   -0.01640626
    0.02164542
    0.11279708
   -0.22605516
   -0.02421961
   -0.40653640
    0.08829005
    0.35154647
   -0.35190384
   -0.38594343
   -0.11688117
    0.27145462
   -0.01721851
   -0.03126213
    0.02175272
    0.11273896
   -0.22237880
   -0.01320972
   -0.02059240
   -0.01534347
   -0.40749244
    0.03645831
    0.04058219
    0.03843229
    0.03925308
    0.03503509
    0.08745638
    0.06498348
    0.03756909
    0.04070419
    0.03912097
    0.03716093
    0.01914355
    0.05451733
    0.05449545
    0.05636746
    0.03830984
    0.06723193
    0.34678545
    0.06215284
    0.06252817
    0.05667791
    0.05876868
