           1           2   1.4373485335910696     
           2           3   1.4443966428740882     
           1           4  0.11021686569255175     
           3           4   1.4334088794948217     
           2           5  0.11236263627622439     
           4           5   1.4500521907327151     
           1           6   1.4180464606569771     
           3           6  0.10934545369191373     
           5           6   1.4054116999162511     
           6           7  0.98851711370718498     
           7           8  0.95128748803070451     
           8           9  0.99043583317170347     
           9          10   1.4165452153417957     
          10          11   1.4411035689222009     
           9          12  0.10952742659845198     
          11          12   1.4419488808893113     
          10          13  0.11058859210894152     
          12          13   1.4354006234216343     
           9          14   1.4090535882571880     
          11          14  0.11184216461611599     
          13          14   1.4487697535935837     
           8          15  0.95176488074732035     
          15          16   1.2094673081049505     
          16          17  0.95162540090366921     
          17          18   1.4064625746560750     
          18          19   1.4303587828048212     
          17          20  0.10397833841378333     
          19          20   1.4557404776904246     
          20          21   1.3585756571266860     
          21          22   1.0921680151846453     
          22          23   2.8065524802067743     
          17          24   1.4133380831147904     
          19          24  0.10598655285363666     
          21          24   1.3668177652678768     
          15          25  0.19513376643497946     
          16          25   1.7060294300279284     
          15          26  0.98732623626578642     
          26          27  0.90624286974076651     
          27          28   1.1688623824616435     
          27          29   1.7727679243968033     
          28          29  0.18458063421779364     
           7          30  0.96420193999542780     
          26          30  0.98981460400919818     
          30          31   1.1747623873143143     
          31          32  0.98057008313327387     
          32          33   1.4082182500976255     
          33          34   1.3667051030241026     
          34          35   1.0896326952107758     
          35          36   2.8111497076132492     
          32          37  0.10096269710176699     
          34          37   1.3621675695274986     
          33          38  0.10389186265368330     
          37          38   1.4470521466940516     
          32          39   1.3876046841252205     
          38          39   1.4408696847322247     
          30          40  0.18291918268474197     
          31          40   1.7041261976875945     
           1          41  0.96696315068943162     
           2          42  0.97042294563089571     
           3          43  0.97090735413393203     
           4          44  0.97049998642882473     
           5          45  0.96736614051699266     
           7          46  0.93966604685799426     
           8          47  0.95262967308316981     
          10          48  0.96791266272456289     
          11          49  0.97042457957257633     
          12          50  0.97095587686958040     
          13          51  0.97078589369385548     
          14          52  0.96909220939775365     
          18          53  0.96849780046964806     
          19          54  0.96762988843471054     
          20          55  0.96903090498993916     
          24          56  0.96788335840178108     
          26          57  0.92691534300457479     
          28          58  0.85337742079731682     
          33          59  0.96147136130494093     
          37          60  0.96768707993952752     
          38          61  0.96712997489518504     
          39          62  0.96721087324689892     
