   -0.03842117
   -0.03480505
    0.01157995
   -0.03417778
   -0.02716787
   -0.02649478
   -0.03293623
    0.01443856
   -0.04447179
   -0.00759544
    0.03420099
    0.04792790
    0.00735262
   -0.03773341
    0.01674184
   -0.03383083
   -0.02900686
   -0.02916439
   -0.03331923
    0.01501630
   -0.03109973
   -0.03529113
   -0.10722595
    0.28297760
   -0.05137286
    0.16985782
   -0.11647605
   -0.17142719
    0.07182090
   -0.04680246
   -0.40438823
    0.07590908
    0.34994821
   -0.36402613
   -0.36409670
   -0.10033628
    0.27507964
   -0.04584356
    0.17794231
   -0.09779656
   -0.16246733
    0.07146180
   -0.05239283
   -0.45262431
    0.03654571
    0.04322744
    0.03776513
    0.03795013
    0.03875305
    0.03986677
    0.04103509
    0.06452278
    0.06058677
    0.03160584
    0.03236191
    0.03177038
    0.03221852
    0.03489365
    0.04168296
    0.05323958
    0.07243369
    0.07695411
    0.07018422
    0.36770572
    0.07486408
    0.07036910
