           1           2   1.5653005218663620     
           2           3   1.2751688054294119     
           3           4   1.2824391748510979     
           4           5   1.5553735721256898     
           5           6   1.3214232816718194     
           4           7  0.11807437002486330     
           6           7   1.5569818303840475     
           3           8   1.2502788862354106     
           7           8   1.2789075119829345     
           2           9  0.11202450651243857     
           8           9   1.2812683437613404     
           1          10   1.2899558802478017     
           9          10   1.5261138643486931     
          10          11  0.99047955830500167     
          11          12  0.95196441332555282     
          12          13  0.98520333176688013     
          13          14   1.5259634525975896     
          14          15   1.2821635423356006     
          15          16   1.2784091374328601     
          16          17   1.5580008265940601     
          17          18   1.3205155218372577     
          16          19  0.11820212277978467     
          18          19   1.5567463282731482     
          15          20   1.2506920850016567     
          19          20   1.2812365903993195     
          14          21  0.11485978611193280     
          20          21   1.2774970921179898     
          13          22   1.2955337590658684     
          21          22   1.5621370561973793     
          12          23  0.95709671669920970     
          23          24   1.2051809647889375     
          24          25  0.96888643863530854     
          25          26   1.5226549947395629     
          26          27   1.0034528968779410     
          26          28   1.1293802249805052     
          26          29  0.13683409355112205     
          28          29   1.1165573732422911     
          25          30   1.2502990892616965     
          29          30   1.6234859906680330     
          23          31  0.19481576640845533     
          24          31   1.6991006905090102     
          23          32   1.0016439075623731     
          32          33  0.88561242868576007     
          33          34   1.2097902568742460     
          33          35   1.7751603339188056     
          34          35  0.18375652932416822     
          11          36  0.95411482795206504     
          32          36  0.96892893754690002     
          36          37   1.2754505457893230     
          37          38  0.99039259064043794     
          38          39   1.5067339354755076     
          39          40   1.0171116199798018     
          39          41   1.1379905763391740     
          39          42  0.13279598120209965     
          41          42   1.1196012950650913     
          38          43   1.2475352571840421     
          42          43   1.6206700608479847     
          36          44  0.19126177772398339     
          37          44   1.5881871596692099     
           1          45  0.96806115426815720     
           2          46  0.96730577220099101     
           4          47  0.96805912877667044     
           5          48  0.97062355450312121     
           6          49  0.97051866187368607     
           7          50  0.96784521684931668     
           9          51  0.96406213293319865     
          11          52  0.94827802361015734     
          12          53  0.95250760844495563     
          14          54  0.96568708068256948     
          16          55  0.96836823485096624     
          17          56  0.97100754353361651     
          18          57  0.97102373264936104     
          19          58  0.96828053470430464     
          21          59  0.96754390355800357     
          22          60  0.96212375288647034     
          29          61  0.96265252049450756     
          30          62  0.96882980304299438     
          32          63  0.93032281494406566     
          34          64  0.76747348416539596     
          42          65  0.96238055877658801     
          43          66  0.97018197526021144     
