   -0.42617477
    0.27656764
   -0.08647514
    0.02447630
   -0.03215426
   -0.02784727
   -0.03081843
   -0.02781484
   -0.03008539
   -0.12049366
    0.10431493
    0.38205052
   -0.33646475
   -0.40623669
   -0.11279645
    0.27671489
   -0.08638940
    0.02163341
   -0.03733146
   -0.02954333
   -0.03117607
   -0.02719402
   -0.02695010
   -0.42347254
    0.03902879
   -0.00414088
   -0.03251794
   -0.02600752
   -0.02864284
   -0.02688878
   -0.03859738
    0.04077367
   -0.00495003
   -0.03958948
   -0.02908460
   -0.02930105
   -0.02532597
   -0.03851942
    0.05802508
    0.05198940
    0.02970326
    0.03210894
    0.03130903
    0.03215453
    0.03012422
    0.06391526
    0.34680036
    0.06345253
    0.04805361
    0.02396644
    0.03031869
    0.03147990
    0.03450026
    0.04238863
    0.05631963
    0.03925512
    0.04136356
    0.03975849
    0.03928877
    0.03181788
    0.04655708
    0.02725814
    0.03600438
    0.03721957
    0.04323410
    0.06905744
