           1           2   1.6922641315092202     
           2           3  0.95506474897335281     
           3           4   1.0086929454235143     
           4           5   1.4153273856466564     
           5           6   1.4446926350510583     
           4           7  0.10987203996071727     
           6           7   1.4390543502489677     
           5           8  0.11147022839382491     
           7           8   1.4387354765149984     
           4           9   1.4145427913147204     
           6           9  0.11162242759485587     
           8           9   1.4451987154756611     
           1          10  0.18434276437246694     
           2          10   1.2076697927740061     
          10          11  0.97590872541433382     
          11          12  0.90933467955213598     
          12          13   1.1824197396860070     
          12          14   1.7440834563842165     
          13          14  0.17798060213123038     
          11          15  0.97847786886333710     
          15          16   1.2145203956503530     
          16          17  0.95314205788567796     
          17          18   1.0052311818838082     
          18          19   1.4161501322247581     
          19          20   1.4430858687825201     
          18          21  0.10922482819054583     
          20          21   1.4395188813763717     
          19          22  0.11103319661670451     
          21          22   1.4383978563330828     
          18          23   1.4118313051174063     
          20          23  0.11201859462221327     
          22          23   1.4456658611306117     
          15          24  0.18335717419099096     
          16          24   1.6857770318190741     
          15          25  0.97784412677861798     
          25          26  0.98209505514594553     
          26          27   1.4192734685408483     
          27          28   1.4380425903307639     
          26          29  0.10941276042763222     
          28          29   1.4440683185545371     
          27          30  0.11014217326107884     
          29          30   1.4333431288843066     
          26          31   1.4050726682167243     
          28          31  0.11246549100229361     
          30          31   1.4510402878232440     
          10          32  0.97228095105153434     
          25          32  0.94527581351439405     
          32          33  0.98384406613106834     
          33          34   1.4107988917089023     
          34          35   1.4430409598844740     
          33          36  0.10846293296156313     
          35          36   1.4391697359754625     
          34          37  0.11058063940553799     
          36          37   1.4381709997172978     
          33          38   1.4090105850661132     
          35          38  0.11215923998938437     
          37          38   1.4456544792378163     
           3          39  0.95023126426986892     
           3          40  0.95239000905944438     
           5          41  0.96942632684753627     
           6          42  0.97114932097156603     
           7          43  0.97149103957803040     
           8          44  0.97116087320426914     
           9          45  0.96978130835332033     
          11          46  0.94355022542101175     
          13          47  0.85412834422776740     
          17          48  0.94460323315108341     
          17          49  0.96516109214683210     
          19          50  0.96923079692107206     
          20          51  0.97124618073337177     
          21          52  0.97145269576065296     
          22          53  0.97098904275467890     
          23          54  0.96909961284672153     
          25          55  0.95114720377040818     
          27          56  0.96705323906304019     
          28          57  0.97041344552513253     
          29          58  0.97087630151036941     
          30          59  0.97046849364748955     
          31          60  0.96906734882960133     
          32          61  0.95397832716205178     
          34          62  0.96832250737501135     
          35          63  0.97073048546225726     
          36          64  0.97098758913347716     
          37          65  0.97024111964042348     
          38          66  0.95818199553192840     
