    0.13844436
   -0.27733135
    0.03804548
   -0.06506163
   -0.03035081
   -0.03989330
   -0.03246808
   -0.02572618
    0.03465443
    0.04524752
   -0.01934819
   -0.04391124
   -0.04257382
   -0.02934368
   -0.06248817
    0.15473769
   -0.25589007
    0.03570893
   -0.13760580
    0.27298564
   -0.03236066
    0.01627729
   -0.03183751
   -0.02546454
   -0.02638271
   -0.02958614
    0.02203126
   -0.02618437
   -0.02412061
   -0.02634438
   -0.42100173
    0.08588144
    0.35646847
   -0.36578727
   -0.33311805
   -0.13183735
    0.27273311
   -0.01863364
   -0.02252240
   -0.02875812
   -0.03464974
    0.01801072
    0.01628853
   -0.03366000
   -0.02705103
   -0.02855700
   -0.03347571
   -0.41356173
    0.06319979
    0.04400793
    0.04505244
    0.04142612
    0.04225292
    0.04293203
    0.03920191
    0.07198513
    0.07709513
    0.02810394
    0.03872317
    0.04104376
    0.04421494
    0.05550607
    0.03872734
    0.06510496
    0.02674763
    0.03334703
    0.03511142
    0.03857882
    0.04304574
    0.04169102
    0.02967365
    0.06070658
    0.33566297
    0.04082642
    0.03753874
    0.03376968
    0.03064475
    0.03566676
    0.03434124
    0.03344213
