           1           2   1.0606405891949660     
           2           3  0.98027918331839725     
           1           4   1.3802852460576871     
           4           5   1.4360574976280687     
           5           6   1.4418702575306244     
           4           7  0.10243848925737378     
           6           7   1.4270911382178715     
           1           8   1.3231205752751649     
           5           8  0.10620866411831163     
           7           8   1.4370299670164361     
           8           9  0.98820021508073896     
           9          10  0.96248157305983451     
          10          11  0.98977508534026704     
          11          12   1.4386541741649190     
          12          13   1.4247630047842117     
          11          14  0.10498824922035181     
          13          14   1.4377976888586521     
          12          15  0.10086998623381903     
          14          15   1.4426170147536614     
          11          16   1.3177849790943836     
          15          16   1.3706560932681962     
          16          17   1.0834125445111773     
          17          18  0.97768923561407672     
          10          19  0.94557053941427582     
          19          20   1.1951911517050715     
          20          21  0.95747087165349454     
          21          22   1.2453127892839517     
          22          23   1.2809110416895537     
          23          24   1.5563781897991789     
          24          25   1.3205803577833277     
          23          26  0.11873346750208634     
          25          26   1.5588466448704226     
          22          27   1.2519143642002415     
          26          27   1.2776523953251109     
          21          28  0.11478849063566963     
          27          28   1.2808335304829186     
          28          29   1.5509803969607123     
          21          30   1.5147609676198668     
          29          30   1.3262072581550037     
          19          31  0.18761979052531891     
          20          31   1.7005527774702893     
          19          32  0.98560925768615071     
          32          33  0.89730490109090222     
          33          34   1.1410682076529215     
          33          35   1.8225928818571888     
          34          35  0.16997910002106434     
           9          36  0.95891715683283596     
          32          36  0.97642128077898316     
          36          37   1.1873438665896272     
          37          38  0.96068907792645963     
          38          39   1.5174607115291008     
          39          40   1.3243017427579316     
          38          41  0.11488332755191444     
          40          41   1.5532248048217425     
          41          42   1.2776988982784325     
          38          43   1.2478288563550013     
          42          43   1.2537690157671983     
          43          44   1.2791124117493751     
          44          45   1.5560797752257864     
          45          46   1.3202012531708323     
          42          47   1.2781967464736723     
          44          47  0.11793460203193863     
          46          47   1.5583356405406095     
          36          48  0.18696741954545054     
          37          48   1.7084156240284283     
           3          49  0.97920560120426325     
           3          50  0.97474752982971791     
           3          51  0.97627364759529245     
           4          52  0.96523199122457159     
           5          53  0.97061975661278166     
           6          54  0.97039942656442080     
           7          55  0.96722818486809481     
           9          56  0.94577981953274726     
          10          57  0.95094393583208747     
          12          58  0.95151962297822168     
          13          59  0.97073603421760146     
          14          60  0.97061190232334593     
          15          61  0.96518977785533799     
          18          62  0.97661290289723057     
          18          63  0.97618861800936596     
          18          64  0.97933602845796175     
          23          65  0.96629998550314045     
          24          66  0.97091561477166977     
          25          67  0.97075180814715667     
          26          68  0.96785358357615103     
          28          69  0.96762670023032404     
          29          70  0.96941039548127961     
          30          71  0.96955138210679304     
          32          72  0.94181416325324974     
          34          73  0.83839562428949943     
          39          74  0.96908997069976488     
          40          75  0.96971947402218495     
          41          76  0.96783211492041521     
          44          77  0.96473887364006250     
          45          78  0.97064489125331355     
          46          79  0.97083511860713256     
          47          80  0.96815145806337999     
