   -0.03323454
   -0.02848053
   -0.02783419
   -0.03501304
    0.00996073
    0.01675513
   -0.03448369
   -0.02819513
   -0.03084965
    0.00162218
    0.04675765
    0.03697242
   -0.01030830
   -0.03932751
   -0.03073137
   -0.03712887
    0.01306273
    0.00516629
   -0.03526738
   -0.02470822
   -0.02756539
   -0.03626859
   -0.09879158
    0.27590920
   -0.02973437
    0.06615339
    0.48810941
   -0.19145960
   -0.19807802
   -0.20444361
   -0.16908636
    0.13337719
   -0.12416732
   -0.06786755
   -0.41181849
    0.09256547
    0.36537974
   -0.35362484
   -0.38356083
   -0.10931930
    0.27344302
   -0.04169623
    0.07765996
    0.48949152
   -0.18958215
   -0.19131007
   -0.21115718
   -0.15604573
    0.13847897
   -0.12482368
   -0.07300135
   -0.40176333
    0.03746374
    0.03500876
    0.03203030
    0.02808298
    0.03952473
    0.03850767
    0.03118687
    0.07221194
    0.05234260
    0.05288971
    0.04123132
    0.03990664
    0.03220089
    0.04234439
    0.03842706
    0.03630680
    0.07803139
    0.07117777
    0.08141875
    0.06635613
    0.07437409
    0.34988320
    0.06989956
    0.08461121
    0.07853954
    0.05590496
