           1           2   1.5566648166099011     
           2           3   1.3229708889195806     
           1           4  0.11853192757376153     
           3           4   1.5538271296679493     
           4           5   1.2837822400253567     
           1           6   1.2798261687509620     
           5           6   1.2534354590707402     
           6           7   1.2783382386181972     
           7           8   1.5553365628257514     
           8           9   1.3236456731861894     
           5          10   1.2509968566842524     
           7          10  0.11446235703997731     
           9          10   1.5282924666689859     
          10          11  0.98622120030972749     
          11          12  0.94941639316484538     
          12          13  0.99034078210625820     
          13          14   1.5162449318091911     
          14          15   1.3301592929214925     
          13          16  0.11438615592585642     
          15          16   1.5489652744768638     
          16          17   1.2807571850716117     
          13          18   1.2532290159728743     
          17          18   1.2506706691362717     
          18          19   1.2838519794447423     
          19          20   1.5540772861703009     
          20          21   1.3218229792255052     
          17          22   1.2784020770048341     
          19          22  0.11818901636514660     
          21          22   1.5572549046889810     
          12          23  0.95815700146594485     
          23          24   1.2366963375694151     
          24          25  0.96586086273604721     
          25          26   1.5246602310216799     
          26          27  0.96057713740286099     
          27          28  0.95162100449397902     
          27          29  0.94586428661411215     
          27          30  0.94833275664580985     
          26          31   1.1094349441559770     
          26          32  0.13380066188548462     
          31          32   1.1259516528909339     
          32          33   1.0333669826940790     
          25          34   1.2694070576932197     
          32          34   1.5633521979844436     
          23          35  0.19873002684266783     
          24          35   1.6702181830023204     
          23          36  0.97918881928160340     
          36          37  0.90716424583690924     
          37          38   1.1604783758765276     
          37          39   1.7786982809594853     
          38          39  0.18096308287344398     
          11          40  0.95919435785637297     
          36          40  0.98431083298548483     
          40          41   1.2028466982913946     
          41          42  0.97330149248082054     
          42          43   1.5227842657241921     
          43          44  0.95988383737710370     
          44          45  0.96007011852101642     
          44          46  0.95182608464609297     
          44          47  0.93642588107943536     
          43          48   1.1218072426967913     
          43          49  0.13312326233340940     
          48          49   1.1308981856641389     
          49          50   1.0334219248283616     
          42          51   1.2683884270463379     
          49          51   1.5595556149246288     
          40          52  0.19495100213603189     
          41          52   1.7001616018798251     
           1          53  0.96784991385817820     
           2          54  0.97059817578664576     
           3          55  0.97101017728435646     
           4          56  0.96191211456286585     
           7          57  0.96769622766757790     
           8          58  0.97014237360507138     
           9          59  0.96697484041152193     
          11          60  0.94557022878598074     
          12          61  0.94607613355180287     
          14          62  0.96329523703158260     
          15          63  0.96981537124338002     
          16          64  0.96760063619577807     
          19          65  0.95990549895720900     
          20          66  0.97025995369021445     
          21          67  0.97030878873579862     
          22          68  0.96771706177638483     
          33          69  0.96186100560781118     
          33          70  0.98145591305339830     
          33          71  0.96459889262546983     
          34          72  0.97131708004775152     
          36          73  0.94123312103289425     
          38          74  0.85166567974565333     
          50          75  0.98097611865098822     
          50          76  0.95879500251945360     
          50          77  0.96863296557964507     
          51          78  0.97236494967939557     
