    0.14134176
   -0.28194822
    0.03293407
   -0.06560543
   -0.03076725
   -0.04292520
   -0.03933422
   -0.02768645
    0.03879121
    0.05072660
   -0.01263818
   -0.03032714
   -0.03822901
   -0.02873924
   -0.06334133
    0.14185849
   -0.27547407
    0.03576917
   -0.12026741
    0.28408840
    0.00198291
   -0.02374833
   -0.01547573
    0.48783142
   -0.20526780
   -0.19963590
   -0.19534590
   -0.01612237
   -0.00970889
    0.48820986
   -0.19216411
   -0.20002160
   -0.20026180
   -0.00328254
   -0.37968099
    0.07249230
    0.35465422
   -0.36054586
   -0.36930403
   -0.08310518
    0.27127081
    0.00993588
   -0.00921449
   -0.01143157
    0.48793352
   -0.19724676
   -0.19842871
   -0.19469004
   -0.01574106
   -0.01050849
    0.48865906
   -0.19551304
   -0.20387538
   -0.19205830
   -0.01537890
   -0.44186464
    0.08146872
    0.04508473
    0.05079487
    0.05566454
    0.05355071
    0.04772879
    0.03935073
    0.05519328
    0.08548888
    0.03621576
    0.04477343
    0.04552507
    0.04533443
    0.06207068
    0.05076487
    0.04251100
    0.07003645
    0.08961546
    0.10775746
    0.06848157
    0.37059138
    0.08662347
    0.09510538
    0.07869422
