           1           2   1.0689667791787074     
           2           3  0.97071251101028011     
           1           4   1.3767532226964447     
           4           5   1.4388870073080660     
           5           6   1.4384572275352840     
           4           7  0.10187776032715298     
           6           7   1.4290004238007754     
           1           8   1.3186264773169754     
           5           8  0.10453640733082252     
           7           8   1.4312491693280263     
           8           9  0.99442617528119759     
           9          10  0.95034566505835860     
          10          11  0.99400138900372026     
          11          12   1.4383075507094574     
          12          13   1.4251999710137886     
          11          14  0.10606863356505336     
          13          14   1.4435490991466424     
          12          15  0.10274978078145136     
          14          15   1.4355639204755859     
          11          16   1.3222716881100740     
          15          16   1.3811903871111200     
          16          17   1.0619252692155354     
          17          18  0.98066045322069562     
          10          19  0.95494256474964845     
          19          20   1.1675810833041460     
          20          21  0.96158672917986598     
          21          22   1.4139978571966547     
          22          23   1.4113405992869583     
          23          24  0.94932620247696531     
          24          25  0.94552543819082790     
          24          26  0.94604753418145804     
          24          27  0.95826492368039939     
          21          28  0.10885245615498616     
          23          28   1.4211014515167382     
          22          29  0.10307613920986475     
          28          29   1.4091501006511029     
          29          30  0.94819194202758883     
          30          31  0.96125343062774449     
          30          32  0.94466070333626817     
          30          33  0.94885332904191189     
          21          34   1.3957663498198398     
          23          34  0.10512680344917745     
          29          34   1.4283797227031316     
          19          35  0.18021750667594955     
          20          35   1.7291275896069247     
          19          36   1.0000000891319887     
          36          37  0.88049526656177868     
          37          38   1.2212244829979306     
          37          39   1.7667671228736519     
          38          39  0.18206451718739133     
           9          40  0.94928038029539930     
          36          40  0.96891107464526749     
          40          41   1.3006194176574726     
          41          42  0.95931180456453335     
          42          43   1.3970928264535585     
          43          44   1.4273744178883778     
          44          45  0.94858326760212208     
          45          46  0.95238640662123286     
          45          47  0.95341427602251538     
          45          48  0.94985726256842573     
          42          49  0.10959636158020575     
          44          49   1.4064040401636992     
          43          50  0.10548953355589115     
          49          50   1.4258826742179898     
          50          51  0.94874353410843870     
          51          52  0.95248516549277717     
          51          53  0.94084410939792451     
          51          54  0.96176625822479556     
          42          55   1.4180824341848854     
          44          55  0.10451222503726003     
          50          55   1.4081882475906262     
          40          56  0.19872950201681522     
          41          56   1.5930508218000268     
           3          57  0.97551640544183815     
           3          58  0.97688394195330097     
           3          59  0.97724815190231262     
           4          60  0.96386189538252653     
           5          61  0.96946762330416114     
           6          62  0.96973856492883881     
           7          63  0.96726580303222476     
           9          64  0.95191152346863106     
          10          65  0.94515988840538756     
          12          66  0.96786231230024100     
          13          67  0.97024861385733485     
          14          68  0.97037912646637681     
          15          69  0.96508650677132979     
          18          70  0.97956583246589712     
          18          71  0.97610218027437412     
          18          72  0.97658870731155500     
          22          73  0.96331862437463489     
          28          74  0.96167675923986706     
          34          75  0.95737417397821445     
          36          76  0.93722773292963757     
          38          77  0.75742083297640517     
          43          78  0.96185024282292231     
          49          79  0.96034069581088533     
          55          80  0.96363406785255690     
