   -0.03402098
   -0.03375001
    0.01394429
   -0.03504699
   -0.02949562
   -0.02921861
   -0.03136116
    0.01951138
   -0.03488581
    0.00914832
    0.04718182
    0.04432559
    0.00990655
   -0.03490588
    0.01773086
   -0.03245200
   -0.02841296
   -0.02899462
   -0.03436716
    0.01373453
   -0.03489990
   -0.03542313
   -0.11184195
    0.28419975
   -0.00850542
    0.00857507
    0.55911479
   -0.39518218
   -0.35582214
   -0.01565002
   -0.01968692
   -0.01219823
   -0.01847313
   -0.39332456
    0.09503026
    0.34400608
   -0.34579357
   -0.39818172
   -0.10543300
    0.27786729
   -0.00811257
   -0.01757101
   -0.01381923
   -0.01743302
   -0.01676894
    0.00437891
    0.54149987
   -0.36003725
   -0.39949384
   -0.39159142
    0.02766642
    0.03541707
    0.03033964
    0.02962560
    0.03196431
    0.04613076
    0.06425331
    0.05536475
    0.07483276
    0.04130137
    0.03720732
    0.03358159
    0.03222139
    0.03187860
    0.03341801
    0.03205884
    0.08822719
    0.06198166
    0.06135905
    0.05092756
    0.05602981
    0.34452982
    0.06451408
    0.06280496
    0.06428734
    0.08007639
