           1           2   1.5601861054596646     
           2           3   1.2780048781345694     
           3           4   1.2805443182480276     
           4           5   1.5572540386044678     
           5           6   1.3197380268596766     
           4           7  0.11845510029209817     
           6           7   1.5591679496469331     
           3           8   1.2503346019142501     
           7           8   1.2773121380379158     
           2           9  0.11603880929127368     
           8           9   1.2836303596893344     
           1          10   1.2961444730944731     
           9          10   1.5234979435204359     
          10          11  0.98873680505182615     
          11          12  0.95254159289702278     
          12          13  0.99287960004049969     
          13          14   1.5244134069448252     
          14          15   1.2831485028036025     
          15          16   1.2780420239494823     
          16          17   1.5583663049279084     
          17          18   1.3205281069650439     
          16          19  0.11822987179277655     
          18          19   1.5564000388670334     
          15          20   1.2506942385670332     
          19          20   1.2816436703207204     
          14          21  0.11484209969361690     
          20          21   1.2765297471338461     
          13          22   1.2948787746621802     
          21          22   1.5631694718477149     
          12          23  0.94426904894255281     
          23          24   1.1893428121550376     
          24          25  0.94431787736357431     
          25          26   1.3549964885088031     
          26          27  0.95780655917142843     
          27          28   1.4338325794733249     
          27          29   1.4791746705544060     
          28          29  0.36146166276495550     
          26          30   1.3877242785465356     
          25          31  0.10549608306342639     
          30          31   1.4482322601934197     
          31          32   1.4313035493427231     
          25          33   1.4171643995804792     
          30          33  0.10620478534154588     
          32          33   1.4350034492904511     
          23          34  0.18325003476862195     
          24          34   1.7186426664748411     
          23          35  0.98844612545224664     
          35          36  0.90716009130536790     
          36          37   1.1689619321789324     
          36          38   1.7692662699657191     
          37          38  0.18474723825513556     
          11          39  0.94818326274554587     
          35          39  0.98790427053519536     
          39          40   1.2082345029456585     
          40          41  0.95013074436281364     
          41          42   1.4119697147001260     
          42          43   1.4378121751248409     
          41          44  0.10551220656863362     
          43          44   1.4306302542672571     
          42          45  0.10503722871857858     
          44          45   1.4456909539648395     
          41          46   1.3543651398089673     
          45          46   1.3886438575715550     
          46          47  0.95404683869190166     
          47          48   1.4675015417361903     
          47          49   1.4317929369869349     
          48          49  0.36390285370212472     
          39          50  0.19466252897448627     
          40          50   1.7094943657238182     
           1          51  0.96839635732698248     
           2          52  0.96785102375196796     
           4          53  0.96848375789340158     
           5          54  0.97118341055708968     
           6          55  0.97095967746696932     
           7          56  0.96731525656346451     
           9          57  0.95581663008594719     
          11          58  0.95198277980641266     
          12          59  0.95048985827301058     
          14          60  0.96522637875225548     
          16          61  0.96806735735524585     
          17          62  0.97087482702162708     
          18          63  0.97104060913943191     
          19          64  0.96843887181650623     
          21          65  0.96808678408327853     
          22          66  0.96588609361022715     
          30          67  0.95915905404950008     
          31          68  0.96790669121094808     
          32          69  0.96791428523878809     
          33          70  0.96843520071332279     
          35          71  0.93782013970491906     
          37          72  0.85440581935155613     
          42          73  0.96603673890411401     
          43          74  0.96766553366485719     
          44          75  0.96737891669225129     
          45          76  0.96095576605699229     
