   -0.03564316
   -0.03255266
    0.01509981
   -0.03407631
   -0.02887853
   -0.02878394
   -0.02941482
    0.01990872
   -0.03166642
   -0.00166137
    0.03900072
    0.03634672
   -0.00343182
   -0.04622631
    0.01213450
   -0.03533613
   -0.02900545
   -0.02883180
   -0.03411541
    0.01251856
   -0.03390020
   -0.03728366
   -0.11353518
    0.27965359
   -0.03344036
    0.10739164
   -0.12611556
   -0.03348852
   -0.02264353
   -0.03546362
   -0.03627170
   -0.40738796
    0.08402207
    0.34866034
   -0.36162683
   -0.32537231
   -0.10893970
    0.27951335
   -0.03323018
   -0.03076418
   -0.03624923
   -0.02792965
   -0.03737813
    0.09838988
   -0.15184090
   -0.40959286
    0.04655177
    0.03519915
    0.03106377
    0.02980365
    0.03092392
    0.03652059
    0.04122646
    0.08078675
    0.08473944
    0.03666177
    0.03420503
    0.03314117
    0.03298324
    0.03433741
    0.03917115
    0.05394635
    0.06994534
    0.05555282
    0.04683683
    0.03671503
    0.02931723
    0.32284823
    0.04957503
    0.05142718
    0.05559429
    0.07036491
