           1           2   1.5681615681150272     
           2           3   1.2739098244478666     
           3           4   1.2824202082168217     
           4           5   1.5551469527435322     
           5           6   1.3221556530167549     
           4           7  0.11831608291493576     
           6           7   1.5563274973720858     
           3           8   1.2531561486426612     
           7           8   1.2802833654589292     
           2           9  0.11362457194257945     
           8           9   1.2763735335899153     
           1          10   1.2893291472550323     
           9          10   1.5350156466490292     
          10          11  0.98086189299631332     
          11          12  0.98091038579091450     
          12          13  0.98178922988180406     
          13          14   1.5330134782460771     
          14          15   1.2781849797763050     
          15          16   1.2794532711375419     
          16          17   1.5570115470619779     
          17          18   1.3213221762336087     
          16          19  0.11826372336659270     
          18          19   1.5561331921474073     
          15          20   1.2526069669662794     
          19          20   1.2815899008180704     
          14          21  0.11387022203725911     
          20          21   1.2750016739023744     
          13          22   1.2909223180855984     
          21          22   1.5668625475551381     
          12          23  0.93857257681650419     
          23          24   1.2132437495931716     
          24          25  0.95548875034648362     
          25          26   1.3638819337632753     
          26          27   1.0093531462804102     
          26          28   1.3949013991400656     
          25          29  0.10402404965116488     
          28          29   1.4488149978192455     
          29          30   1.4252604878305914     
          25          31   1.3983116408283658     
          28          31  0.10767871643773584     
          30          31   1.4451624165600376     
          23          32  0.19444033597306198     
          24          32   1.6971778677112557     
          23          33  0.98828572860157482     
          33          34  0.89902205355428078     
          34          35   1.1245661346749669     
          34          36   1.8232519398308797     
          35          36  0.16843571112874303     
          11          37  0.93605478030185585     
          33          37  0.98600625087669269     
          37          38   1.2226456857513064     
          38          39  0.94693596252734324     
          39          40   1.4106515641486979     
          40          41   1.4374783851995676     
          39          42  0.10664037270724348     
          41          42   1.4332984554958823     
          40          43  0.10862973517688271     
          42          43   1.4431439516220173     
          39          44   1.3696664031876344     
          41          44  0.10011424362092328     
          43          44   1.3988670474912590     
          44          45  0.99129707179649496     
          37          46  0.19690682308887689     
          38          46   1.6939748233676888     
           1          47  0.96677587726090786     
           2          48  0.96778171372236210     
           4          49  0.96853096402900807     
           5          50  0.97117469012300583     
           6          51  0.97107399504539260     
           7          52  0.96759219562852028     
           9          53  0.96118032736756021     
          11          54  0.94752365233502001     
          12          55  0.94660170242323716     
          14          56  0.96190789715298608     
          16          57  0.96802761116314096     
          17          58  0.97093893238332152     
          18          59  0.97096714431589770     
          19          60  0.96833190894851517     
          21          61  0.96747545090445086     
          22          62  0.96589720625945041     
          28          63  0.96524785043063233     
          29          64  0.96858792075533928     
          30          65  0.96935586445535094     
          31          66  0.96855457700913772     
          33          67  0.94331009084441408     
          35          68  0.86711215546756026     
          40          69  0.96776224366247021     
          41          70  0.96897522546707571     
          42          71  0.96850263804791981     
          43          72  0.96495899262386775     
