   -0.03246942
   -0.02885184
   -0.02801491
   -0.03461061
    0.01674067
    0.01958046
   -0.03257746
   -0.02765562
   -0.03266750
    0.00973986
    0.03969972
    0.04806889
    0.00669692
   -0.02812378
   -0.02809067
   -0.03279087
    0.01725917
    0.01527643
   -0.04070664
   -0.02871354
   -0.02897818
   -0.03301575
   -0.12600427
    0.27439752
   -0.02604486
   -0.01939116
   -0.03148051
    0.10211186
   -0.15861181
   -0.04493057
   -0.03746478
   -0.40022524
    0.08014626
    0.34617831
   -0.35272603
   -0.33838165
   -0.12322030
    0.27501774
   -0.02558322
   -0.03178955
   -0.03971732
    0.10011808
   -0.16150592
   -0.03845380
   -0.02272679
   -0.39421375
    0.03485512
    0.03273501
    0.03211790
    0.03037502
    0.03750295
    0.03610263
    0.03406051
    0.07735127
    0.04619424
    0.03064599
    0.03755963
    0.03776435
    0.04069748
    0.03485087
    0.03259379
    0.03431146
    0.06320644
    0.07193092
    0.06315759
    0.04298517
    0.03203002
    0.32621634
    0.05256581
    0.06919036
    0.06717599
    0.06052957
