           1           2   1.5544044898256610     
           2           3   1.3256342431975043     
           1           4  0.11836631093826636     
           3           4   1.5508752810328017     
           4           5   1.2889266484628252     
           1           6   1.2818159577458457     
           5           6   1.2584698071946092     
           6           7   1.2726128233856027     
           7           8   1.5611398892712924     
           8           9   1.3173490446529168     
           5          10   1.2397392910060676     
           7          10  0.11435836075936966     
           9          10   1.5339084930182147     
          10          11  0.99555203610279464     
          11          12  0.95804183119592123     
          12          13  0.99638699761898186     
          13          14   1.5185872418630042     
          14          15   1.3283806782361867     
          13          16  0.11463446481174148     
          15          16   1.5514263321664477     
          16          17   1.2798339268748851     
          13          18   1.2516826258062914     
          17          18   1.2511333525119261     
          18          19   1.2860923076085338     
          19          20   1.5508777483633158     
          20          21   1.3243810328655499     
          17          22   1.2806183594948393     
          19          22  0.11827171518694234     
          21          22   1.5555114010299078     
          12          23  0.93869382128579970     
          23          24   1.2095124726851694     
          24          25  0.94793978460559047     
          25          26   1.4015894227722916     
          26          27   1.4445951254160352     
          27          28   1.4012379490537872     
          28          29  0.98779133536891461     
          26          30  0.10810027550156423     
          28          30   1.3970126729677101     
          25          31   1.4026721872450638     
          27          31  0.10803151963577064     
          30          31   1.4421598147162082     
          23          32  0.19694176077288555     
          24          32   1.7110133491912236     
          23          33  0.97510496875600705     
          33          34  0.90400277318355804     
          34          35   1.1441982428368438     
          34          36   1.7992613686617736     
          35          36  0.16999707027897548     
          11          37  0.93697621150531640     
          33          37  0.98917687878316918     
          37          38   1.1913144901070787     
          38          39  0.95766768559189275     
          39          40   1.3968070911323034     
          40          41   1.4465180486049369     
          41          42   1.3989332603165459     
          42          43  0.98584600296128544     
          40          44  0.10747442129457149     
          42          44   1.3988705415740474     
          39          45   1.4001023812067854     
          41          45  0.10754743758452774     
          44          45   1.4472312561864547     
          37          46  0.18837336421596104     
          38          46   1.7167669096736211     
           1          47  0.96809003682155348     
           2          48  0.97078711364485282     
           3          49  0.97109465614758395     
           4          50  0.96485372751426590     
           7          51  0.96786181163744633     
           8          52  0.97036442344622653     
           9          53  0.96274435982322304     
          11          54  0.93485298309197673     
          12          55  0.95116742726012027     
          14          56  0.96459523677245329     
          15          57  0.97003975014143484     
          16          58  0.96770164891214583     
          19          59  0.95516426299326462     
          20          60  0.97084048085372054     
          21          61  0.97066122385270015     
          22          62  0.96796547253688436     
          26          63  0.96614481361811388     
          27          64  0.96482207395366282     
          30          65  0.96626574319390157     
          31          66  0.96798527367609144     
          33          67  0.94614201977638945     
          35          68  0.86057097349591216     
          40          69  0.96649499654408244     
          41          70  0.96527076566051062     
          44          71  0.96563827893067233     
          45          72  0.96683830233098966     
