   -0.04055103
   -0.03637099
    0.01129069
   -0.03515051
   -0.02855481
   -0.02834414
   -0.03368838
    0.01444344
   -0.03992160
   -0.00392639
    0.03366096
    0.03923593
    0.00402696
   -0.03730172
    0.01742657
   -0.03281973
   -0.02793225
   -0.02834805
   -0.03325235
    0.01463321
   -0.03287897
   -0.03030226
   -0.11835005
    0.27719445
   -0.01730001
   -0.01469702
   -0.03622695
    0.10044683
   -0.16913751
   -0.04020230
   -0.03251249
   -0.40965488
    0.08735726
    0.35125085
   -0.36025934
   -0.38120859
   -0.11072355
    0.27400739
   -0.01973907
   -0.03410818
   -0.03818773
    0.10261063
   -0.16340873
   -0.03695176
   -0.01953341
   -0.41148786
    0.03987963
    0.03934472
    0.03430083
    0.03391754
    0.03465008
    0.03852766
    0.04988346
    0.08323461
    0.07079425
    0.03837100
    0.03579480
    0.03387491
    0.03340455
    0.03373954
    0.03464184
    0.01620860
    0.07150927
    0.06591011
    0.06054943
    0.03995898
    0.07056646
    0.34532175
    0.05788174
    0.06279436
    0.06625376
    0.06413356
