           1           2   1.5516730591313306     
           2           3   1.2832627298105217     
           3           4   1.2779144614003530     
           4           5   1.5599352028836231     
           5           6   1.3172737510535057     
           4           7  0.11864444788639705     
           6           7   1.5618321234307848     
           3           8   1.2481797871087352     
           7           8   1.2743016674148930     
           2           9  0.11717326274749350     
           8           9   1.2900006195132072     
           1          10   1.3032862951080217     
           9          10   1.5167107152604014     
          10          11  0.98453347926251056     
          11          12  0.96129731078310710     
          12          13  0.98675914466277803     
          13          14   1.5259066118685354     
          14          15   1.2827029576871760     
          15          16   1.2782086672164263     
          16          17   1.5582427797415428     
          17          18   1.3205335076153328     
          16          19  0.11829827746806895     
          18          19   1.5566341076061792     
          15          20   1.2507123611919297     
          19          20   1.2813914542439848     
          14          21  0.11480248191825981     
          20          21   1.2770104591339753     
          13          22   1.2952659825703157     
          21          22   1.5630056452118626     
          12          23  0.95567921223582419     
          23          24   1.2012666419934475     
          24          25  0.96131319367373103     
          25          26   1.4062832010520572     
          26          27   1.4424457939727855     
          27          28   1.4043475357399584     
          28          29  0.97937417524086101     
          26          30  0.10766363785826995     
          28          30   1.3983472948425493     
          25          31   1.3966161685777885     
          27          31  0.10784388698328765     
          30          31   1.4470983581672068     
          23          32  0.19050211924561275     
          24          32   1.7027714049262719     
          23          33  0.98284490640552147     
          33          34  0.91003747146035729     
          34          35   1.1535484560987332     
          34          36   1.7841572255418399     
          35          36  0.18084564182704699     
          11          37  0.94662994240638909     
          33          37   1.0008369760706906     
          37          38   1.1907576908060196     
          38          39  0.97291440528893780     
          39          40   1.3931861974684738     
          40          41   1.4476966767569071     
          41          42   1.3984831169808201     
          42          43  0.98471998618366241     
          40          44  0.10668647586820515     
          42          44   1.3991386379745838     
          39          45   1.3963664006670582     
          41          45  0.10696692880129033     
          44          45   1.4477618425642338     
          37          46  0.18667756997036633     
          38          46   1.6990777906092132     
           1          47  0.96366380912391436     
           2          48  0.96778001743717201     
           4          49  0.96828888910293642     
           5          50  0.97091040208861534     
           6          51  0.97078474183505259     
           7          52  0.96796725830211905     
           9          53  0.96471680385145875     
          11          54  0.94947906380651226     
          12          55  0.94927827115378283     
          14          56  0.96541149218185551     
          16          57  0.96816216196072802     
          17          58  0.97087193119241677     
          18          59  0.97096025136008524     
          19          60  0.96833185182915815     
          21          61  0.96800122694324076     
          22          62  0.96658074443879272     
          26          63  0.96529593583758544     
          27          64  0.96582671634372930     
          30          65  0.96649571781427945     
          31          66  0.96613470486790387     
          33          67  0.92133037639599458     
          35          68  0.85408906356905656     
          40          69  0.96366628320865566     
          41          70  0.96623203193997464     
          44          71  0.96568066276734077     
          45          72  0.96578770223512422     
