   -0.04217183
   -0.03217613
    0.01410465
   -0.03340800
   -0.02630482
   -0.02562879
   -0.03135074
    0.01724438
   -0.04198929
   -0.01154040
    0.03623135
    0.04458035
    0.00069775
   -0.03492622
    0.01725765
   -0.03252224
   -0.02715437
   -0.02737883
   -0.03310262
    0.01459812
   -0.03335759
   -0.03651754
   -0.14332933
    0.27152364
   -0.01941728
   -0.03535566
   -0.02247358
   -0.04452848
    0.17713135
   -0.21456267
   -0.04470206
   -0.40908445
    0.07389820
    0.34781717
   -0.35504577
   -0.34299034
   -0.12014602
    0.27427285
   -0.01182743
   -0.05085856
    0.17364591
   -0.22008410
   -0.04397648
   -0.02498380
   -0.02510069
   -0.40999094
    0.02923606
    0.04003857
    0.03564442
    0.03621941
    0.03821415
    0.04459353
    0.04147092
    0.05689971
    0.05443787
    0.03747761
    0.03635864
    0.03557553
    0.03540755
    0.03587279
    0.03870789
    0.02593913
    0.04921310
    0.05846460
    0.06855684
    0.06326051
    0.09577903
    0.33244720
    0.06663133
    0.06675417
    0.05680390
    0.06497924
