           1           2   1.5685093527903566     
           2           3   1.2733868358033122     
           3           4   1.2823470449999641     
           4           5   1.5550336096713342     
           5           6   1.3226210532623541     
           4           7  0.11844292408380004     
           6           7   1.5556599938036413     
           3           8   1.2532914398743222     
           7           8   1.2807683246431507     
           2           9  0.11172935836255492     
           8           9   1.2745560051799798     
           1          10   1.2867357751237436     
           9          10   1.5320837420359712     
          10          11  0.98451015053105162     
          11          12  0.94694612119802113     
          12          13  0.98898313331214460     
          13          14   1.5274283516982272     
          14          15   1.2810454203738162     
          15          16   1.2788005358887060     
          16          17   1.5575402174433104     
          17          18   1.3211132030790609     
          16          19  0.11826503709820674     
          18          19   1.5561116747699653     
          15          20   1.2512051940330779     
          19          20   1.2817705981460030     
          14          21  0.11366272727196290     
          20          21   1.2759729205475974     
          13          22   1.2925547196802041     
          21          22   1.5648905940891220     
          12          23  0.95061506683898256     
          23          24   1.1893288811505380     
          24          25  0.95374031610583898     
          25          26   1.4115592456061354     
          26          27   1.4362340047927469     
          25          28  0.10924823044694419     
          27          28   1.4442181099088167     
          28          29   1.3929713035945632     
          29          30  0.96783595232870878     
          25          31   1.4051214377972947     
          27          31  0.11127044869337722     
          29          31   1.3980142878533517     
          23          32  0.18972557547498195     
          24          32   1.7148338513106163     
          23          33  0.98173000947239297     
          33          34  0.89960984534724697     
          34          35   1.1513265380810154     
          34          36   1.8070401851349605     
          35          36  0.17268055758474296     
          11          37  0.97323828372351440     
          33          37  0.98305414503070443     
          37          38   1.1731243204113579     
          38          39  0.98574407744763726     
          39          40   1.3956342103865165     
          40          41   1.4029592627165954     
          41          42  0.96291237296515542     
          39          43  0.10540288526345494     
          41          43   1.3929431842850397     
          40          44  0.10851690171295154     
          43          44   1.4376060308986922     
          39          45   1.3952481623912285     
          44          45   1.4461180866405987     
          37          46  0.17972009590814997     
          38          46   1.7008223492069705     
           1          47  0.96837160217018803     
           2          48  0.96750926001702431     
           4          49  0.96824249545578833     
           5          50  0.97074768810575307     
           6          51  0.97057208531767347     
           7          52  0.96745164383960136     
           9          53  0.95981814601855131     
          11          54  0.94766935905693006     
          12          55  0.95605370484384633     
          14          56  0.96499627893264517     
          16          57  0.96811764403449641     
          17          58  0.97075417476295134     
          18          59  0.97081317101260500     
          19          60  0.96820986998905412     
          21          61  0.96777545778536533     
          22          62  0.96767489456451228     
          26          63  0.96843721272529160     
          27          64  0.96835256718708873     
          28          65  0.96593807976376223     
          31          66  0.96553808726918466     
          33          67  0.92978613878449401     
          35          68  0.84724826291904032     
          40          69  0.95957900888723779     
          43          70  0.96620148344653711     
          44          71  0.96849731088294744     
          45          72  0.96651782822557308     
