   -0.02477773
    0.48604799
   -0.21337297
   -0.20823183
   -0.19983063
   -0.01895045
   -0.02084792
   -0.01720944
   -0.02761119
    0.01806706
    0.04004488
    0.05033154
    0.02407755
   -0.02354925
    0.48520945
   -0.23148116
   -0.19902842
   -0.20469607
   -0.01841550
   -0.01964557
   -0.01342808
   -0.02415309
   -0.11849031
    0.27159433
    0.07921199
   -0.06709243
   -0.06592598
    0.11898432
    0.00737258
   -0.03420146
   -0.02725118
   -0.02816773
   -0.02650111
   -0.02718800
   -0.15493944
   -0.40222666
    0.07384769
    0.35169488
   -0.35906223
   -0.36303845
   -0.10458315
    0.25840549
    0.08348764
   -0.04653292
   -0.06773622
    0.12068170
    0.00005197
   -0.03499891
   -0.02640567
   -0.02483525
   -0.02268189
   -0.02758173
   -0.19277506
   -0.47034145
    0.06926582
    0.06138216
    0.06066106
    0.05115931
    0.07365614
    0.06375879
    0.06683786
    0.05760504
    0.06034385
    0.07267771
    0.03230730
    0.04626063
    0.03675268
    0.03551683
    0.03501584
    0.03681714
    0.05299191
    0.07141464
    0.36761613
    0.06455149
    0.05294788
    0.03635351
    0.04100744
    0.04309135
    0.04671154
    0.05197142
