           1           2  0.95059944901199078     
           2           3  0.93811744902513339     
           2           4  0.93993586347933944     
           2           5  0.95613387428877239     
           1           6   1.4136909374102709     
           6           7   1.4420843806736701     
           1           8  0.10448327665652866     
           7           8   1.4332996172925905     
           6           9  0.10779838611785553     
           8           9   1.4463886823548755     
           1          10   1.3840909404131350     
           7          10  0.10879914524121823     
           9          10   1.4089147789303942     
          10          11  0.99691932095918745     
          11          12  0.94487504939222977     
          12          13  0.99202251325784663     
          13          14   1.3845354181356364     
          14          15  0.95302824665301844     
          15          16  0.92037964223158708     
          15          17  0.95857695042898972     
          15          18  0.94623205187776460     
          14          19   1.4112643281868396     
          13          20  0.10759289725091160     
          19          20   1.4434812922594435     
          14          21  0.10456954862543465     
          20          21   1.4330681748159737     
          13          22   1.4088886868143722     
          19          22  0.10891276325914787     
          21          22   1.4471920648685397     
          12          23  0.95991734715546395     
          23          24   1.1754736480552965     
          24          25  0.99497887306423438     
          25          26   1.5033198866449626     
          26          27   1.3439137741525524     
          25          28  0.12122527120055958     
          27          28   1.4835796616104966     
          28          29   1.0862958085064627     
          29          30   1.3699223115969825     
          30          31   1.4602802758687654     
          31          32   1.4290315835783365     
          30          33  0.10539469093508486     
          32          33   1.4306847858931782     
          29          34   1.3698796685516181     
          31          34  0.10546119460158776     
          33          34   1.4591062311663936     
          25          35   1.1296351687954294     
          28          35   1.1274205071113959     
          23          36  0.18616890112093337     
          24          36   1.6888674308688496     
          23          37   1.0008118947166320     
          37          38  0.88519965056808192     
          38          39   1.2049369941261685     
          38          40   1.7779012792337558     
          39          40  0.18162198439960198     
          11          41  0.96151220826109995     
          37          41  0.96770545378755912     
          41          42   1.2394979899704550     
          42          43   1.0442234494969151     
          43          44   1.4947625430866800     
          44          45   1.3470355524774660     
          43          46  0.12056085307451742     
          45          46   1.4913061312748144     
          46          47   1.0712493983366311     
          47          48   1.3718404641016604     
          48          49   1.4586984421021298     
          47          50  0.10140031806084124     
          49          50   1.4294092024904022     
          48          51  0.10731667600680148     
          50          51   1.4344322842515997     
          47          52   1.3785122507526024     
          49          52  0.10629291936862915     
          51          52   1.4531860670813443     
          43          53   1.0985420784957314     
          46          53   1.1192743815793513     
          41          54  0.17758848321089615     
          42          54   1.5549587880333586     
           6          55  0.96513319899183792     
           7          56  0.96824862944058587     
           8          57  0.96832077218386847     
           9          58  0.96638357939142860     
          11          59  0.94864640311887871     
          12          60  0.95304137594087668     
          19          61  0.96571411992941736     
          20          62  0.96872244077593805     
          21          63  0.96844942753484597     
          22          64  0.95960758976577853     
          26          65  0.97122419018176032     
          27          66  0.97267345620633749     
          30          67  0.96835665391774672     
          31          68  0.97071627880125755     
          32          69  0.97140732460537405     
          33          70  0.97052980847631676     
          34          71  0.96770321325550734     
          37          72  0.93488456608203352     
          39          73  0.77892352555388533     
          44          74  0.97167897912436740     
          45          75  0.97260174570436619     
          48          76  0.96919229333623125     
          49          77  0.97002331751065463     
          50          78  0.97074396030891230     
          51          79  0.96958558074833379     
          52          80  0.96805308978167803     
