    0.15012621
   -0.26769476
    0.04187251
   -0.06307702
   -0.03081686
   -0.04014707
   -0.03779034
   -0.00477255
    0.03935136
    0.04255907
   -0.00808076
   -0.03552569
   -0.03979757
   -0.03108963
   -0.06382653
    0.14693091
   -0.26940915
    0.03851292
   -0.11442065
    0.27750300
   -0.05031736
   -0.01930584
   -0.01057277
   -0.06768137
    0.13258873
   -0.27685981
    0.03672643
   -0.41780805
    0.08367981
    0.35977563
   -0.37657237
   -0.37916661
   -0.09508999
    0.28345582
   -0.05015921
   -0.01563566
   -0.01267691
   -0.07020902
    0.13174078
   -0.27093804
    0.03813400
   -0.41336830
    0.05819163
    0.03738396
    0.04415289
    0.03682343
    0.03507526
    0.03488022
    0.05459042
    0.08620742
    0.07466806
    0.04710264
    0.03626291
    0.03652548
    0.03953392
    0.03938638
    0.06168596
    0.04647877
    0.06064751
    0.05161341
    0.04131855
    0.06684312
    0.04706775
    0.08266374
    0.33998322
    0.06579580
    0.05034981
    0.03988985
    0.04588046
    0.06885015
