           1           2   1.0642520111721967     
           2           3  0.98525312955798572     
           1           4   1.3916998538861878     
           4           5   1.4243322864050996     
           5           6   1.4539450440282344     
           6           7   1.4123543788471560     
           1           8   1.3088566046954488     
           5           8  0.10624528686995097     
           7           8   1.4501951667625741     
           8           9  0.99939448655091834     
           9          10  0.96171027839589140     
          10          11  0.99505103622090130     
          11          12   1.4351689517236093     
          12          13   1.4274944550923485     
          11          14  0.10631527582729393     
          13          14   1.4421747257090893     
          12          15  0.10253890889466277     
          14          15   1.4359480705841867     
          11          16   1.3256997105406070     
          15          16   1.3811606463627382     
          16          17   1.0592796213323383     
          17          18  0.98225887801895184     
          10          19  0.94287886106360297     
          19          20   1.2276800542673196     
          20          21  0.95579431460163788     
          21          22   1.6054267598032288     
          21          23  0.10124253857752816     
          22          23   1.1994179660469155     
          22          24  0.11043920506556557     
          23          24   1.1659413985971989     
          21          25   1.1783725313378333     
          24          25   1.5578223456319416     
          25          26   1.0496106807045147     
          26          27  0.97861717444777896     
          19          28  0.19646982104483895     
          20          28   1.6826255647086716     
          19          29  0.96218204658893991     
          29          30  0.91488767245400526     
          30          31   1.1364686307090610     
          30          32   1.7823422412630670     
          31          32  0.17651947046427632     
           9          33  0.94416812333847555     
          29          33  0.99764180509983857     
          33          34   1.2133564441029845     
          34          35  0.96152744666188183     
          35          36   1.6017903029700642     
          36          37   1.2022378708082204     
          36          38  0.10795180635884606     
          37          38   1.1614897553287844     
          35          39   1.1707010110974518     
          38          39   1.5593629955665427     
          39          40   1.0554021913327580     
          40          41  0.97943506544453063     
          33          42  0.18946632775435446     
          34          42   1.6890428513485447     
           3          43  0.97992818024394590     
           3          44  0.97614413408504852     
           3          45  0.97688584293371306     
           4          46  0.96583208090777450     
           5          47  0.97114961426330726     
           6          48  0.97108362086686917     
           7          49  0.95991348048075975     
           9          50  0.93496826420640877     
          10          51  0.94756433545270613     
          12          52  0.96289826637954268     
          13          53  0.97090353339060353     
          14          54  0.97104224184554411     
          15          55  0.96540856212717796     
          18          56  0.97633747834345541     
          18          57  0.97942383925413856     
          18          58  0.97676882362701711     
          22          59  0.96950879400852497     
          24          60  0.96870545406500641     
          27          61  0.97672551575630973     
          27          62  0.97937045680403823     
          27          63  0.97730815838149543     
          29          64  0.93835702628044781     
          31          65  0.85765170323233819     
          36          66  0.96830763373706674     
          38          67  0.96876609084822995     
          41          68  0.97634805790402701     
          41          69  0.97701743345753056     
          41          70  0.97959870386545944     
