   -0.02060051
    0.48587966
   -0.19870496
   -0.20339452
   -0.22764956
   -0.01739419
   -0.02039299
   -0.01635493
   -0.02444007
    0.02681984
    0.05142358
    0.04003796
    0.01125986
   -0.02975043
    0.48523747
   -0.21641576
   -0.19612506
   -0.21476411
   -0.01973174
   -0.02052138
   -0.01640327
   -0.02466081
   -0.11377614
    0.27447908
   -0.01625798
   -0.04248721
   -0.02947298
   -0.05525677
    0.15141144
   -0.25475080
    0.03024851
   -0.06263114
   -0.41216305
    0.09588411
    0.36831193
   -0.36961896
   -0.37695680
   -0.11877969
    0.27486610
   -0.01910176
   -0.05181283
    0.15031222
   -0.26611123
    0.03439433
   -0.05858570
   -0.02057906
   -0.03708439
   -0.41018395
    0.06916072
    0.05820600
    0.05540539
    0.05661060
    0.06190418
    0.06238165
    0.07186417
    0.06255525
    0.06130005
    0.05574391
    0.03630309
    0.04475562
    0.05764518
    0.04435817
    0.05126838
    0.06763946
    0.04532156
    0.06264648
    0.34428136
    0.04990849
    0.04346348
    0.06399553
    0.04554051
    0.04613842
    0.04778955
    0.03616144
