           1           2  0.95233935126640124     
           2           3  0.95834226187335791     
           2           4  0.94689650869947850     
           2           5  0.92388889182957079     
           1           6   1.4118359076029185     
           6           7   1.4443476080232880     
           1           8  0.10423015932872383     
           7           8   1.4310856131646152     
           6           9  0.10919778898271776     
           8           9   1.4507177997341372     
           1          10   1.3867017009143294     
           7          10  0.10841978906940362     
           9          10   1.4060443741651942     
          10          11  0.99432389140527611     
          11          12  0.94929743516041798     
          12          13  0.99340945997053820     
          13          14   1.3864180862835611     
          14          15  0.95145241178994722     
          15          16  0.93277303304071824     
          15          17  0.96025541867106268     
          15          18  0.93725360867768670     
          14          19   1.4104098836504579     
          13          20  0.10835398180550204     
          19          20   1.4446406811323291     
          14          21  0.10429404812896458     
          20          21   1.4312899526685108     
          13          22   1.4070154483502353     
          19          22  0.10883783190996166     
          21          22   1.4490892304512795     
          12          23  0.96343940763865321     
          23          24   1.2125963510936313     
          24          25  0.95987770618461465     
          25          26   1.4065035104755603     
          26          27   1.4185751467031695     
          25          28  0.10623132545949265     
          27          28   1.4709545105363349     
          28          29   1.3428936085169538     
          29          30   1.0841669664691351     
          30          31  0.97965956461411774     
          25          32   1.4096007738376106     
          27          32  0.10021852473118478     
          29          32   1.3658997781286017     
          23          33  0.18611412156552193     
          24          33   1.6805659342181198     
          23          34  0.97394366314182890     
          34          35  0.90822693111768227     
          35          36   1.1357463645900845     
          35          37   1.7837480976751148     
          36          37  0.17308480149737143     
          11          38  0.95767849595356569     
          34          38  0.98727100898174536     
          38          39   1.1921784840968086     
          39          40  0.95880168652964448     
          40          41   1.4307215368846291     
          41          42   1.3496370334291581     
          42          43   1.0683141293413807     
          43          44  0.98246481791185780     
          40          45  0.10114006159527407     
          42          45   1.3734796156763258     
          41          46  0.10723681603308428     
          45          46   1.4370356191686029     
          40          47   1.3856465348189204     
          46          47   1.4468557872434733     
          38          48  0.18947801312204654     
          39          48   1.7070009636204322     
           6          49  0.96541657515461121     
           7          50  0.96876359943551860     
           8          51  0.96897846575703450     
           9          52  0.96510449387967401     
          11          53  0.95325501761082898     
          12          54  0.95276616533854197     
          19          55  0.96487007839123495     
          20          56  0.96816559658677248     
          21          57  0.96820333655022739     
          22          58  0.96569033460568443     
          26          59  0.96923106499998501     
          27          60  0.96901312693630759     
          28          61  0.96740956211388629     
          31          62  0.97655972103286215     
          31          63  0.97600493446303649     
          31          64  0.97933263411577465     
          32          65  0.96471482625122051     
          34          66  0.94298038060194722     
          36          67  0.85715099777735926     
          41          68  0.96726488538392774     
          44          69  0.97675577978728623     
          44          70  0.97957569480218121     
          44          71  0.97652073061446343     
          45          72  0.96564278248222779     
          46          73  0.96932643566401078     
          47          74  0.97008470442577921     
