   -0.03188879
    0.48445225
   -0.19779288
   -0.21298545
   -0.21601664
   -0.02145088
   -0.02068075
   -0.01584517
   -0.02759017
    0.01170910
    0.04088395
    0.05141975
    0.02564295
   -0.02294527
    0.48587552
   -0.20146410
   -0.22809552
   -0.20000302
   -0.01828839
   -0.01969542
   -0.01509174
   -0.02151906
   -0.12549007
    0.27169343
   -0.01737524
   -0.02763387
   -0.02340368
   -0.02146581
   -0.01991608
   -0.01542707
   -0.41442206
    0.09455831
    0.36653529
   -0.37581424
   -0.38428857
   -0.11365031
    0.27195703
   -0.01422505
   -0.02133711
   -0.02738198
   -0.02572446
   -0.02646473
   -0.03017651
   -0.41826415
    0.06986623
    0.06175222
    0.06142611
    0.06882070
    0.06127165
    0.06586730
    0.06907944
    0.05938974
    0.05748192
    0.04903058
    0.02736305
    0.04098016
    0.04266032
    0.04468913
    0.04465627
    0.07339701
    0.34149075
    0.05001544
    0.04408840
    0.04391612
    0.04774858
    0.04409555
