           1           2  0.95148181373148244     
           2           3  0.95867636146942947     
           2           4  0.93575747010281118     
           2           5  0.93622427368089489     
           1           6   1.4092928436183862     
           6           7   1.4451215097410313     
           1           8  0.10361469757378471     
           7           8   1.4305942883916429     
           6           9  0.10880518526437946     
           8           9   1.4493392495722257     
           1          10   1.3865301946006463     
           7          10  0.10807311589063454     
           9          10   1.4057324768102306     
          10          11  0.99807890146203704     
          11          12  0.94249589112902965     
          12          13  0.99641926117025081     
          13          14   1.3858942703090740     
          14          15  0.95222959724120182     
          15          16  0.94913995977604926     
          15          17  0.92352383915000347     
          15          18  0.95668749530138697     
          14          19   1.4121537036035103     
          13          20  0.10839134709827107     
          19          20   1.4441619312747196     
          14          21  0.10455786522958345     
          20          21   1.4315732692307945     
          13          22   1.4067126086688337     
          19          22  0.10890232463739620     
          21          22   1.4500776668052644     
          12          23  0.95990344473834210     
          23          24   1.1775125072756125     
          24          25  0.97318460534298257     
          25          26   1.3973674351780645     
          26          27   1.4475972280091405     
          25          28  0.10923597602734027     
          27          28   1.4350533016587292     
          26          29  0.11103171264386905     
          28          29   1.4405070051903086     
          25          30   1.4046296694320524     
          27          30  0.11031990848887709     
          29          30   1.4426555466005038     
          23          31  0.18161427550957204     
          24          31   1.7038613722332414     
          23          32  0.98332812111327772     
          32          33  0.90591163464744207     
          33          34   1.1247356997946381     
          33          35   1.7772654196337994     
          34          35  0.16808983437521940     
          11          36  0.96332938067560125     
          32          36  0.97799479249014420     
          36          37   1.2106726915710160     
          37          38  0.98714028267901099     
          38          39   1.3937280624157815     
          39          40   1.4498848467019383     
          38          41  0.10725267482339858     
          40          41   1.4344587893163205     
          39          42  0.11013134941872109     
          41          42   1.4380799452105506     
          38          43   1.3973186981358738     
          40          43  0.10926945975211955     
          42          43   1.4454723238152660     
          36          44  0.18069999893311772     
          37          44   1.6499598254124814     
           6          45  0.96514043159335872     
           7          46  0.96820199486583203     
           8          47  0.96818888464410313     
           9          48  0.96010878109209385     
          11          49  0.95239371141405216     
          12          50  0.95118379185278390     
          19          51  0.96536452266567407     
          20          52  0.96860043367109294     
          21          53  0.96873145938559102     
          22          54  0.96621026645469266     
          26          55  0.96871308190734595     
          27          56  0.96987439538612930     
          28          57  0.97069043687032219     
          29          58  0.96960011029776183     
          30          59  0.96940191300065714     
          32          60  0.94351409458287838     
          34          61  0.85887957712505747     
          39          62  0.96840753852643902     
          40          63  0.96965571610245016     
          41          64  0.97054481190646680     
          42          65  0.96926359330252665     
          43          66  0.96851962076197706     
