   -0.02994640
   -0.03120594
    0.01552914
   -0.03347899
   -0.02927423
   -0.02872920
   -0.03279789
    0.01859806
   -0.03649281
    0.01502923
    0.05005459
    0.04986831
    0.01159345
   -0.03172329
    0.01736711
   -0.03282449
   -0.02940782
   -0.02977453
   -0.03369542
    0.01448537
   -0.03210556
   -0.03137832
   -0.12989210
    0.27344695
   -0.00825728
   -0.03475830
   -0.00533809
   -0.05678723
   -0.05758649
   -0.05685891
   -0.05483817
    0.02825942
   -0.09106800
   -0.43069486
    0.07663668
    0.34689291
   -0.35978945
   -0.34899720
   -0.18254593
    0.27589426
   -0.03174831
   -0.05824652
   -0.00755717
    0.02053406
   -0.05981477
   -0.05834141
   -0.05895596
   -0.05820755
    0.02192488
   -0.39708518
    0.01965414
    0.03632963
    0.03268846
    0.03175143
    0.03248506
    0.03404772
    0.04036946
    0.04367011
    0.05486929
    0.03575168
    0.03323122
    0.03101963
    0.03052418
    0.03230670
    0.03727086
    0.02846542
    0.05764486
    0.04661270
    0.04479807
    0.03474213
    0.03722173
    0.04111228
    0.03519381
    0.04480172
    0.04732387
    0.08001500
    0.33554619
    0.03599252
    0.05284639
    0.05498417
    0.04213398
    0.03939582
    0.03946289
    0.03741698
    0.04713682
    0.04527245
