           1           2   1.5741535566712914     
           2           3   1.2705711950812024     
           3           4   1.2842925304970456     
           4           5   1.5535713962361677     
           5           6   1.3232297108924131     
           4           7  0.11783730150595040     
           6           7   1.5552181739013202     
           3           8   1.2535977562856506     
           7           8   1.2812218335011452     
           2           9  0.11108306798042260     
           8           9   1.2758367663924266     
           1          10   1.2819632801379168     
           9          10   1.5339627984558317     
          10          11  0.99648255383431761     
          11          12  0.96218554854072513     
          12          13  0.99117392168880636     
          13          14   1.5256385291797347     
          14          15   1.2818225561293337     
          15          16   1.2788929295658533     
          16          17   1.5574792057675646     
          17          18   1.3210011049231716     
          16          19  0.11801848057959292     
          18          19   1.5558450230988734     
          15          20   1.2506022544258815     
          19          20   1.2821183217041683     
          14          21  0.11393815065188713     
          20          21   1.2760300601285202     
          13          22   1.2923408829912937     
          21          22   1.5645577498615333     
          12          23  0.95062453561537319     
          23          24   1.1927532418179707     
          24          25   1.0225577691216805     
          25          26   1.5664769388153843     
          26          27   1.2608209419035459     
          27          28   1.0071028613207991     
          28          29   1.0063149657339512     
          29          30   1.0093886139217592     
          30          31  0.99934554928191166     
          25          32  0.10851854589654830     
          27          32   1.5611130538187912     
          31          32   1.0254812731386480     
          25          33   1.1214978453034712     
          32          33   1.1422813911080905     
          23          34  0.18154427485458777     
          24          34   1.6507457438525750     
          23          35  0.97836844631315856     
          35          36  0.90615128588581928     
          36          37   1.1492544682226660     
          36          38   1.8065711596073453     
          37          38  0.17231143519857392     
          11          39  0.94497211064871656     
          35          39  0.98639999828960401     
          39          40   1.0936650380996413     
          40          41   1.0544889346048678     
          41          42   1.5096079418175006     
          42          43   1.2926670476500817     
          43          44   1.5204368162624933     
          44          45   1.0287395967867701     
          45          46   1.0000204003891897     
          46          47   1.0093938668568425     
          43          48   1.0085594904665638     
          47          48   1.0064988515798454     
          41          49   1.1421154176155868     
          42          49  0.11002259188933605     
          44          49   1.1973126641183367     
          39          50  0.14693644847659956     
          40          50   1.7135404086301624     
           1          51  0.96966960873190866     
           2          52  0.96778905153458483     
           4          53  0.96841635922598013     
           5          54  0.97107800388182208     
           6          55  0.97098577583472012     
           7          56  0.96819669500783823     
           9          57  0.96010011101975601     
          11          58  0.94513315395434550     
          12          59  0.95316440822786053     
          14          60  0.96270654599042849     
          16          61  0.96829585753893266     
          17          62  0.97106830283781109     
          18          63  0.97113865921687204     
          19          64  0.96842995766034423     
          21          65  0.96788000167004595     
          22          66  0.96637474008922708     
          26          67  0.96136287316957780     
          28          68  0.96001171597894419     
          28          69  0.96810419805122661     
          29          70  0.97765502930788339     
          29          71  0.97805719552573833     
          30          72  0.97796746519223698     
          30          73  0.97723258795529822     
          31          74  0.96677916004077935     
          31          75  0.95711007186212027     
          35          76  0.91925841378430539     
          37          77  0.83957454721131786     
          42          78  0.96091726354840512     
          45          79  0.96436476512016989     
          45          80  0.95386223131651005     
          46          81  0.97775396797207881     
          46          82  0.97701749951503047     
          47          83  0.97784993397332176     
          47          84  0.97752108070688970     
          48          85  0.95998750637361308     
          48          86  0.96766017334676424     
