           1           2  0.98945214285703564     
           2           3   1.0610166632166003     
           3           4   1.4036341891449451     
           4           5   1.4098754257566617     
           5           6   1.4330368143240573     
           6           7  0.99560586079462754     
           7           8   1.0099888365198335     
           8           9   1.9766681666966803     
           6          10   1.3802678915916082     
           3          11   1.2721417428906061     
          10          11   1.4184744987925977     
          11          12   1.0716306606182737     
           1          13  0.97607696421139167     
           1          14  0.97934824084180760     
           1          15  0.97602290527661428     
           4          16  0.96568687391789687     
           5          17  0.96922344855339704     
           7          18  0.96822152773017722     
           7          19  0.95915724571889860     
           8          20  0.96714987441750022     
           9          21  0.97647248715947121     
           9          22  0.97535269415195214     
          10          23  0.96414685856113247     
          12          24  0.88906495901871607     
