   -0.03611010
   -0.03189764
    0.01362313
   -0.03307418
   -0.02953108
   -0.02946847
   -0.03683022
    0.01370526
   -0.04344117
    0.00178858
    0.03563539
    0.04090374
    0.01255040
   -0.03308163
    0.01702457
   -0.03267372
   -0.02925911
   -0.02961718
   -0.03332464
    0.01526469
   -0.03105886
   -0.02829602
   -0.12225918
    0.27355432
   -0.02020937
   -0.02362881
   -0.02718703
   -0.03263403
    0.01160907
    0.00854462
   -0.03225003
   -0.02743670
   -0.02919108
   -0.02911189
   -0.03362851
   -0.03892438
   -0.41276674
    0.08704114
    0.35423228
   -0.36688544
   -0.37653515
   -0.12842475
    0.27382945
   -0.01999850
   -0.04038925
    0.01297295
    0.01044052
   -0.03212594
   -0.02841313
   -0.02862146
   -0.02770230
   -0.03372136
   -0.03066165
   -0.02744802
   -0.02390125
   -0.40836684
    0.03638495
    0.03944322
    0.03478549
    0.03274377
    0.03160195
    0.02981135
    0.03484353
    0.08245425
    0.06383520
    0.02359567
    0.03045785
    0.03052800
    0.03059426
    0.03273266
    0.03789158
    0.03537455
    0.04813146
    0.04102049
    0.04019712
    0.03026057
    0.03049784
    0.03244037
    0.03324116
    0.03481855
    0.02871176
    0.07541428
    0.34331304
    0.04664814
    0.03431756
    0.03353705
    0.03300501
    0.02916278
    0.03060061
    0.03819424
    0.04115554
    0.04562083
