           1           2   1.5684586202079758     
           2           3   1.2731734061176150     
           3           4   1.2831793791324213     
           4           5   1.5547371844891222     
           5           6   1.3224229354126957     
           4           7  0.11794395415168210     
           6           7   1.5557835812339837     
           3           8   1.2524712424083144     
           7           8   1.2804812780071961     
           2           9  0.11280608278262096     
           8           9   1.2777415934384906     
           1          10   1.2874487000620984     
           9          10   1.5285518537437395     
          10          11  0.99291882709571555     
          11          12  0.94376553323310119     
          12          13  0.99472633025530266     
          13          14   1.5188429443926432     
          14          15   1.2873584547114696     
          15          16   1.2769912165070920     
          16          17   1.5591953687183513     
          17          18   1.3194045511509715     
          16          19  0.11812013586535329     
          18          19   1.5573433303475839     
          15          20   1.2485122575484695     
          19          20   1.2808766333899964     
          14          21  0.11574210770582688     
          20          21   1.2791985707356044     
          13          22   1.2986094054309112     
          21          22   1.5591844367955034     
          12          23  0.95202506201113646     
          23          24   1.1981793153072753     
          24          25  0.96423829105911019     
          25          26   1.3954893334357317     
          26          27   1.4364485539194782     
          25          28  0.10389611780219792     
          27          28   1.4507629401649011     
          26          29  0.10254322232293403     
          28          29   1.3830998607506058     
          29          30   1.0512646852977363     
          30          31   1.3853027815488499     
          31          32   1.4529129864010766     
          30          33  0.10466095900744674     
          32          33   1.4329481091071616     
          31          34  0.10785875678781175     
          33          34   1.4348181443308685     
          30          35   1.3880275706509284     
          32          35  0.10798765274769749     
          34          35   1.4514476049623886     
          25          36   1.4111686098964078     
          27          36  0.10431061462343369     
          29          36   1.3884055408121858     
          23          37  0.18940221322445860     
          24          37   1.7003038364861045     
          23          38  0.99004642585068292     
          38          39  0.91484922241217947     
          39          40   1.1421302690603932     
          39          41   1.7934435504139694     
          40          41  0.17981421675609177     
          11          42  0.96561095482846337     
          38          42  0.97970926403459124     
          42          43   1.1679974931834305     
          43          44  0.97721192311713334     
          44          45   1.4006182198990731     
          45          46   1.3934763704604245     
          46          47   1.0468075428931829     
          47          48   1.3899401632612252     
          48          49   1.4505193120876847     
          47          50  0.10530639125547070     
          49          50   1.4350773851262340     
          48          51  0.10820095958123919     
          50          51   1.4335281181390886     
          47          52   1.3869827817050717     
          49          52  0.10857315836508276     
          51          52   1.4521898431090152     
          44          53  0.10314843968976865     
          46          53   1.3832826035841084     
          45          54  0.10532702070448924     
          53          54   1.4504675759354027     
          44          55   1.3962912322868966     
          46          55  0.10209205929637639     
          54          55   1.4359024635743933     
          42          56  0.17914435749058841     
          43          56   1.7133261523648995     
           1          57  0.96719235297075612     
           2          58  0.96756078436257420     
           4          59  0.96830076879494364     
           5          60  0.97100739087224841     
           6          61  0.97103202356283258     
           7          62  0.96845897885134480     
           9          63  0.96350510499500697     
          11          64  0.94067004750497962     
          12          65  0.95374235303560839     
          14          66  0.96580696285287848     
          16          67  0.96844586710036185     
          17          68  0.97110695176541628     
          18          69  0.97113200109959774     
          19          70  0.96838880394882598     
          21          71  0.96772823701122723     
          22          72  0.96737796144204635     
          26          73  0.96871965472739630     
          27          74  0.96909055588792303     
          28          75  0.96707074792153069     
          31          76  0.96639754604703398     
          32          77  0.97053393933563048     
          33          78  0.97138582311513333     
          34          79  0.97071527467059171     
          35          80  0.96750175059466703     
          36          81  0.96487686843597198     
          38          82  0.92283291088879860     
          40          83  0.85530019403407342     
          45          84  0.96403044583382080     
          48          85  0.96850857048734107     
          49          86  0.97068434887406374     
          50          87  0.97139871804370359     
          51          88  0.97078854545863003     
          52          89  0.96623590179766161     
          53          90  0.96738096556481401     
          54          91  0.96921310654376580     
          55          92  0.96894606710288911     
