   -0.02622943
    0.48498587
   -0.20048576
   -0.22920643
   -0.19773225
   -0.02106045
   -0.02166707
   -0.01599904
   -0.02865148
    0.01977247
    0.04991383
    0.03811793
    0.00700159
   -0.02781503
    0.48708259
   -0.20440057
   -0.19793037
   -0.21369550
   -0.02165740
   -0.02065230
   -0.01644056
   -0.02824129
   -0.11014953
    0.28377186
   -0.02789773
    0.06371562
   -0.14359214
   -0.05175901
   -0.02869306
    0.05796937
   -0.40703423
    0.09594011
    0.36493694
   -0.34970846
   -0.38997132
   -0.10577601
    0.27974493
   -0.03270677
    0.06820241
   -0.13646784
   -0.04754842
   -0.02677285
    0.04814789
   -0.40493770
    0.06743835
    0.05821116
    0.06128411
    0.07251060
    0.07776264
    0.07232678
    0.07354448
    0.06281186
    0.06207710
    0.05558672
    0.06941742
    0.07036198
    0.09254790
    0.35043673
    0.07049609
    0.06876268
