           1           2  0.95098664329641724     
           2           3  0.95588664263993528     
           2           4  0.92151508126458292     
           2           5  0.95352406335833217     
           1           6   1.4116588899255018     
           6           7   1.4438882656886665     
           1           8  0.10487116320715006     
           7           8   1.4330043248033446     
           6           9  0.10932619241296651     
           8           9   1.4472012105104057     
           1          10   1.3866776884128167     
           7          10  0.10776930783417718     
           9          10   1.4094703850915584     
          10          11  0.98939447492995647     
          11          12  0.95119256268220720     
          12          13  0.99259019212863275     
          13          14   1.3870505253226841     
          14          15  0.94877706232812664     
          15          16  0.94778166816225629     
          15          17  0.95669973314757228     
          15          18  0.93352087679820206     
          14          19   1.4121589735591908     
          13          20  0.10826521529925148     
          19          20   1.4441958055523971     
          14          21  0.10564739843453357     
          20          21   1.4325800447470387     
          13          22   1.4079222467424928     
          19          22  0.10843053725945459     
          21          22   1.4481352812008574     
          12          23  0.96324135570343516     
          23          24   1.2180814960481881     
          24          25  0.97016624386556327     
          25          26   1.5412771746334328     
          26          27  0.98931047953199314     
          26          28   1.2494524828490916     
          25          29  0.10834924116139920     
          28          29   1.6250767120775387     
          25          30   1.1691376334070811     
          29          30   1.2070720065835732     
          23          31  0.19439959833911780     
          24          31   1.6812461543040522     
          23          32  0.97340353854679995     
          32          33  0.90463450813526303     
          33          34   1.1718192087487154     
          33          35   1.7653885099107169     
          34          35  0.18131742322608149     
          11          36  0.95672838699745000     
          32          36  0.98714733478042782     
          36          37   1.2086726530641403     
          37          38  0.97464711389410075     
          38          39   1.5370309092936481     
          39          40  0.99458240011324761     
          39          41   1.2506967012686259     
          38          42  0.10816194082020150     
          41          42   1.6250658345125455     
          38          43   1.1634471174975636     
          42          43   1.2050923775806985     
          36          44  0.19670524231818734     
          37          44   1.6911876687777199     
           6          45  0.96554440878989256     
           7          46  0.96862841462057725     
           8          47  0.96831335113291583     
           9          48  0.95934157303353995     
          11          49  0.95196952600788542     
          12          50  0.94181292361301694     
          19          51  0.96457801562577861     
          20          52  0.96799771638816090     
          21          53  0.96792144058807539     
          22          54  0.96486093199579681     
          28          55  0.96153243934790777     
          29          56  0.96587483011702069     
          32          57  0.93697888212301028     
          34          58  0.85075787180841134     
          41          59  0.96115115016155928     
          42          60  0.96619416775285982     
