   -0.03281147
   -0.03395009
    0.01392550
   -0.03375621
   -0.02872228
   -0.02836935
   -0.03250186
    0.01721234
   -0.03466423
    0.00357095
    0.04112786
    0.03726869
   -0.00451652
   -0.03894133
    0.01480551
   -0.03316095
   -0.02874980
   -0.02890359
   -0.03533187
    0.01149967
   -0.03670195
   -0.04111925
   -0.10783977
    0.27662755
   -0.03488792
   -0.01955180
   -0.01978630
    0.02722239
   -0.11077825
   -0.06329658
   -0.41784877
    0.08987832
    0.35042629
   -0.36418256
   -0.38234723
   -0.11851959
    0.27835159
   -0.03057862
   -0.03297999
   -0.03891299
    0.02915891
   -0.10866597
   -0.04722245
   -0.41330556
    0.02265910
    0.03452017
    0.03281316
    0.03231592
    0.03302213
    0.03606188
    0.04085441
    0.06722185
    0.07481397
    0.05576351
    0.03928463
    0.03353494
    0.03246518
    0.03274318
    0.03682482
    0.03688542
    0.05329089
    0.05538285
    0.06221520
    0.06098292
    0.03190130
    0.07588916
    0.34435400
    0.03746760
    0.05672854
    0.05644009
    0.05866824
    0.05672444
