           1           2   1.5660647588258803     
           2           3   1.2748980504670704     
           3           4   1.2822966595725824     
           4           5   1.5556832512666439     
           5           6   1.3213963766078547     
           4           7  0.11820621980176235     
           6           7   1.5573504286171584     
           3           8   1.2517396384364237     
           7           8   1.2791259907363739     
           2           9  0.11403637840325526     
           8           9   1.2805091882522053     
           1          10   1.2928875464185647     
           9          10   1.5290930641071931     
          10          11  0.98716640973252257     
          11          12  0.96522559045532808     
          12          13  0.98326745893884715     
          13          14   1.5209448866137811     
          14          15   1.2866693619693226     
          15          16   1.2756794033841377     
          16          17   1.5606217994752569     
          17          18   1.3183922788221563     
          16          19  0.11856276202736903     
          18          19   1.5588519875165636     
          15          20   1.2496049651853869     
          19          20   1.2788501757207622     
          14          21  0.11635821718130339     
          20          21   1.2810245116733592     
          13          22   1.3005060989518153     
          21          22   1.5550557165432208     
          12          23  0.94696890779489740     
          23          24   1.2039738961349606     
          24          25  0.95825749009614547     
          25          26   1.6042048676145262     
          26          27   1.1870849903803857     
          26          28  0.10597000677815820     
          27          28   1.1606644461843081     
          28          29   1.0400330807104232     
          25          30   1.2214957372678843     
          28          30   1.6076422641125359     
          23          31  0.19001778895067203     
          24          31   1.6951283608709735     
          23          32  0.99869003833109715     
          32          33  0.90711355328730825     
          33          34   1.1540764947886732     
          33          35   1.7816500349141493     
          34          35  0.18131840266728744     
          11          36  0.95154498778878394     
          32          36  0.99010297477172171     
          36          37   1.1995183821745776     
          37          38  0.95967175690815876     
          38          39   1.5907482392038572     
          39          40   1.1809636547305062     
          39          41  0.11206967167474627     
          40          41   1.1502874388493738     
          41          42   1.0394508311585262     
          38          43   1.2326338454161352     
          41          43   1.6170423631359518     
          36          44  0.18906231452744782     
          37          44   1.6998677767273480     
           1          45  0.96668982781584845     
           2          46  0.96803221787121774     
           4          47  0.96840154205347728     
           5          48  0.97102922559091498     
           6          49  0.97091969831811697     
           7          50  0.96814984626685419     
           9          51  0.96488638343784983     
          11          52  0.95156571409911472     
          12          53  0.95408449764791836     
          14          54  0.96317279995632932     
          16          55  0.96791726154273505     
          17          56  0.97085361072988519     
          18          57  0.97100801800261660     
          19          58  0.96839133939568511     
          21          59  0.96794827930605776     
          22          60  0.96415720005923433     
          26          61  0.96956494379575120     
          29          62  0.97841632765816167     
          29          63  0.96372864009616721     
          29          64  0.97359815854576759     
          30          65  0.96108183046912687     
          32          66  0.91542509663605465     
          34          67  0.85517251235758596     
          39          68  0.96935842732432720     
          42          69  0.97920672226678285     
          42          70  0.96932865692144154     
          42          71  0.96950633560855881     
          43          72  0.96131068077192017     
