   -0.02760388
    0.48513033
   -0.19770322
   -0.19963183
   -0.23181199
   -0.02148049
   -0.02193715
   -0.01632797
   -0.03008483
    0.01940239
    0.05087139
    0.03874038
    0.00870563
   -0.02927228
    0.48731043
   -0.21006394
   -0.21145987
   -0.19916593
   -0.01897358
   -0.01910318
   -0.01467573
   -0.02788617
   -0.10272980
    0.26965892
   -0.01028144
   -0.02495611
   -0.02299581
   -0.03653638
    0.09980068
   -0.15993749
   -0.04216255
   -0.44871986
    0.07188977
    0.34918194
   -0.35882041
   -0.36579159
   -0.10760707
    0.27798567
   -0.01432325
   -0.02824454
    0.10431474
   -0.15873554
   -0.03720492
   -0.02530206
   -0.03816232
   -0.40418946
    0.06744479
    0.05836225
    0.06098585
    0.07673463
    0.06534923
    0.06176288
    0.06934630
    0.06587694
    0.06653871
    0.05514198
    0.07158127
    0.06472993
    0.06845733
    0.05747427
    0.08042424
    0.36825800
    0.07493254
    0.06500201
    0.05552587
    0.04696139
