           1           2  0.95069098321256984     
           2           3  0.95347872925735100     
           2           4  0.95692473090899299     
           2           5  0.91957668610050969     
           1           6   1.4119599109784744     
           6           7   1.4434008317454881     
           1           8  0.10490112545240314     
           7           8   1.4333353587047868     
           6           9  0.10919687792312523     
           8           9   1.4468533191118715     
           1          10   1.3858356826534459     
           7          10  0.10762362474391841     
           9          10   1.4093470857558017     
          10          11  0.99007294074810848     
          11          12  0.94791332267893069     
          12          13  0.99619427856974618     
          13          14   1.3946680056442735     
          14          15  0.94970817473722324     
          15          16  0.94760219148645808     
          15          17  0.93800850627565380     
          15          18  0.95005135085580938     
          14          19   1.4021486924944586     
          13          20  0.10717487249487602     
          19          20   1.4511047246011695     
          14          21  0.10536793712867673     
          20          21   1.4261520285983433     
          13          22   1.3991264958980199     
          19          22  0.10861106268327418     
          21          22   1.4534043522867979     
          12          23  0.96229130548301511     
          23          24   1.2564613316873612     
          24          25  0.98337957528231490     
          25          26   1.3985512257371828     
          26          27   1.4382850397684537     
          25          28  0.10464730491334254     
          27          28   1.4404641343850206     
          28          29   1.3983583728338009     
          29          30  0.98364369279746222     
          25          31   1.3961242271931731     
          27          31  0.10768868222602851     
          29          31   1.4082844515134367     
          23          32  0.18739233660499693     
          24          32   1.6037438317223640     
          23          33  0.96536799303400544     
          33          34  0.88846298318417150     
          34          35   1.2095254539750124     
          34          36   1.7718117051737434     
          35          36  0.18260671263613881     
          11          37  0.96205196350184063     
          33          37   1.0001278536635727     
          37          38   1.1899051275090098     
          38          39  0.96016645477050910     
          39          40   1.4094870576496847     
          40          41   1.4049347162157153     
          41          42  0.98541373538620969     
          39          43  0.10689799029800856     
          41          43   1.4008066697258901     
          40          44  0.10830651882451674     
          43          44   1.4397934088277806     
          39          45   1.4001571874849899     
          44          45   1.4390573087304337     
          37          46  0.18885019820299043     
          38          46   1.7094563190059304     
           6          47  0.96552558372714670     
           7          48  0.96858449463413154     
           8          49  0.96830279183682855     
           9          50  0.95663435134448827     
          11          51  0.95331105185358256     
          12          52  0.94787868361603844     
          19          53  0.96569650721732980     
          20          54  0.96754057589256659     
          21          55  0.96732229136982228     
          22          56  0.96476647933411108     
          26          57  0.96590715920410741     
          27          58  0.96664182263847731     
          28          59  0.96621323937780268     
          31          60  0.96528924580368136     
          33          61  0.93401550302698899     
          35          62  0.77611127377321032     
          40          63  0.96404901628479189     
          43          64  0.96675674534330069     
          44          65  0.96781702276012505     
          45          66  0.96744978466008669     
