   -0.03216496
   -0.02747117
   -0.02722623
   -0.03487365
    0.00934229
    0.01454345
   -0.03415110
   -0.02903579
   -0.03525929
   -0.00902146
    0.04309250
    0.05334953
    0.00466387
   -0.02946346
   -0.02849957
   -0.03416509
    0.01701044
    0.01081408
   -0.03413228
   -0.02780831
   -0.02824397
   -0.03295874
   -0.13637400
    0.28205737
   -0.00736113
   -0.01162066
   -0.01698536
    0.02377764
    0.11344833
   -0.22427191
   -0.01939170
   -0.02962765
   -0.39826151
    0.09784047
    0.35152959
   -0.34581480
   -0.39356716
   -0.12514806
    0.27513656
   -0.00317519
   -0.02264007
   -0.01780124
    0.02309349
    0.11335802
   -0.22243925
   -0.01660973
   -0.01871438
   -0.40702264
    0.04026350
    0.03915888
    0.03484451
    0.02732077
    0.04473253
    0.04221323
    0.02892024
    0.04130622
    0.05572347
    0.02895750
    0.03756641
    0.03933026
    0.02523398
    0.03268412
    0.03575982
    0.03752980
    0.06957311
    0.05316186
    0.05018080
    0.03789047
    0.08560345
    0.34571605
    0.04479510
    0.05253224
    0.05027930
    0.04696626
