           1           2   1.5562798321771651     
           2           3   1.3225737432376723     
           1           4  0.11765625563254753     
           3           4   1.5527385899430608     
           4           5   1.2841499310941591     
           1           6   1.2807058148492796     
           5           6   1.2508242119533197     
           6           7   1.2791793031757472     
           7           8   1.5509986040002273     
           8           9   1.3287241905545515     
           5          10   1.2509575862848807     
           7          10  0.11452285729532620     
           9          10   1.5177496332764726     
          10          11  0.99486420701698164     
          11          12  0.94810109517467123     
          12          13  0.99279870699913897     
          13          14   1.5223849548886492     
          14          15   1.3278815991539377     
          13          16  0.11462363266038827     
          15          16   1.5516425243206493     
          16          17   1.2804950146474414     
          13          18   1.2540334148065344     
          17          18   1.2519730406281626     
          18          19   1.2832019049371231     
          19          20   1.5548807889908338     
          20          21   1.3218323483129619     
          17          22   1.2791237762683048     
          19          22  0.11846913735074874     
          21          22   1.5576555385166551     
          12          23  0.95775602647183355     
          23          24   1.1579318756738832     
          24          25  0.97441070683334408     
          25          26   1.3937928987908987     
          26          27   1.4598746842660828     
          27          28   1.3605762417529004     
          28          29   1.0931513122057601     
          29          30   2.8081886595670511     
          26          31  0.10438039364438166     
          28          31   1.3587455280873406     
          25          32   1.3918841783253466     
          27          32  0.10313201986286746     
          31          32   1.4612400586153860     
          23          33  0.17493871867760236     
          24          33   1.7224263737189129     
          23          34  0.99638790702653002     
          34          35  0.90879590822689593     
          35          36   1.1722588495946580     
          35          37   1.7643050890399103     
          36          37  0.18331120058722369     
          11          38  0.95247861725258487     
          34          38  0.97906205750647390     
          38          39   1.1964605427723163     
          39          40  0.95406549436852284     
          40          41   1.4039621714063175     
          41          42   1.4540067068927456     
          42          43   1.3633552034114667     
          43          44   1.0925645291614814     
          44          45   2.8092295701611989     
          41          46  0.10434777224742962     
          43          46   1.3597795258660621     
          40          47   1.3949217168224664     
          42          47  0.10578629386236503     
          46          47   1.4589869806613642     
          38          48  0.18928944690559266     
          39          48   1.7133752949710783     
           1          49  0.96758559894057072     
           2          50  0.97031908922958732     
           3          51  0.97077850113775255     
           4          52  0.95824889777056399     
           7          53  0.96724433208986882     
           8          54  0.96964403525622567     
           9          55  0.96698779784143696     
          11          56  0.95321226907896595     
          12          57  0.94601221585486139     
          14          58  0.96733420079677590     
          15          59  0.97019011480841855     
          16          60  0.96772220914691076     
          19          61  0.96154967560599913     
          20          62  0.97100227700700414     
          21          63  0.97053465930858585     
          22          64  0.96781328234268893     
          26          65  0.96470613195644961     
          27          66  0.96858710430175510     
          31          67  0.96892939494637620     
          32          68  0.96635019417586787     
          34          69  0.92345774497856836     
          36          70  0.85350310804224594     
          41          71  0.96814622199669675     
          42          72  0.96864357514370325     
          46          73  0.96859615871969595     
          47          74  0.96743962654503390     
