   -0.02169609
    0.48588644
   -0.22198184
   -0.19848160
   -0.20402249
   -0.01731412
   -0.01871278
   -0.01478753
   -0.02150087
    0.02558527
    0.04779661
    0.04677312
    0.02274585
   -0.02399852
    0.48518150
   -0.22557128
   -0.19791583
   -0.20656886
   -0.01844759
   -0.01903328
   -0.01401368
   -0.02582970
   -0.11538960
    0.27273300
   -0.01664209
   -0.02245824
   -0.02158611
   -0.01840480
    0.02352036
    0.11189533
   -0.21686196
   -0.01857661
   -0.39516726
    0.08782067
    0.34749930
   -0.37281031
   -0.37088001
   -0.11901544
    0.27103013
   -0.01343172
   -0.02198700
    0.02545994
    0.11221783
   -0.21823679
   -0.01665314
   -0.02163138
   -0.01491111
   -0.39626375
    0.07142416
    0.06146265
    0.05879003
    0.04563481
    0.07156937
    0.06827520
    0.06893620
    0.05986695
    0.05978341
    0.06795341
    0.04690991
    0.05659515
    0.05446660
    0.05473053
    0.06801227
    0.34964997
    0.04267806
    0.05502424
    0.05459460
    0.05828047
