           1           2  0.95158274777489205     
           2           3  0.92947650108844104     
           2           4  0.95768908797057650     
           2           5  0.94555124319238137     
           1           6   1.4129418794827404     
           6           7   1.4436789152253884     
           1           8  0.10483624023297501     
           7           8   1.4324160284230829     
           6           9  0.10892230833503981     
           8           9   1.4490808262613009     
           1          10   1.3869037903018577     
           7          10  0.10879446608333666     
           9          10   1.4083094986147395     
          10          11  0.99535928903432924     
          11          12  0.95211642711660827     
          12          13  0.99369346562830818     
          13          14   1.3850931008900713     
          14          15  0.95221278658888953     
          15          16  0.92620693476480542     
          15          17  0.95922154493907541     
          15          18  0.94326980307738317     
          14          19   1.4126590082108630     
          13          20  0.10812308793214026     
          19          20   1.4428145333982507     
          14          21  0.10509204050515515     
          20          21   1.4341528448834735     
          13          22   1.4109041258042385     
          19          22  0.10893685605590592     
          21          22   1.4463307090384867     
          12          23  0.95092826360637794     
          23          24   1.1975490229694281     
          24          25  0.94793518576241798     
          25          26   1.3974868432643577     
          26          27   1.4365406001699776     
          25          28  0.10413136281089778     
          27          28   1.4493486755528309     
          26          29  0.10060911169163983     
          28          29   1.3652640918416188     
          29          30   1.0901178990478717     
          30          31   2.8123408427468739     
          25          32   1.4223992116648470     
          27          32  0.10559019734622879     
          29          32   1.3626345076260618     
          23          33  0.19496872086667275     
          24          33   1.7196559245866561     
          23          34  0.98958947643244288     
          34          35  0.90410713923509034     
          35          36   1.1507919267638833     
          35          37   1.7863526998679053     
          36          37  0.18288873430895877     
          11          38  0.95127676800116112     
          34          38  0.98330458992318837     
          38          39   1.1840415881050774     
          39          40  0.96254904604581559     
          40          41   1.4164859146242728     
          41          42   1.3673179516318925     
          42          43   1.0902271701386028     
          43          44   2.8118811098326555     
          40          45  0.10313229025670349     
          42          45   1.3609863632602086     
          41          46  0.10510663001123516     
          45          46   1.4525409440767567     
          40          47   1.3975616372644670     
          46          47   1.4350323958216460     
          38          48  0.18736571420594730     
          39          48   1.7163620263969617     
           6          49  0.96502679905101330     
           7          50  0.96836031679231127     
           8          51  0.96861012655548795     
           9          52  0.96690331513411265     
          11          53  0.95105200019678771     
          12          54  0.95149953000965071     
          19          55  0.96537931414731060     
          20          56  0.96847041676568879     
          21          57  0.96851721867248908     
          22          58  0.95935366497629093     
          26          59  0.96862470221020625     
          27          60  0.96731355379898831     
          28          61  0.96918537930647441     
          32          62  0.96808847730626502     
          34          63  0.94152264989073942     
          36          64  0.85096826902816014     
          41          65  0.96686345433974841     
          45          66  0.96918667561170169     
          46          67  0.96753931501901536     
          47          68  0.96796841969641501     
