    0.14149598
   -0.29824529
    0.03330697
   -0.05955334
   -0.02780610
   -0.03477930
   -0.03026499
   -0.00591632
    0.04113916
    0.05059567
   -0.01145751
   -0.02749692
   -0.03688874
   -0.02859636
   -0.06274165
    0.14257579
   -0.28998939
    0.03669515
   -0.11463005
    0.27633346
   -0.00097214
   -0.00467369
   -0.01582960
   -0.02027389
    0.48552759
   -0.20868890
   -0.20715054
   -0.20257731
   -0.02176433
   -0.02730773
   -0.41113729
    0.06951747
    0.35334472
   -0.35715130
   -0.36253186
   -0.13717906
    0.27674907
   -0.01169956
   -0.01603752
   -0.01893006
   -0.01847401
    0.48632535
   -0.20410721
   -0.20055694
   -0.20635777
   -0.02062314
   -0.02836630
   -0.39409175
    0.06241751
    0.04850498
    0.04918707
    0.04435559
    0.04504401
    0.04573450
    0.04619586
    0.07375319
    0.05524068
    0.04225143
    0.04431158
    0.04305695
    0.04388862
    0.07681867
    0.04046317
    0.04371177
    0.06790184
    0.07215866
    0.06124685
    0.04079473
    0.06499822
    0.35410892
    0.06944450
    0.07023034
    0.07234317
    0.05307869
