           1           2   1.0341971643995214     
           2           3  0.97768529427558692     
           1           4   1.4033606602374931     
           4           5   1.4216733977965754     
           5           6   1.4543925113955012     
           4           7  0.10137776158479149     
           6           7   1.4168234566437476     
           1           8   1.3174952922545566     
           5           8  0.10733668961955999     
           7           8   1.4444082681475228     
           8           9   1.0009293016313896     
           9          10  0.96071873101344774     
          10          11  0.99546551451137510     
          11          12   1.4324670081921007     
          12          13   1.4284127653022718     
          11          14  0.10616171831074216     
          13          14   1.4422462984340376     
          12          15  0.10303366791026811     
          14          15   1.4357715253743122     
          11          16   1.3267828630816163     
          15          16   1.3839605360703247     
          16          17   1.0509488079947884     
          17          18  0.97574091061044821     
          10          19  0.94647755568540504     
          19          20   1.2187810610483385     
          20          21  0.95521703009030390     
          21          22   1.4103584686916668     
          22          23   1.4404227853034102     
          21          24  0.10557253210666377     
          23          24   1.4169774385857343     
          24          25  0.95116183944221167     
          25          26  0.94012656325922295     
          25          27  0.94432519193296316     
          25          28  0.95387051938445899     
          22          29  0.11196893242443463     
          24          29   1.4075137654997447     
          21          30   1.4021961177865900     
          23          30  0.10860923691430956     
          29          30   1.4484831570353616     
          19          31  0.19620716635403698     
          20          31   1.6944649194836274     
          19          32  0.97274096041474933     
          32          33  0.89900137877083908     
          33          34   1.1740905216748114     
          33          35   1.7886122521773720     
          34          35  0.17480934941707096     
           9          36  0.93831405087798669     
          32          36  0.99398398010870004     
          36          37   1.1760573690174707     
          37          38  0.96545474481409377     
          38          39   1.4010473865783553     
          39          40   1.4476186461492029     
          38          41  0.10343716455039298     
          40          41   1.4112150154532190     
          41          42  0.94941234043372813     
          42          43  0.94819469783205368     
          42          44  0.95482340147281397     
          42          45  0.94061445112539488     
          39          46  0.10990061511287681     
          41          46   1.4137879716163755     
          38          47   1.3989132789241778     
          40          47  0.11044187186654499     
          46          47   1.4459091784160822     
          36          48  0.18069651086575722     
          37          48   1.7242775104586689     
           3          49  0.97918568621623614     
           3          50  0.97693102728506842     
           3          51  0.97733170654915613     
           4          52  0.96497242502595215     
           5          53  0.97045549944630738     
           6          54  0.97012978691228380     
           7          55  0.96412952091766346     
           9          56  0.93547808104754493     
          10          57  0.95356300286612239     
          12          58  0.96554424625190449     
          13          59  0.97012692731700378     
          14          60  0.97047857702088103     
          15          61  0.96486491512279493     
          18          62  0.97384199557935514     
          18          63  0.97702680767806760     
          18          64  0.97747499751817424     
          22          65  0.96643260457751767     
          23          66  0.96474654559954343     
          29          67  0.96679297024939770     
          30          68  0.96750312220312351     
          32          69  0.93246132374854529     
          34          70  0.81650524993888340     
          39          71  0.96591988737512025     
          40          72  0.96544849345431083     
          46          73  0.96482125378757821     
          47          74  0.96646088220864224     
