   -0.04008610
   -0.03466446
    0.01306157
   -0.03399785
   -0.02738038
   -0.02672538
   -0.03227868
    0.01531873
   -0.03924172
   -0.00836056
    0.03220503
    0.04108776
   -0.00624230
   -0.03645740
    0.01758137
   -0.03129402
   -0.02800178
   -0.02814188
   -0.03458559
    0.01394805
   -0.03563315
   -0.04378493
   -0.11132377
    0.28394006
   -0.03657230
    0.17484309
   -0.19417355
   -0.05953822
   -0.01996974
    0.00405835
   -0.40933731
    0.09270225
    0.35661386
   -0.34685100
   -0.39173402
   -0.11115211
    0.28035818
   -0.03813232
    0.15585172
   -0.21726797
   -0.06324258
   -0.02840951
    0.06493172
   -0.42156685
    0.03233630
    0.03865453
    0.03489334
    0.03560845
    0.03687493
    0.03853503
    0.03309548
    0.07129845
    0.07602932
    0.05988108
    0.04123871
    0.03380203
    0.03208831
    0.03177045
    0.03377946
    0.03871808
    0.06982543
    0.06793826
    0.09783188
    0.34509363
    0.07002933
    0.07032320
