           1           2   1.5611025589345979     
           2           3   1.2779906207191807     
           3           4   1.2806130406838641     
           4           5   1.5572353223521191     
           5           6   1.3197590654917246     
           4           7  0.11837402624670298     
           6           7   1.5590283982324520     
           3           8   1.2497342195742496     
           7           8   1.2770574645876598     
           2           9  0.11460379154809706     
           8           9   1.2848708851715520     
           1          10   1.2957490663777325     
           9          10   1.5223936128852154     
          10          11  0.98729075165311819     
          11          12  0.96386673650382904     
          12          13  0.98080101054926183     
          13          14   1.5214327193502193     
          14          15   1.2859138433268171     
          15          16   1.2757630972085159     
          16          17   1.5605242357361202     
          17          18   1.3185517356294749     
          16          19  0.11864549933183477     
          18          19   1.5588087579839731     
          15          20   1.2499978265230176     
          19          20   1.2788369670780280     
          14          21  0.11611612650976848     
          20          21   1.2808591230712241     
          13          22   1.2998839250558727     
          21          22   1.5553296898063951     
          12          23  0.94810825963347856     
          23          24   1.2054094438531364     
          24          25  0.99047402658735095     
          25          26   1.5178090226665082     
          26          27  0.98394035888243270     
          26          28   1.2395315876033848     
          25          29  0.11455393767884112     
          28          29   1.6272775827538655     
          25          30   1.1483405811913128     
          29          30   1.1963706228049624     
          23          31  0.18915836613020576     
          24          31   1.6771192338076755     
          23          32  0.99186130817160945     
          32          33  0.91250816357004805     
          33          34   1.1678691408297353     
          33          35   1.7724719898115828     
          34          35  0.18390289568713764     
          11          36  0.95555209028911436     
          32          36  0.98467768137404610     
          36          37   1.2004258213385259     
          37          38  0.99983330654968061     
          38          39   1.5045977868366265     
          39          40  0.96015006224421684     
          39          41   1.2576334859914098     
          38          42  0.11002749462033583     
          41          42   1.6051566969220843     
          38          43   1.1677552025960907     
          42          43   1.2239560597397723     
          36          44  0.18625449637007779     
          37          44   1.6764094310521107     
           1          45  0.96782038117995306     
           2          46  0.96757035973358541     
           4          47  0.96826075739377604     
           5          48  0.97079564409064123     
           6          49  0.97066397759919054     
           7          50  0.96792761173214137     
           9          51  0.96494798366274337     
          11          52  0.95008431512443359     
          12          53  0.95406958118275054     
          14          54  0.96202493869037053     
          16          55  0.96775840351165399     
          17          56  0.97083617447729020     
          18          57  0.97103219147246755     
          19          58  0.96844924045836256     
          21          59  0.96816105869309566     
          22          60  0.96404030464104229     
          28          61  0.96067191767020854     
          29          62  0.96780342756018300     
          32          63  0.91385368805235501     
          34          64  0.85456721639274691     
          41          65  0.96151986922775312     
          42          66  0.96802107934481418     
