   -0.03935963
   -0.02820577
   -0.02906412
   -0.02665979
   -0.03304298
   -0.00453826
    0.03857514
    0.03096753
   -0.00508680
   -0.03719883
   -0.02763755
   -0.02805229
   -0.02563779
   -0.03152719
   -0.11091542
    0.28109178
   -0.03827226
    0.15716296
   -0.21405741
   -0.06320215
   -0.02848929
    0.06557145
   -0.42368603
    0.09235764
    0.35571394
   -0.36609271
   -0.36684781
   -0.10578047
    0.28323726
   -0.03970541
    0.16704860
   -0.20690211
   -0.06143147
   -0.02327038
    0.02039151
   -0.40805432
    0.04806315
    0.03986379
    0.03621876
    0.03984295
    0.05648497
    0.07654361
    0.07459023
    0.03459536
    0.03949080
    0.04059860
    0.04264651
    0.03225984
    0.07022187
    0.07087634
    0.09459624
    0.34597804
    0.06901246
    0.06871696
