           1           2   1.4371486224509120     
           2           3   1.4438593078335054     
           1           4  0.11077547726146941     
           3           4   1.4348736121362957     
           2           5  0.11269477703852297     
           4           5   1.4488847167632888     
           1           6   1.4195751902712237     
           3           6  0.10904875677253593     
           5           6   1.4076237132490212     
           6           7  0.98103049153763955     
           7           8  0.96258573685007842     
           8           9  0.98766120196206253     
           9          10   1.4132015204451485     
          10          11   1.4433155907401540     
           9          12  0.10924932108262560     
          11          12   1.4396515378666359     
          10          13  0.11048619533685441     
          12          13   1.4369575160952290     
           9          14   1.4105842285079844     
          11          14  0.11139091961708675     
          13          14   1.4467656322251379     
           8          15  0.95763403626049659     
          15          16   1.2000101446592231     
          16          17   1.0039948114697081     
          17          18   1.5017369136586318     
          18          19  0.96292940062019983     
          18          20   1.2583435084189505     
          17          21  0.10962972202136352     
          20          21   1.6041876107752282     
          17          22   1.1664753268863932     
          21          22   1.2252297928285982     
          15          23  0.18610070122327990     
          16          23   1.6726190235525156     
          15          24  0.98574682656629120     
          24          25  0.90866842634326905     
          25          26   1.1502757054767527     
          25          27   1.7962173385719442     
          26          27  0.18350114017425995     
           7          28  0.94815666211449812     
          24          28  0.99056413869146320     
          28          29   1.2189710740184059     
          29          30  0.97025146543678886     
          30          31   1.5313236923395153     
          31          32  0.97201387581241416     
          31          33   1.2376111422677736     
          30          34  0.11635415068502022     
          33          34   1.6291724064636695     
          30          35   1.1552996784766849     
          34          35   1.1988474918453600     
          28          36  0.19616890762675299     
          29          36   1.6841828426102003     
           1          37  0.96398217311028334     
           2          38  0.97062183247908873     
           3          39  0.97095285372866413     
           4          40  0.97031236670172849     
           5          41  0.96561679542401491     
           7          42  0.95329372754178898     
           8          43  0.94883966698052435     
          10          44  0.96819947019219432     
          11          45  0.97043715718519741     
          12          46  0.97077616193265448     
          13          47  0.97032539342215007     
          14          48  0.96803184810613907     
          20          49  0.96149576757670951     
          21          50  0.96797543472386249     
          24          51  0.92037205409000278     
          26          52  0.85436846849189974     
          33          53  0.96089654640484734     
          34          54  0.96780340934988551     
