   -0.02853970
   -0.02550866
   -0.02858264
   -0.02776315
   -0.03005010
    0.00593311
    0.04150682
    0.03539866
   -0.00974857
   -0.03616238
   -0.02656607
   -0.02788769
   -0.02742086
   -0.03618755
   -0.13521388
    0.25498386
    0.06530532
   -0.05429416
   -0.02182292
   -0.10922255
    0.11769104
   -0.11911248
   -0.21600549
   -0.43178136
    0.07723759
    0.35264694
   -0.35195094
   -0.35776909
   -0.12032952
    0.26184095
    0.07876528
   -0.05341681
   -0.02080704
   -0.10767245
    0.11475886
   -0.11468692
   -0.20479468
   -0.43423816
    0.04081878
    0.03837636
    0.03558106
    0.03430203
    0.02530562
    0.07079056
    0.07783851
    0.03782404
    0.04148768
    0.03833109
    0.03950726
    0.05161864
    0.06194983
    0.04963889
    0.04976595
    0.05478132
    0.06533141
    0.06233966
    0.07366372
    0.08606740
    0.33316011
    0.05876190
    0.04826559
    0.05277448
    0.04500146
    0.06161684
    0.05825375
    0.05831347
