           1           2   1.4419147559396570     
           2           3   1.4412156466634116     
           1           4  0.11102392129452902     
           3           4   1.4364921434868032     
           2           5  0.11186347252739542     
           4           5   1.4472085880638568     
           1           6   1.4160581172046991     
           3           6  0.10958251876060789     
           5           6   1.4118719520358165     
           6           7  0.98412592479126737     
           7           8  0.96727503637878498     
           8           9  0.98418615382950569     
           9          10   1.4122960818592880     
          10          11   1.4420636400043616     
           9          12  0.10915046413541875     
          11          12   1.4396972145360689     
          10          13  0.11110264452241596     
          12          13   1.4383289362683234     
           9          14   1.4109323123401167     
          11          14  0.11167281349481958     
          13          14   1.4452481420775707     
           8          15  0.94648520603534803     
          15          16   1.1662891485362283     
          16          17   1.0449357703988620     
          17          18   1.5075148836803514     
          18          19   1.3105121249244411     
          19          20   1.0313925634973367     
          17          21  0.13164935889299265     
          19          21   1.5028366973235654     
          21          22   1.0329120999927492     
          17          23   1.0767821936633193     
          21          23   1.1219973614526482     
          15          24  0.17618385513263829     
          16          24   1.6476899735053532     
          15          25  0.99457381789837396     
          25          26  0.89238810618011644     
          26          27   1.1642016889731299     
          26          28   1.7985142363904385     
          27          28  0.17280007076764187     
           7          29  0.95710865449977700     
          25          29  0.98169622576902360     
          29          30   1.1796221190299667     
          30          31   1.0372998257976758     
          31          32   1.5168421197212061     
          32          33   1.3029119769337496     
          33          34   1.0304461186513176     
          31          35  0.13246940887649139     
          33          35   1.5128488333669592     
          35          36   1.0298768435646402     
          31          37   1.0885621802939067     
          35          37   1.1194036017111690     
          29          38  0.17885878793780885     
          30          38   1.6447362279518600     
           1          39  0.96782601084528364     
           2          40  0.97055366463744541     
           3          41  0.97118235811270481     
           4          42  0.97099526944813352     
           5          43  0.96932107999327932     
           7          44  0.95101705748583520     
           8          45  0.95189915552474758     
          10          46  0.96611701829192509     
          11          47  0.97044967100787816     
          12          48  0.97087915805035652     
          13          49  0.97036532475808579     
          14          50  0.96681688244708486     
          18          51  0.97133006614658468     
          20          52  0.97090703305793213     
          20          53  0.97455834117815454     
          20          54  0.98485629168883082     
          22          55  0.96497724481333258     
          22          56  0.96740230374243930     
          22          57  0.98051027980687633     
          25          58  0.92855146172107750     
          27          59  0.83965799631349303     
          32          60  0.97184785855795996     
          34          61  0.97352694078907387     
          34          62  0.98548318141226554     
          34          63  0.97355224229131898     
          36          64  0.96675772831994533     
          36          65  0.97109080444015716     
          36          66  0.98290842299968251     
