   -0.02901737
   -0.02537945
   -0.02853417
   -0.02670052
   -0.02907011
    0.01300651
    0.05085470
    0.04167870
    0.00143855
   -0.03397540
   -0.02698506
   -0.02909330
   -0.02716256
   -0.03448041
   -0.11126562
    0.27267511
   -0.01335107
   -0.02316572
   -0.02810371
   -0.03525343
    0.01492762
   -0.01475894
   -0.10283548
   -0.10356843
   -0.03312762
   -0.42604466
    0.09782946
    0.36830824
   -0.37731761
   -0.39254402
   -0.12567223
    0.27220041
   -0.02067310
   -0.02680501
    0.02098500
   -0.01328210
   -0.10338455
   -0.10493416
   -0.02771437
   -0.02642667
   -0.03165415
   -0.41904992
    0.03378910
    0.03783548
    0.03664960
    0.03628063
    0.02975744
    0.05507100
    0.04545530
    0.04566983
    0.03997764
    0.03913286
    0.03733293
    0.03438750
    0.04826951
    0.04077155
    0.03744149
    0.03547521
    0.04047464
    0.03477772
    0.03515344
    0.03664735
    0.03877925
    0.04049279
    0.03482425
    0.06451525
    0.33803967
    0.03625309
    0.03281549
    0.03458313
    0.03757974
    0.03806688
    0.03949919
    0.03592060
    0.04460380
    0.04048382
    0.03619037
    0.02442906
