           1           2   1.4432855977721490     
           2           3   1.4402130031752511     
           1           4  0.11084658418541106     
           3           4   1.4365863960991676     
           2           5  0.11139948775662094     
           4           5   1.4472455637660240     
           1           6   1.4138550954599396     
           3           6  0.10937965746577316     
           5           6   1.4098838317234961     
           6           7  0.99172594960934390     
           7           8  0.94490060098192152     
           8           9  0.99431090462938509     
           9          10   1.4052512474548708     
          10          11   1.4498115558291278     
           9          12  0.10923622061940542     
          11          12   1.4336566466100864     
          10          13  0.11175319819291116     
          12          13   1.4424154705044623     
           9          14   1.4161226095111246     
          11          14  0.10920130213469066     
          13          14   1.4395053737664580     
           8          15  0.96199404671431954     
          15          16   1.2241906295140388     
          16          17  0.98737152350617718     
          17          18   1.3906075564201716     
          18          19   1.4477602166466108     
          17          20  0.10413835572537838     
          19          20   1.4380109233527814     
          18          21  0.10639690137184599     
          20          21   1.4102591279957779     
          21          22  0.99818944355407624     
          22          23  0.99843926652548631     
          22          24  0.99580539330992268     
          17          25   1.4021438266629731     
          19          25  0.10705640356683710     
          21          25   1.4156906371691453     
          15          26  0.18057730708111658     
          16          26   1.6349948487714432     
          15          27  0.97744473500485274     
          27          28  0.90805132981483028     
          28          29   1.1218302557254334     
          28          30   1.7684712932042230     
          29          30  0.16516080433760855     
           7          31  0.96057307081403653     
          27          31  0.98346341127448300     
          31          32   1.1824453965673491     
          32          33  0.97232757120074498     
          33          34   1.4059306086857288     
          34          35   1.4169825768065940     
          35          36  0.99867919326843924     
          36          37  0.99853236737155004     
          36          38  0.99510995171454319     
          33          39  0.10729834810250449     
          35          39   1.4072340348902110     
          34          40  0.10656320326116785     
          39          40   1.4445938187435510     
          33          41   1.3985426187301093     
          35          41  0.10767812142860134     
          40          41   1.4406300010332342     
          31          42  0.18227159778539032     
          32          42   1.7013665957390174     
           1          43  0.96872395374849352     
           2          44  0.97064558037156734     
           3          45  0.97114101924705354     
           4          46  0.97082018066653808     
           5          47  0.96846846735982517     
           7          48  0.95215972855370690     
           8          49  0.95318470521453924     
          10          50  0.96520507499825536     
          11          51  0.97050883460190873     
          12          52  0.97091784799050229     
          13          53  0.97039493999147808     
          14          54  0.96713546739414458     
          18          55  0.96861622746419962     
          19          56  0.96959549660082078     
          20          57  0.96806404181429051     
          22          58  0.96751913572548243     
          23          59  0.98538827801715789     
          23          60  0.98480194595989101     
          23          61  0.98614274056364970     
          24          62  0.98729788018500431     
          24          63  0.98542449097948859     
          24          64  0.98511087787030038     
          25          65  0.96465059833659694     
          27          66  0.94488066051220920     
          29          67  0.86159950095326143     
          34          68  0.96698124859664447     
          36          69  0.96783389632237293     
          37          70  0.98748835208791408     
          37          71  0.98581151095086750     
          37          72  0.98498387573497581     
          38          73  0.98548227648715669     
          38          74  0.98572301472074053     
          38          75  0.98640109069944892     
          39          76  0.96662488546247993     
          40          77  0.96997491451843343     
          41          78  0.96930058361639393     
