    0.13955891
   -0.27360825
    0.02830800
   -0.06557769
   -0.02968526
   -0.03826170
   -0.02828474
   -0.01959285
    0.04722913
    0.04875655
   -0.00950534
   -0.03058233
   -0.03853076
   -0.02993061
   -0.06434340
    0.14479741
   -0.27295831
    0.03762496
   -0.08965620
    0.28135207
   -0.03902828
   -0.01658480
    0.05631843
   -0.03667948
    0.05781553
   -0.16537117
   -0.41461335
    0.07767765
    0.35264278
   -0.37053173
   -0.35358543
   -0.09484587
    0.27735330
   -0.03936932
   -0.01591234
    0.05687727
   -0.03782772
    0.05655354
   -0.16122316
   -0.41602524
    0.06840738
    0.04534716
    0.05028888
    0.04315524
    0.04019875
    0.04209725
    0.05034728
    0.07517617
    0.06766687
    0.03941821
    0.03993556
    0.03887453
    0.03949597
    0.03928682
    0.03521825
    0.07670266
    0.06988589
    0.07005689
    0.07174560
    0.34221970
    0.07341533
    0.07030939
