           1           2   1.0570351780608107     
           2           3  0.98058734392315117     
           1           4   1.3813892930230640     
           4           5   1.4362548251760552     
           5           6   1.4429027429603647     
           4           7  0.10344213309578799     
           6           7   1.4275156032315182     
           1           8   1.3272784676960971     
           5           8  0.10622624873667255     
           7           8   1.4347780623347703     
           8           9  0.98967678215515287     
           9          10  0.95745451614084731     
          10          11  0.99406994101689472     
          11          12   1.4382855153323384     
          12          13   1.4234994828060996     
          11          14  0.10588192963982278     
          13          14   1.4450602768923169     
          12          15  0.10155888418870940     
          14          15   1.4332906451765535     
          11          16   1.3188991843929903     
          15          16   1.3821083265483110     
          16          17   1.0649067361328075     
          17          18  0.98147805626608753     
          10          19  0.94916456619286294     
          19          20   1.2372159669686003     
          20          21  0.94770354771957421     
          21          22   1.5849611784507236     
          22          23   1.2133668540535487     
          22          24  0.10812859355104501     
          23          24   1.2074474093059520     
          21          25   1.2216974919993910     
          24          25   1.5819481738143499     
          25          26  0.97427248256089516     
          19          27  0.20091211675765813     
          20          27   1.6816069865407168     
          19          28  0.98123561156421413     
          28          29  0.91462493057855387     
          29          30   1.1366100383096303     
          29          31   1.7966788928132016     
          30          31  0.16782444081358261     
           9          32  0.94707938213821818     
          28          32  0.98330598694826632     
          32          33   1.2249921651697417     
          33          34  0.96013100644422888     
          34          35   1.5805448142445606     
          35          36   1.2181060060289406     
          35          37  0.10670462956689279     
          36          37   1.2052585173910189     
          34          38   1.2179431250099384     
          37          38   1.5829910788009147     
          38          39  0.98019267091325124     
          32          40  0.19670083451840378     
          33          40   1.6819951449216368     
           3          41  0.97569824906920299     
           3          42  0.97641863155011899     
           3          43  0.97410280830378926     
           4          44  0.96483597047307246     
           5          45  0.97069249201605656     
           6          46  0.97023995337064128     
           7          47  0.96616987258104625     
           9          48  0.95158181277175768     
          10          49  0.95094507934277661     
          12          50  0.96759544886942006     
          13          51  0.97055784180560667     
          14          52  0.97088585145534068     
          15          53  0.96554633413167146     
          18          54  0.97665978965482214     
          18          55  0.97700711590824385     
          18          56  0.97522303015152667     
          22          57  0.96670108769728569     
          24          58  0.96806446769719878     
          28          59  0.92652103538114106     
          30          60  0.84996319154608280     
          35          61  0.96640297787239970     
          37          62  0.96798233630386310     
