   -0.03157970
   -0.02887648
   -0.02900605
   -0.03734830
    0.01390035
    0.01988460
   -0.03201330
   -0.02618029
   -0.03369970
    0.00866562
    0.04120525
    0.04362694
    0.00294358
   -0.04000010
   -0.02876161
   -0.03344528
    0.01688406
    0.01682489
   -0.03056293
   -0.02705506
   -0.02821282
   -0.03250915
   -0.10603040
    0.26603325
    0.10379380
   -0.03947935
   -0.03618390
    0.11592156
    0.54094560
   -0.36625485
   -0.38910852
   -0.16555310
   -0.39784757
    0.08320727
    0.35897683
   -0.36037707
   -0.37365320
   -0.12584960
    0.27627220
    0.09488467
   -0.05891927
   -0.04198488
    0.11442997
    0.54261016
   -0.35439318
   -0.37986421
   -0.12341397
   -0.36133547
    0.03819732
    0.03536365
    0.03128471
    0.01973083
    0.04070424
    0.03996281
    0.04166593
    0.07350948
    0.06284049
    0.05138981
    0.03874371
    0.03869984
    0.03271291
    0.03594336
    0.03510098
    0.03607880
    0.09664840
    0.09849103
    0.06350659
    0.36953122
    0.08436177
    0.09402084
