           1           2   1.5546725468803155     
           2           3   1.3251411524022942     
           1           4  0.11808232122868495     
           3           4   1.5513290031307114     
           4           5   1.2882333879626358     
           1           6   1.2819576370239032     
           5           6   1.2577340076697698     
           6           7   1.2729045425276895     
           7           8   1.5614012751559891     
           8           9   1.3173050108441846     
           5          10   1.2410803864327213     
           7          10  0.11422184686177445     
           9          10   1.5329457214790756     
          10          11  0.99528484540949236     
          11          12  0.96029248728541738     
          12          13  0.99133388174009152     
          13          14   1.5193665267792538     
          14          15   1.3293096042377366     
          13          16  0.11425342317699611     
          15          16   1.5504431453061802     
          16          17   1.2809792507309115     
          13          18   1.2530548810630300     
          17          18   1.2508301877616597     
          18          19   1.2817634931025044     
          19          20   1.5535204272347787     
          20          21   1.3216835498694581     
          17          22   1.2789845951812653     
          19          22  0.11795078781598239     
          21          22   1.5575373659997875     
          12          23  0.93744123810964031     
          23          24   1.2302875055516309     
          24          25  0.99133020820536843     
          25          26   1.4930530710981784     
          26          27   1.3623471912760157     
          25          28  0.11875494487975975     
          27          28   1.4660503652203725     
          28          29   1.0135992084642731     
          29          30   1.4377736373236960     
          29          31   1.4132041571566945     
          30          31  0.35340379351270501     
          25          32   1.1289259479820770     
          28          32   1.1045846597962912     
          23          33  0.20746912075522495     
          24          33   1.6609533638542759     
          23          34  0.97438028072883753     
          34          35  0.90285718960324579     
          35          36   1.1766192286176684     
          35          37   1.7791075812171235     
          36          37  0.18664349918777923     
          11          38  0.93849720892503519     
          34          38  0.98424821977187293     
          38          39   1.1766025117615562     
          39          40  0.97123330798982266     
          40          41   1.4908674534308717     
          41          42   1.3574241890627810     
          40          43  0.12019117558303834     
          42          43   1.4736689407706367     
          43          44  0.99739527933540695     
          44          45   1.4497354526588673     
          44          46   1.4238709949310107     
          45          46  0.36644325456461097     
          40          47   1.1521563101832153     
          43          47   1.1291357500120631     
          38          48  0.18887741565923816     
          39          48   1.7275421161189184     
           1          49  0.96784828508136556     
           2          50  0.97064101381270018     
           3          51  0.97109985420180878     
           4          52  0.96606639979408193     
           7          53  0.96759409867332991     
           8          54  0.97005734578584013     
           9          55  0.96079626617737335     
          11          56  0.93860260433097242     
          12          57  0.94388622328226246     
          14          58  0.96022555548095212     
          15          59  0.97001669948810720     
          16          60  0.96759927537640622     
          19          61  0.95816793105585607     
          20          62  0.97077068395113308     
          21          63  0.97055885434305056     
          22          64  0.96779623052267683     
          26          65  0.96668865070742860     
          27          66  0.96553304396853257     
          34          67  0.94742762700996541     
          36          68  0.82924077471373403     
          41          69  0.96548331523097208     
          42          70  0.96651549852069263     
