    0.13936206
   -0.27960073
    0.03792582
   -0.06431108
   -0.02846732
   -0.03706305
   -0.03117202
   -0.02318540
    0.03777494
    0.05419920
   -0.00791315
   -0.02957836
   -0.03911552
   -0.03030804
   -0.06366794
    0.14413224
   -0.27408173
    0.03852328
   -0.13656746
    0.28331475
   -0.02300976
   -0.05137786
   -0.05449122
    0.07594009
   -0.11411848
    0.09872124
   -0.40204298
    0.07902624
    0.35000934
   -0.36458422
   -0.36724267
   -0.10438311
    0.26967851
   -0.01633875
   -0.03849564
   -0.04975198
    0.07743773
   -0.11393528
    0.05787240
   -0.45337440
    0.06492274
    0.04455604
    0.04582727
    0.04561418
    0.04776880
    0.04848404
    0.04016878
    0.06906843
    0.07646599
    0.03625103
    0.04014620
    0.04098380
    0.04138563
    0.03754550
    0.04930418
    0.06350313
    0.04233377
    0.06316817
    0.06440063
    0.36826475
    0.05753059
    0.06656669
