           1           2   1.0589190882921091     
           2           3  0.97938518090227067     
           1           4   1.3797326961984082     
           4           5   1.4372443959943046     
           5           6   1.4400194474933596     
           4           7  0.10318640398531705     
           6           7   1.4299108822196771     
           1           8   1.3249523747682979     
           5           8  0.10587546313239124     
           7           8   1.4320693591773124     
           8           9  0.99219008558543476     
           9          10  0.95211336432120364     
          10          11  0.99428995213420601     
          11          12   1.4401962145755636     
          12          13   1.4235946756368119     
          11          14  0.10622696450707050     
          13          14   1.4448128564870848     
          12          15  0.10228400897037937     
          14          15   1.4341876294815536     
          11          16   1.3218926246139044     
          15          16   1.3819898814614850     
          16          17   1.0618080282482156     
          17          18  0.98168222925401594     
          10          19  0.95700773680591789     
          19          20   1.1432005575460384     
          20          21   1.0168370354012930     
          21          22   1.5399331300529133     
          22          23   1.3005402694696755     
          23          24   1.5411284359058699     
          24          25   1.0191729141114421     
          21          26   1.1678679759824981     
          24          26   1.2058263934318354     
          19          27  0.16707970366928970     
          20          27   1.7005355936449282     
          19          28   1.0001785019075524     
          28          29  0.88014032806414177     
          29          30   1.2179718058054281     
          29          31   1.7722862739231391     
          30          31  0.18370466899023216     
           9          32  0.94881596415972114     
          28          32  0.96865189600737567     
          32          33   1.2809788051852915     
          33          34  0.99112757343586155     
          34          35   1.5687698721126306     
          35          36   1.2826799758837346     
          34          37  0.10263409379207432     
          36          37   1.5607987446561942     
          37          38   1.0212635656144922     
          34          39   1.1565380173302469     
          37          39   1.1808822673173756     
          32          40  0.19132989945578843     
          33          40   1.5802569591084334     
           3          41  0.97918103062857398     
           3          42  0.97549246903788478     
           3          43  0.97664089626482908     
           4          44  0.96481117961033647     
           5          45  0.97014244426101204     
           6          46  0.96986351509872493     
           7          47  0.96725186737736224     
           9          48  0.94897920778017486     
          10          49  0.94643552686535870     
          12          50  0.96800597706722546     
          13          51  0.97065041326861257     
          14          52  0.97076140194512495     
          15          53  0.96551275829154926     
          18          54  0.97648830523767627     
          18          55  0.97645668691143517     
          18          56  0.97937704625900079     
          22          57  0.96001366409476308     
          23          58  0.96292739103331682     
          28          59  0.93680963559507546     
          30          60  0.75526160363322581     
          35          61  0.96060294640955302     
          36          62  0.96121202977298847     
