    0.14589310
   -0.27522303
    0.04352332
   -0.06400726
   -0.03106989
   -0.03802462
   -0.02670396
   -0.00115819
    0.05640631
    0.03447619
   -0.02202716
   -0.03627415
   -0.04099465
   -0.03193710
   -0.06478967
    0.13786204
   -0.27561884
    0.04047371
   -0.10788989
    0.27341200
   -0.01615718
   -0.02800293
   -0.03729237
    0.00933118
    0.02549062
   -0.10693585
   -0.10441772
   -0.10692844
   -0.03408575
   -0.02639516
   -0.42897672
    0.09228697
    0.35122153
   -0.35353567
   -0.39129955
   -0.10992712
    0.27904922
   -0.01845866
   -0.03614756
   -0.03521304
    0.01137650
    0.02567072
   -0.10878381
   -0.10590951
   -0.10630045
   -0.03687341
   -0.01823539
   -0.42321335
    0.04331588
    0.05740810
    0.03738204
    0.03793981
    0.03695105
    0.03801246
    0.03878145
    0.04284900
    0.07680156
    0.04728311
    0.03909196
    0.03986662
    0.03894726
    0.06250124
    0.04331886
    0.04093833
    0.03236795
    0.04091091
    0.03906833
    0.03849787
    0.03658640
    0.03887957
    0.02866534
    0.03762739
    0.03822515
    0.03783174
    0.03161134
    0.03517534
    0.03722628
    0.09606815
    0.34059999
    0.03107772
    0.03353355
    0.03685454
    0.03733443
    0.03719627
    0.03644679
    0.03502697
    0.03801007
    0.03791150
    0.03750528
    0.03512562
    0.04421402
    0.05136740
