           1           2   1.0542192465324252     
           2           3  0.98515504559759037     
           1           4   1.3882533621742512     
           4           5   1.4302688856186121     
           5           6   1.4468896130351894     
           4           7  0.10143423664122282     
           6           7   1.4230961263532798     
           1           8   1.3213918758372718     
           5           8  0.10665015492471221     
           7           8   1.4390577844523043     
           8           9  0.99798873653128761     
           9          10  0.94563806118744775     
          10          11  0.99477231448338499     
          11          12   1.4381775156239345     
          12          13   1.4237469234775311     
          11          14  0.10618342855309340     
          13          14   1.4451231208463617     
          12          15  0.10176694950031549     
          14          15   1.4321873541710555     
          11          16   1.3206720097318756     
          15          16   1.3831875447521993     
          16          17   1.0591037340509881     
          17          18  0.98258518100838743     
          10          19  0.96332929657267319     
          19          20   1.2096289882661644     
          20          21  0.95706528383441092     
          21          22   1.4115783014594578     
          22          23   1.4378591731689216     
          21          24  0.10866174623883049     
          23          24   1.4189055575013263     
          24          25  0.98452206711800339     
          25          26  0.98664961733165457     
          25          27  0.98733813517222058     
          25          28  0.99992292510215597     
          22          29  0.10990643113699673     
          24          29   1.4026795770168372     
          21          30   1.3975858662135883     
          23          30  0.10736737615217765     
          29          30   1.4552678762718017     
          19          31  0.18949464163862956     
          20          31   1.6923695065822040     
          19          32  0.98750829343787727     
          32          33  0.91419437196597619     
          33          34   1.1569283768977443     
          33          35   1.7771148746325598     
          34          35  0.18107198694522486     
           9          36  0.95959894383306577     
          32          36  0.99205896368896529     
          36          37   1.1905680807164609     
          37          38  0.97153713509009654     
          38          39   1.3881383772697080     
          39          40   1.4596070027583761     
          38          41  0.10649542750082031     
          40          41   1.3986415573010555     
          41          42  0.98485912084290383     
          42          43  0.99996826208442480     
          42          44  0.98647182534506239     
          42          45  0.98712570345413198     
          39          46  0.10626235623767719     
          41          46   1.4194197295179460     
          38          47   1.4091332899744797     
          40          47  0.10843931579860804     
          46          47   1.4401145998799056     
          36          48  0.18249413220136287     
          37          48   1.6930955003576824     
           3          49  0.97674928474655331     
           3          50  0.97892465905086035     
           3          51  0.97607083394751859     
           4          52  0.96554301781129681     
           5          53  0.97106926141270877     
           6          54  0.97071324408746984     
           7          55  0.96767920065827318     
           9          56  0.95482704638740179     
          10          57  0.94401651607618620     
          12          58  0.96405879866835531     
          13          59  0.97067119409829039     
          14          60  0.97085089771277666     
          15          61  0.96457748379471753     
          18          62  0.97939837271126606     
          18          63  0.97625891024864409     
          18          64  0.97424126977453207     
          22          65  0.96889080401358108     
          23          66  0.96475870373837469     
          26          67  0.98434045022931527     
          26          68  0.98357104528594297     
          26          69  0.98662041472720619     
          27          70  0.98440927079663032     
          27          71  0.98402502735062203     
          27          72  0.98323351901110545     
          28          73  0.98439484860745807     
          28          74  0.98432388219379063     
          28          75  0.98430624979099091     
          29          76  0.96404363263625070     
          30          77  0.96930102873632451     
          32          78  0.91771133943029404     
          34          79  0.85730213851787529     
          39          80  0.96691196369191657     
          40          81  0.96435876214291216     
          43          82  0.98439661485468744     
          43          83  0.98465314259776537     
          43          84  0.98447318771944348     
          44          85  0.98373468819255949     
          44          86  0.98676565573345520     
          44          87  0.98445735495260822     
          45          88  0.98441791288196123     
          45          89  0.98339504474531081     
          45          90  0.98678261519696353     
          46          91  0.96443231436058585     
          47          92  0.96827807892948714     
