   -0.03837778
   -0.03482306
    0.01308651
   -0.03490409
   -0.02871408
   -0.02858082
   -0.03148333
    0.01628909
   -0.04129960
   -0.00616835
    0.03604117
    0.03979837
    0.00494581
   -0.03617631
    0.01671800
   -0.03296782
   -0.02900925
   -0.02942040
   -0.03419694
    0.01349358
   -0.03433604
   -0.03035118
   -0.11244846
    0.26900740
    0.08262600
    0.00500929
   -0.11339714
   -0.01828637
   -0.03109996
   -0.03749429
   -0.03234433
   -0.05272871
    0.12985172
   -0.24412636
   -0.43399056
    0.07779012
    0.35425590
   -0.36023702
   -0.35609131
   -0.11836924
    0.26126748
    0.06949838
    0.00472719
   -0.11323962
   -0.01836226
    0.12848344
   -0.05221810
   -0.02871421
   -0.03471271
   -0.03054525
   -0.25624209
   -0.43006274
    0.04553795
    0.03599727
    0.03174597
    0.03113436
    0.03296159
    0.04199185
    0.04784160
    0.08091553
    0.07381847
    0.04167878
    0.03576522
    0.03206650
    0.03108922
    0.03153409
    0.03357283
    0.02192036
    0.08069734
    0.05626821
    0.05732962
    0.04441840
    0.03925453
    0.03999212
    0.03897649
    0.07990714
    0.34540451
    0.05746790
    0.07786165
    0.06247740
    0.05245203
    0.04783040
    0.04497345
    0.04774750
