           1           2   1.5679906944429287     
           2           3   1.2740623616235436     
           3           4   1.2818446400096928     
           4           5   1.5556121338379387     
           5           6   1.3218131233407995     
           4           7  0.11841300691776249     
           6           7   1.5568217158797686     
           3           8   1.2533209231894784     
           7           8   1.2797023936622944     
           2           9  0.11348950755146807     
           8           9   1.2767869652611947     
           1          10   1.2888592005877983     
           9          10   1.5334091289691418     
          10          11  0.98342188999264191     
          11          12  0.96543590896933584     
          12          13  0.98624658417766597     
          13          14   1.5277037167038576     
          14          15   1.2816101022418800     
          15          16   1.2786797626228619     
          16          17   1.5578029078226938     
          17          18   1.3209154931479714     
          16          19  0.11819481435279798     
          18          19   1.5561534710575979     
          15          20   1.2512592695104530     
          19          20   1.2817870601120069     
          14          21  0.11455436395375296     
          20          21   1.2760999256422734     
          13          22   1.2945381558917328     
          21          22   1.5643539763037699     
          12          23  0.95669505004429312     
          23          24   1.1902630147051874     
          24          25   1.0288693286897337     
          25          26   1.5561935314713859     
          26          27   1.0402538021471157     
          26          28   1.1839827166495012     
          28          29   1.3323768949062622     
          29          30   1.5003560558214597     
          30          31   1.3824660909778610     
          29          32  0.11428201191354147     
          31          32   1.4789263344477401     
          28          33   1.2730765826353101     
          32          33   1.3558882178803202     
          25          34   1.0439007191965239     
          33          34   1.0800758852917820     
          23          35  0.17981008851977687     
          24          35   1.6410819674627399     
          23          36  0.98961539429723766     
          36          37  0.88986567512424841     
          37          38   1.1696376585946686     
          37          39   1.7958095024877649     
          38          39  0.17167335370712405     
          11          40  0.94397624745736197     
          36          40  0.98852392840723380     
          40          41   1.2011551941045633     
          41          42   1.0210400475135344     
          42          43   1.5675565608398851     
          43          44   1.0412541208715411     
          43          45   1.1774157300709682     
          45          46   1.2820638273156479     
          46          47   1.3591988023704102     
          47          48   1.4781369015913974     
          48          49   1.3834129153923751     
          45          50   1.3311481558529381     
          47          50  0.11556199866071253     
          49          50   1.5013520292908258     
          42          51   1.0259442345049561     
          46          51   1.0600397082150850     
          40          52  0.18744087040677421     
          41          52   1.6418575438178475     
           1          53  0.96712085253287716     
           2          54  0.96765466795551169     
           4          55  0.96847892776292388     
           5          56  0.97107430436058784     
           6          57  0.97091506710869246     
           7          58  0.96759120671321730     
           9          59  0.96024310400672475     
          11          60  0.94908748753446692     
          12          61  0.94857659157164276     
          14          62  0.96490505391023418     
          16          63  0.96817342122792482     
          17          64  0.97098185347763710     
          18          65  0.97110467443801296     
          19          66  0.96847493433237775     
          21          67  0.96811432162697331     
          22          68  0.96867358187440999     
          27          69  0.97491901938227221     
          27          70  0.96539101304172004     
          27          71  0.96644003056495786     
          29          72  0.96853918663341254     
          30          73  0.97078593919057532     
          31          74  0.97129004515619044     
          32          75  0.96772363843872322     
          36          76  0.92997389825550603     
          38          77  0.82348191189569198     
          44          78  0.96505931425832603     
          44          79  0.97641599149874514     
          44          80  0.96437900961649248     
          47          81  0.96651011773841566     
          48          82  0.97052031563428443     
          49          83  0.97024735622011371     
          50          84  0.96831451423672465     
