    0.14194901
   -0.27206581
    0.03810454
   -0.06485890
   -0.03154402
   -0.04006778
   -0.02890619
   -0.00846233
    0.04901436
    0.05419617
   -0.00132715
   -0.02803098
   -0.03963972
   -0.03133709
   -0.06422624
    0.15043418
   -0.26682694
    0.04009041
   -0.10312415
    0.27490766
   -0.01932284
   -0.02875147
   -0.02677723
   -0.03594482
    0.01022779
    0.00994239
   -0.03474476
   -0.02911025
   -0.02977284
   -0.02818107
   -0.03199440
   -0.02996284
   -0.41675146
    0.09067495
    0.35336669
   -0.37459742
   -0.37551093
   -0.11822064
    0.27176923
   -0.02143292
   -0.02838378
    0.01142974
    0.00901462
   -0.03175975
   -0.02770328
   -0.02986612
   -0.02966878
   -0.03568144
   -0.03326424
   -0.02697777
   -0.03111225
   -0.40832161
    0.04563467
    0.06146392
    0.04131198
    0.04007796
    0.03844403
    0.03773152
    0.03431073
    0.08254024
    0.04710357
    0.03518480
    0.03568584
    0.03552404
    0.03768314
    0.07500898
    0.03855336
    0.03475228
    0.03345437
    0.03901553
    0.03760288
    0.02583807
    0.03129651
    0.03240428
    0.03304695
    0.03641860
    0.04647776
    0.05917708
    0.34232932
    0.04836714
    0.03907711
    0.03416998
    0.03219639
    0.03070291
    0.02744200
    0.03925312
    0.03899124
    0.03083813
