           1           2   1.0618236690326528     
           2           3  0.98300271862967681     
           1           4   1.3829871388270618     
           4           5   1.4324843411015880     
           5           6   1.4458082234109426     
           4           7  0.10139330773614812     
           6           7   1.4223172222771210     
           1           8   1.3196002498698116     
           5           8  0.10624239365145810     
           7           8   1.4409178003800824     
           8           9  0.99485365662458669     
           9          10  0.94867572987839488     
          10          11  0.99742485609827203     
          11          12   1.4391670588713987     
          12          13   1.4224996325711408     
          11          14  0.10581569522540607     
          13          14   1.4450689895023390     
          12          15  0.10069689530078367     
          14          15   1.4328137606787064     
          11          16   1.3166614775071788     
          15          16   1.3814621419256710     
          16          17   1.0687722373890414     
          17          18  0.98228884899947499     
          10          19  0.95108584439550037     
          19          20   1.2153999178470720     
          20          21  0.95179094433607747     
          21          22   1.4010702992261521     
          22          23   1.4376196399863652     
          21          24  0.10510461914598963     
          23          24   1.4469856577168509     
          22          25  0.10407960414753768     
          24          25   1.3887926067408174     
          25          26   1.0449504552189277     
          26          27   1.3906217648167174     
          27          28   1.4503132650235431     
          26          29  0.10574521904909176     
          28          29   1.4354917130701608     
          27          30  0.10840283062002526     
          29          30   1.4343082315024767     
          26          31   1.3885669111541437     
          28          31  0.10896664250233500     
          30          31   1.4521964506103107     
          21          32   1.4135125416848808     
          23          32  0.10640630176979100     
          25          32   1.3889686939487209     
          19          33  0.19413041649857199     
          20          33   1.6944402314645053     
          19          34  0.98650941688028537     
          34          35  0.91098472308712575     
          35          36   1.1402461968848097     
          35          37   1.7865704208717856     
          36          37  0.17889659739652580     
           9          38  0.95551282473952981     
          34          38  0.98245928915116765     
          38          39   1.1891728651687465     
          39          40  0.96461091013767009     
          40          41   1.4140676680497444     
          41          42   1.3912908908804471     
          42          43   1.0439216372758873     
          43          44   1.3895904665209069     
          44          45   1.4514840838981804     
          43          46  0.10586049559238939     
          45          46   1.4347986083707218     
          44          47  0.10903223138757161     
          46          47   1.4353249965014214     
          43          48   1.3907089028520367     
          45          48  0.10862827182742103     
          47          48   1.4504084443358971     
          40          49  0.10448720972463679     
          42          49   1.3888055912410442     
          41          50  0.10544610377457445     
          49          50   1.4452978649197590     
          40          51   1.3941162804739329     
          42          51  0.10342776189427091     
          50          51   1.4410259495395241     
          38          52  0.18545970776366505     
          39          52   1.7078252294698582     
           3          53  0.97598948328612789     
           3          54  0.97947384569604279     
           3          55  0.97650721459690204     
           4          56  0.96550978693857892     
           5          57  0.97097168817549329     
           6          58  0.97083251869102494     
           7          59  0.96777882111418212     
           9          60  0.94502798804371579     
          10          61  0.95349237985074220     
          12          62  0.96785674096415431     
          13          63  0.97093375608251142     
          14          64  0.97116585438158731     
          15          65  0.96574560261539666     
          18          66  0.97531017084933713     
          18          67  0.97643713261770793     
          18          68  0.97647378621719205     
          22          69  0.97016054494092052     
          23          70  0.96956765682761792     
          24          71  0.96848510706051871     
          27          72  0.96904960554065100     
          28          73  0.97081294790513628     
          29          74  0.97145672365999070     
          30          75  0.97065763856356335     
          31          76  0.96836790535809047     
          32          77  0.96548456896945367     
          34          78  0.94425113149475193     
          36          79  0.85577908241644651     
          41          80  0.96638792539941321     
          44          81  0.96834090758229718     
          45          82  0.97058707620709561     
          46          83  0.97146855601788307     
          47          84  0.97082546953771431     
          48          85  0.96907571202748710     
          49          86  0.96845777559565072     
          50          87  0.96951993746985310     
          51          88  0.96898672856465295     
