   -0.02422968
    0.48502914
   -0.20025263
   -0.22526223
   -0.20690420
   -0.01889081
   -0.02023625
   -0.01433563
   -0.02381960
    0.02584799
    0.04718944
    0.04963499
    0.02677047
   -0.02122477
    0.48583727
   -0.20131129
   -0.22296289
   -0.20166092
   -0.01857558
   -0.02069298
   -0.01619481
   -0.02334373
   -0.12293353
    0.26811575
   -0.02310336
   -0.04090413
   -0.00866599
   -0.05767109
   -0.05837863
   -0.05788616
   -0.05757601
    0.02529577
   -0.05231100
   -0.41676558
    0.08500402
    0.35054732
   -0.35834486
   -0.38617056
   -0.11311892
    0.27417097
   -0.02521505
   -0.04703239
   -0.01164140
    0.02073928
   -0.05800426
   -0.05704859
   -0.05897072
   -0.05607877
   -0.04794873
   -0.40597418
    0.06626293
    0.05626056
    0.05650300
    0.06922700
    0.06624690
    0.07000037
    0.06875611
    0.05769017
    0.05604626
    0.05097978
    0.05718864
    0.04831878
    0.04423774
    0.03625454
    0.03688108
    0.03794228
    0.04199636
    0.05071870
    0.04970520
    0.08584719
    0.34346370
    0.04832099
    0.04789164
    0.05266352
    0.03619391
    0.03810686
    0.03608823
    0.04077791
    0.03989805
    0.04699113
