           1           2  0.95271916270290302     
           2           3  0.95678434958167724     
           2           4  0.92679186906131228     
           2           5  0.94350230817470959     
           1           6   1.4104178148471629     
           6           7   1.4447688821240459     
           1           8  0.10433463101979579     
           7           8   1.4319413384917496     
           6           9  0.10955027784246854     
           8           9   1.4490237548809828     
           1          10   1.3864227831937173     
           7          10  0.10793634040258523     
           9          10   1.4076769486024792     
          10          11  0.99428217238321115     
          11          12  0.95110353900274869     
          12          13  0.99464108961790021     
          13          14   1.3874415164136358     
          14          15  0.95169282229387853     
          15          16  0.94880805051840000     
          15          17  0.92887762736301360     
          15          18  0.95415107629983653     
          14          19   1.4125063099078028     
          13          20  0.10857032856932164     
          19          20   1.4441233743274289     
          14          21  0.10490987150173116     
          20          21   1.4322713624433583     
          13          22   1.4077282533529927     
          19          22  0.10936616955227740     
          21          22   1.4495193347012649     
          12          23  0.95657388739760085     
          23          24   1.1649364556895725     
          24          25   1.0291121127062219     
          25          26   1.5524891215238950     
          26          27   1.2696549101804449     
          27          28   1.0076273962208482     
          28          29   1.0065304486244180     
          29          30   1.0093251861586654     
          30          31  0.99972875998361488     
          25          32  0.10538062952772628     
          27          32   1.5488480520151797     
          31          32   1.0266600134055823     
          25          33   1.1286429689053841     
          26          33  0.10149438753979266     
          32          33   1.1596074868336481     
          23          34  0.17340120736712372     
          24          34   1.6705739499874313     
          23          35  0.98248318354219011     
          35          36  0.90609120506946306     
          36          37   1.1562508551512969     
          36          38   1.7727440480133008     
          37          38  0.18061588767518991     
          11          39  0.95474916186980763     
          35          39  0.98756393080750171     
          39          40   1.1971366020175915     
          40          41  0.97781994519283777     
          41          42   1.5852893788995479     
          42          43   1.2481649235122856     
          41          44  0.10822863264850813     
          43          44   1.5685417901164564     
          44          45   1.0255081283127996     
          45          46  0.99957527034849492     
          46          47   1.0093604741497741     
          43          48   1.0071667109523819     
          47          48   1.0061595065384878     
          41          49   1.1349693152130120     
          44          49   1.1494102518165350     
          39          50  0.19113643729794305     
          40          50   1.6935302181300826     
           6          51  0.96578005060606187     
           7          52  0.96890025305420602     
           8          53  0.96889351471704843     
           9          54  0.95952995051722711     
          11          55  0.95191560645101858     
          12          56  0.95092381641692469     
          19          57  0.96540551341771619     
          20          58  0.96879109677337982     
          21          59  0.96888557728019387     
          22          60  0.96649234811936013     
          26          61  0.96174090943187307     
          28          62  0.95988626117644882     
          28          63  0.96762342501342302     
          29          64  0.97811399386681530     
          29          65  0.97759371275457552     
          30          66  0.97702569715214471     
          30          67  0.97782559947471170     
          31          68  0.96526520579019515     
          31          69  0.95578633681368819     
          35          70  0.93463593815208956     
          37          71  0.85504971354118853     
          42          72  0.96290815454833023     
          45          73  0.96656987325772370     
          45          74  0.95628905003293163     
          46          75  0.97829336803484379     
          46          76  0.97702652541243273     
          47          77  0.97752183723274333     
          47          78  0.97785778948519608     
          48          79  0.96128358748290621     
          48          80  0.96756423913958245     
