   -0.02811817
   -0.02590641
   -0.02820897
   -0.02609837
   -0.03724264
    0.00643414
    0.04233227
    0.04062912
    0.00323430
   -0.03262991
   -0.02759946
   -0.02727909
   -0.02436225
   -0.02769955
   -0.11297256
    0.27810558
   -0.04131051
   -0.03190820
    0.05567953
   -0.03289087
    0.06870782
   -0.14173526
   -0.40065704
    0.09512371
    0.35443027
   -0.33223496
   -0.40184846
   -0.10838773
    0.27838644
   -0.03903551
   -0.02964379
    0.04109582
   -0.02901564
    0.06999354
   -0.14252924
   -0.39835496
    0.04213658
    0.04137377
    0.03815860
    0.03819766
    0.03097910
    0.07693137
    0.07705227
    0.01963384
    0.03582797
    0.03938134
    0.04256869
    0.04549732
    0.05510547
    0.07357643
    0.05020438
    0.35651946
    0.05819737
    0.07217537
