           1           2   1.4313978313316416     
           2           3   1.4491100084045330     
           1           4  0.10981164014180568     
           3           4   1.4296266130953375     
           2           5  0.11352374950167304     
           4           5   1.4546482573215391     
           1           6   1.4274730894972694     
           3           6  0.10949213596031153     
           5           6   1.4004240892643161     
           6           7  0.98242754570105506     
           7           8  0.95959275583507886     
           8           9  0.98533432972169543     
           9          10   1.4098437245570277     
          10          11   1.4485554024822702     
           9          12  0.10955983582289061     
          11          12   1.4351557834472002     
          10          13  0.11196660193373460     
          12          13   1.4424889346790675     
           9          14   1.4171561840937879     
          11          14  0.11068398576854530     
          13          14   1.4404357772819016     
           8          15  0.94931387445529036     
          15          16   1.2129514665345162     
          16          17  0.95112518037390104     
          17          18   1.5837235141983859     
          18          19   1.2098578619042786     
          18          20  0.10828032664061085     
          19          20   1.2062704267864763     
          17          21   1.2205622319937366     
          20          21   1.5836022724127106     
          21          22  0.99066127597077080     
          15          23  0.19683857449574196     
          16          23   1.7031263680625743     
          15          24  0.98727069587698424     
          24          25  0.90070684245114041     
          25          26   1.1958613756961087     
          25          27   1.7547332420012818     
          26          27  0.19046255551193803     
           7          28  0.95832935717759160     
          24          28  0.98828287102066703     
          28          29   1.2069226434052935     
          29          30  0.94674997134819228     
          30          31   1.5922954899954691     
          31          32   1.2016977609488586     
          31          33  0.10963063311879355     
          32          33   1.2048988458803720     
          30          34   1.2212910661244629     
          33          34   1.5862978369498748     
          34          35  0.98693631008544414     
          28          36  0.19585705985066221     
          29          36   1.7118552584566769     
           1          37  0.96204332823388095     
           2          38  0.97043360914005383     
           3          39  0.97090934950131036     
           4          40  0.97052973804766351     
           5          41  0.96876391021227404     
           7          42  0.94337218187487593     
           8          43  0.95202602095817912     
          10          44  0.96937880306923696     
          11          45  0.97086593288576273     
          12          46  0.97090535793335886     
          13          47  0.97021309212717544     
          14          48  0.96728815859843109     
          18          49  0.96903399244389710     
          20          50  0.96743171433586039     
          24          51  0.94412832327698071     
          26          52  0.84434242233967705     
          31          53  0.96886889940334786     
          33          54  0.96769110572178851     
