    0.14500209
   -0.25528623
    0.03678892
   -0.06567597
   -0.03175934
   -0.04674706
   -0.04124931
   -0.02581319
    0.03663151
    0.04181607
   -0.01139660
   -0.03422627
   -0.03794638
   -0.03040622
   -0.06322207
    0.14705362
   -0.28373757
    0.04564938
   -0.10300720
    0.27401577
   -0.02545062
   -0.02097907
   -0.05436883
    0.14494217
   -0.26574419
    0.03701398
   -0.06798850
   -0.03701622
   -0.43063888
    0.08653006
    0.35153296
   -0.35663094
   -0.39762664
   -0.10783647
    0.27926420
   -0.02688285
   -0.04038945
   -0.06690643
    0.14600414
   -0.26484960
    0.03627918
   -0.05626141
   -0.02048194
   -0.41826433
    0.04134430
    0.07073389
    0.04252847
    0.04042054
    0.03707161
    0.03472210
    0.04437661
    0.09552890
    0.07271380
    0.03961733
    0.03946662
    0.03809477
    0.03879234
    0.04920755
    0.04135244
    0.04364852
    0.05460863
    0.05400410
    0.06399617
    0.04223324
    0.03853120
    0.03589952
    0.03847074
    0.08126412
    0.34347980
    0.06057135
    0.03923153
    0.06409763
    0.04377059
    0.03932855
    0.05250376
    0.05865502
