           1           2   1.0826406929189782     
           2           3  0.98167400094880286     
           1           4   1.3796892069633229     
           4           5   1.4322173833909073     
           5           6   1.4474991270177013     
           6           7   1.4151138096113842     
           1           8   1.3052529986494197     
           5           8  0.10434915951578930     
           7           8   1.4458338702551399     
           8           9  0.98764033270216922     
           9          10  0.96165376078488596     
          10          11  0.98750329124103819     
          11          12   1.4279271737423040     
          12          13   1.4337659733880030     
          11          14  0.10719701693205916     
          13          14   1.4382228797647532     
          12          15  0.10359406850270692     
          14          15   1.4400946208297014     
          11          16   1.3368818701650316     
          15          16   1.3787046416706343     
          16          17   1.0468815095101189     
          17          18  0.98566873447407177     
          10          19  0.96285909715756524     
          19          20   1.2169251462181596     
          20          21  0.96939599341233917     
          21          22   1.3790306152050604     
          22          23   1.4795272758414886     
          23          24   1.3432737218176065     
          24          25   1.0661805835817553     
          25          26  0.98526587129245946     
          22          27  0.10039963879621783     
          24          27   1.3738466979709330     
          21          28   1.4119861823126745     
          23          28  0.10674598523407168     
          27          28   1.4384057931077403     
          19          29  0.19043518842545190     
          20          29   1.6775995575686631     
          19          30  0.97996559374177361     
          30          31  0.91703033013903579     
          31          32   1.1620404349564919     
          31          33   1.7604655824201341     
          32          33  0.17870239563054954     
           9          34  0.95371978614161590     
          30          34  0.99715612185424929     
          34          35   1.1711747560719505     
          35          36  0.99588797100129478     
          36          37   1.3982605312694341     
          37          38   1.4446103634654470     
          38          39   1.3715373126766142     
          39          40   1.0694302984758182     
          40          41  0.98432210736985337     
          37          42  0.10325384758765899     
          39          42   1.3376754112891187     
          36          43   1.3672727139333394     
          42          43   1.4869666420242007     
          34          44  0.17473827323340113     
          35          44   1.6917226186323111     
           3          45  0.97612317263232184     
           3          46  0.97847116201558537     
           3          47  0.97633301893647262     
           4          48  0.96533850938208920     
           5          49  0.97088966088579487     
           6          50  0.97108599070265800     
           7          51  0.96107044101869143     
           9          52  0.94287783537790737     
          10          53  0.94352669074850559     
          12          54  0.96779302169290415     
          13          55  0.97041703731877760     
          14          56  0.97087230614463227     
          15          57  0.96468395377305505     
          18          58  0.97665981440731386     
          18          59  0.97626192216692331     
          18          60  0.97373097945981191     
          22          61  0.96781505465248863     
          23          62  0.96697254397830701     
          26          63  0.97947227403994785     
          26          64  0.97645048588967653     
          26          65  0.97670981941083723     
          27          66  0.96578181074829139     
          28          67  0.96354812477419594     
          30          68  0.92306844911731434     
          32          69  0.85470797963131118     
          37          70  0.95973474621389077     
          38          71  0.96549127163265713     
          41          72  0.97951743963586890     
          41          73  0.97639855761444017     
          41          74  0.97663769309809711     
          42          75  0.96712586986717120     
          43          76  0.96522709112736260     
