   -0.02770457
    0.48604490
   -0.21536041
   -0.19759839
   -0.21473930
   -0.02052023
   -0.01976303
   -0.01555672
   -0.02103156
    0.02349268
    0.04341555
    0.04000300
    0.02717805
   -0.02436333
    0.48609759
   -0.21224949
   -0.20124155
   -0.20800429
   -0.01796828
   -0.02052337
   -0.01627379
   -0.02792639
   -0.12035768
    0.27524670
    0.08907754
   -0.04445082
   -0.04511786
    0.14050813
    0.11707749
   -0.18258266
   -0.16330825
   -0.39413516
    0.08650340
    0.35652015
   -0.36228569
   -0.38632729
   -0.11435591
    0.27160228
    0.08825083
   -0.05728662
   -0.03973551
    0.12882687
    0.11424355
   -0.19670361
   -0.16628695
   -0.39549554
    0.07020780
    0.06199411
    0.06172118
    0.05654501
    0.06729338
    0.08580554
    0.07050997
    0.06095304
    0.05831555
    0.05365886
    0.07023478
    0.06772485
    0.08832041
    0.35095287
    0.06299791
    0.06793026
