           1           2  0.95025367205501876     
           2           3  0.94028452815352781     
           2           4  0.95789118144266894     
           2           5  0.93163469398418985     
           1           6   1.4074052695572599     
           6           7   1.4474862625834062     
           1           8  0.10454155220606838     
           7           8   1.4286099256359883     
           6           9  0.10835697645915138     
           8           9   1.4519201183588577     
           1          10   1.3879540098462824     
           7          10  0.10800480047363575     
           9          10   1.4016767811309867     
          10          11  0.99809246151409226     
          11          12  0.95826179741558271     
          12          13  0.99968064978465099     
          13          14   1.3730385250345689     
          14          15  0.95012198782563440     
          15          16  0.93608756201907206     
          15          17  0.95336790383314163     
          15          18  0.94464743552386110     
          14          19   1.4234272113030357     
          13          20  0.10836006052291947     
          19          20   1.4349955956429565     
          14          21  0.10734698740411194     
          20          21   1.4414499333451927     
          13          22   1.4188836216032124     
          19          22  0.10674544485272336     
          21          22   1.4377744824546774     
          12          23  0.95163111032494918     
          23          24   1.1622661723978129     
          24          25   1.0039743216226409     
          25          26   1.4907946207000340     
          26          27   1.3599558674831449     
          25          28  0.12108117399657838     
          27          28   1.4606078476112425     
          28          29   1.1021345964216809     
          29          30   2.8070636314455699     
          25          31   1.1251467607325378     
          28          31   1.1165725113579663     
          23          32  0.17556697195920373     
          24          32   1.6978223560862631     
          23          33  0.98494715680495104     
          33          34  0.91803986816065497     
          34          35   1.1548080753201690     
          34          36   1.7744029512952162     
          35          36  0.18157204474700661     
          11          37  0.94810002661706450     
          33          37  0.96249532371899182     
          37          38   1.2223484561439992     
          38          39  0.95046542411631085     
          39          40   1.5246127506068001     
          40          41   1.3381805884012854     
          39          42  0.12886284469170750     
          41          42   1.4806699419163227     
          42          43   1.1084841913338364     
          43          44   2.7985957084484259     
          39          45   1.1425996223281920     
          42          45   1.0924766365636041     
          37          46  0.20280184222219633     
          38          46   1.7003027413773153     
           6          47  0.96517476495094123     
           7          48  0.96806885232608408     
           8          49  0.96796992928181047     
           9          50  0.96341368302507302     
          11          51  0.94842437456989015     
          12          52  0.93689827397314640     
          19          53  0.96512585006015117     
          20          54  0.96828542443263033     
          21          55  0.96860118051867583     
          22          56  0.96154991430585290     
          26          57  0.97045245009767855     
          27          58  0.97200249607125433     
          33          59  0.94504656587236835     
          35          60  0.85153905508337147     
          40          61  0.97082700879863193     
          41          62  0.97151882450723392     
