           1           2   1.9786117875518243     
           2           3   1.0066537362353081     
           3           4  0.99813077582976584     
           4           5   1.4070022293172919     
           5           6   1.4491402678746488     
           6           7   1.3938260545546104     
           7           8  0.95405111105496931     
           5           9  0.11058841822189060     
           7           9   1.3992678536976044     
           4          10   1.4135166189827404     
           6          10  0.10922684061838280     
           9          10   1.4417678994534588     
           1          11  0.97601661200890000     
           1          12  0.97508729566312047     
           2          13  0.96703953768544038     
           3          14  0.96811246004026785     
           3          15  0.95875427691931792     
           5          16  0.96880633311719433     
           6          17  0.96724306404045479     
           9          18  0.96730101923055312     
          10          19  0.96843520201142919     
