    0.14641480
   -0.27488195
    0.04129058
   -0.06464043
   -0.03191880
   -0.03825341
   -0.03021403
   -0.00398336
    0.04784583
    0.04847848
   -0.00545203
   -0.02757028
   -0.03974098
   -0.03146919
   -0.06411956
    0.14554715
   -0.27074386
    0.04053863
   -0.11762299
    0.27095950
   -0.02507604
   -0.05284425
   -0.03425344
   -0.05652588
    0.15111843
   -0.25852356
    0.03206891
   -0.05866162
   -0.40512975
    0.07840193
    0.34516408
   -0.36094575
   -0.34415011
   -0.11165029
    0.27123148
   -0.02126000
   -0.06678307
    0.14046309
   -0.27298231
    0.03441417
   -0.06419261
   -0.02344188
   -0.03228894
   -0.40756442
    0.04468537
    0.06008084
    0.03542039
    0.03637840
    0.03567033
    0.03838805
    0.05234898
    0.07130485
    0.07757308
    0.03348723
    0.03727823
    0.03747380
    0.03852341
    0.03710398
    0.04447741
    0.06279140
    0.03151904
    0.04336231
    0.05437889
    0.04723653
    0.04971099
    0.06599206
    0.05296631
    0.04233832
    0.32914999
    0.04354681
    0.04258647
    0.04570823
    0.06555425
    0.04471340
    0.04934167
    0.05185673
