           1           2   1.0552200149387201     
           2           3  0.98531152049429838     
           1           4   1.3832195522368538     
           4           5   1.4327089763815015     
           5           6   1.4451495396332987     
           4           7  0.10263748708997594     
           6           7   1.4250539568923282     
           1           8   1.3257220692883060     
           5           8  0.10679762683568651     
           7           8   1.4381674419509141     
           8           9  0.99263464473977658     
           9          10  0.95047949576555879     
          10          11  0.99335680569161766     
          11          12   1.4428298165779958     
          12          13   1.4210766241743269     
          11          14  0.10643186181305443     
          13          14   1.4468790543337953     
          12          15  0.10123952960934111     
          14          15   1.4315505709012741     
          11          16   1.3189733121499778     
          15          16   1.3837402985677276     
          16          17   1.0620815604103180     
          17          18  0.98404968229098477     
          10          19  0.95505498690008217     
          19          20   1.1888145553759979     
          20          21  0.96202206392801293     
          21          22   1.4026137355835311     
          22          23   1.4207739610822432     
          21          24  0.10468655169682910     
          23          24   1.4678490828572073     
          24          25   1.3415179483408386     
          25          26   1.0829162059908441     
          26          27  0.97894913597692856     
          21          28   1.4081262216815409     
          25          28   1.3688348638016021     
          19          29  0.18694389553703428     
          20          29   1.7117073089002453     
          19          30  0.98565375533808530     
          30          31  0.89941022224735101     
          31          32   1.1396473049181897     
          31          33   1.8036465927386280     
          32          33  0.16875045009794509     
           9          34  0.95065389536882694     
          30          34  0.98904762392005396     
          34          35   1.2069981191646126     
          35          36  0.95319757025880014     
          36          37   1.4285730365061038     
          37          38   1.3510553460340284     
          38          39   1.0625453596893977     
          39          40  0.98186066670200800     
          36          41  0.10214318721173180     
          38          41   1.3723171452379228     
          37          42  0.10796568734660210     
          41          42   1.4379458162045755     
          36          43   1.3879734089638029     
          42          43   1.4456207123391884     
          34          44  0.19471797565501062     
          35          44   1.7044142986393980     
           3          45  0.97627657315914096     
           3          46  0.97962486226014378     
           3          47  0.97585083482585588     
           4          48  0.96576059737064690     
           5          49  0.97115101411350668     
           6          50  0.97076917396361129     
           7          51  0.96403065418879863     
           9          52  0.94946379887032606     
          10          53  0.94657913789861503     
          12          54  0.96802135414475821     
          13          55  0.97089186628018032     
          14          56  0.97106109695606690     
          15          57  0.96566781021622439     
          18          58  0.97595344830458830     
          18          59  0.97604906621792142     
          18          60  0.97934649389133421     
          22          61  0.96870670976876339     
          23          62  0.96943254959375880     
          24          63  0.96786275718615700     
          27          64  0.97647681152018140     
          27          65  0.97638770721540724     
          27          66  0.97956694862873295     
          28          67  0.96361906284771293     
          30          68  0.94034722055711795     
          32          69  0.85864612315873456     
          37          70  0.96575422590987081     
          40          71  0.97668878383272040     
          40          72  0.97692962020017249     
          40          73  0.97931105038807198     
          41          74  0.96571229423871507     
          42          75  0.96909162865805754     
          43          76  0.96876662547416670     
