   -0.03781868
   -0.03676555
    0.01142025
   -0.03563184
   -0.02842462
   -0.02808773
   -0.03103455
    0.01601296
   -0.04019944
   -0.00600614
    0.03461520
    0.03647180
    0.00183114
   -0.03840687
    0.01719743
   -0.03028652
   -0.02630299
   -0.02786610
   -0.03192578
    0.01636403
   -0.02965579
   -0.03503416
   -0.10769077
    0.27026364
    0.08864594
   -0.04057213
   -0.06988520
    0.20192395
   -0.12288276
   -0.20008564
   -0.42106691
    0.08428858
    0.35810852
   -0.36096301
   -0.38065560
   -0.11904397
    0.27315623
    0.07792533
   -0.06281697
   -0.07477610
    0.20265088
   -0.11055835
   -0.15199143
   -0.39568500
    0.04249848
    0.03744579
    0.03297795
    0.03330882
    0.03508846
    0.04180031
    0.04785896
    0.08975082
    0.08487647
    0.01896467
    0.02638575
    0.03301745
    0.03323086
    0.03501277
    0.04053405
    0.03476886
    0.08403023
    0.07271253
    0.08358073
    0.34627430
    0.06633952
    0.07078693
