           1           2   1.5714871512941986     
           2           3   1.2719150988793706     
           3           4   1.2828843426080447     
           4           5   1.5546567967000189     
           5           6   1.3224495079003846     
           4           7  0.11817263409301559     
           6           7   1.5562063701576094     
           3           8   1.2538418205863433     
           7           8   1.2802389327341590     
           2           9  0.11221264533969337     
           8           9   1.2757473262515242     
           1          10   1.2841674767887776     
           9          10   1.5339044571887119     
          10          11  0.98682342753036201     
          11          12  0.95738630397118596     
          12          13  0.98480229308069944     
          13          14   1.5296123510369610     
          14          15   1.2772032350628735     
          15          16   1.2805203749861773     
          16          17   1.5559388375415635     
          17          18   1.3223304023055726     
          16          19  0.11802850601399921     
          18          19   1.5550388495050793     
          15          20   1.2528025744555591     
          19          20   1.2829401270710061     
          14          21  0.11237598308097707     
          20          21   1.2732890614337027     
          13          22   1.2884978808253598     
          21          22   1.5685862101245878     
          12          23  0.96129537056114467     
          23          24   1.2023495906844905     
          24          25   1.0193345113875403     
          25          26   1.5421369867724488     
          26          27   1.3044529542951133     
          25          28  0.12693155229909633     
          27          28   1.5358653545353071     
          28          29   1.0043763243914148     
          25          30   1.0714722782459121     
          28          30   1.1246179752948660     
          23          31  0.18808895396826505     
          24          31   1.6497136379491426     
          23          32  0.98070922831877783     
          32          33  0.91345213217023158     
          33          34   1.1537237215011142     
          33          35   1.7849886731809981     
          34          35  0.18021735555688279     
          11          36  0.94400185989513685     
          32          36  0.99347600984768158     
          36          37   1.1754814263601183     
          37          38  0.99695203935151211     
          38          39   1.5299978218075441     
          39          40   1.3097098060138279     
          38          41  0.12511287371317661     
          40          41   1.5220300811185496     
          41          42   1.0132013119724186     
          38          43   1.0972954874736205     
          41          43   1.1471661149314176     
          36          44  0.18439578906158985     
          37          44   1.6947099647732957     
           1          45  0.96837561029780839     
           2          46  0.96749384715938813     
           4          47  0.96838748249433859     
           5          48  0.97094505148544386     
           6          49  0.97077595928810911     
           7          50  0.96759719472203531     
           9          51  0.96116325786280976     
          11          52  0.94458236603254608     
          12          53  0.94535751507030397     
          14          54  0.96388552251765269     
          16          55  0.96855556164385825     
          17          56  0.97097469553369442     
          18          57  0.97098557660200713     
          19          58  0.96830206401301444     
          21          59  0.96745766020028701     
          22          60  0.96873424858358603     
          26          61  0.96843751013905066     
          27          62  0.97042155847284528     
          32          63  0.92179409261742618     
          34          64  0.85422149637868383     
          39          65  0.96805928392761520     
          40          66  0.97088830284713123     
