   -0.03102083
    0.48854335
   -0.20963516
   -0.20301600
   -0.20476721
   -0.02386994
   -0.02260183
   -0.01770687
   -0.03174826
    0.00360858
    0.04130472
    0.04460848
    0.00702671
   -0.02574954
    0.48974757
   -0.19345389
   -0.23027419
   -0.19761693
   -0.02240266
   -0.02140894
   -0.01778434
   -0.02883588
   -0.12001960
    0.28023242
   -0.01468605
   -0.03225760
   -0.03059691
   -0.03903821
    0.01538604
   -0.06051315
   -0.09749785
   -0.03648452
   -0.39696236
    0.08245137
    0.36144523
   -0.36171309
   -0.36319150
   -0.10861517
    0.27289076
   -0.01630248
   -0.03882039
    0.01916867
   -0.06100198
   -0.10081275
   -0.03767161
   -0.03024723
   -0.03053934
   -0.43402794
    0.07302433
    0.06203007
    0.05913014
    0.05490414
    0.06297778
    0.05412683
    0.07047838
    0.06146590
    0.06039728
    0.05071700
    0.05156071
    0.03707011
    0.03575651
    0.04210629
    0.04366464
    0.03422156
    0.04042490
    0.03019017
    0.03943945
    0.08109820
    0.36840908
    0.04324718
    0.04873012
    0.04219568
    0.04055194
    0.03162172
    0.04359751
    0.03980188
    0.03969655
    0.04384224
