           1           2  0.94809140472154274     
           2           3  0.94216381006634276     
           2           4  0.95120643211578093     
           2           5  0.94486096417358600     
           1           6   1.4120976376530150     
           6           7   1.4442984530469956     
           1           8  0.10514711659858625     
           7           8   1.4312793890544357     
           6           9  0.10807594204057906     
           8           9   1.4496544997108538     
           1          10   1.3864621578123004     
           7          10  0.10853256724933545     
           9          10   1.4066512913557012     
          10          11  0.98871167533684179     
          11          12  0.95379959156774397     
          12          13  0.98705386142501550     
          13          14   1.3940056502903144     
          14          15  0.95064666563282874     
          15          16  0.96168654125535180     
          15          17  0.91038702715636477     
          15          18  0.96116389568390859     
          14          19   1.4034009673346288     
          13          20  0.10832025290607197     
          19          20   1.4506386277877883     
          14          21  0.10460606186967711     
          20          21   1.4257961370277592     
          13          22   1.4022832206306040     
          19          22  0.10854877405596755     
          21          22   1.4532951111436245     
          12          23  0.97237561487030477     
          23          24   1.1583460706867295     
          24          25  0.96344660576399477     
          25          26   1.3946990625989879     
          26          27   1.4423369880498258     
          25          28  0.10813258705943615     
          27          28   1.4419382255428430     
          26          29  0.10862507745753250     
          28          29   1.4103369192947943     
          29          30   1.0118431689627747     
          30          31   1.0019314247409301     
          25          32   1.4143145416861591     
          27          32  0.10697861116601078     
          29          32   1.4122503319458364     
          23          33  0.17725906294074076     
          24          33   1.7297572642939816     
          23          34  0.99104042344831311     
          34          35  0.87972443571515979     
          35          36   1.2165066260191548     
          35          37   1.7817592284313861     
          36          37  0.18269534048050995     
          11          38  0.97132700440926667     
          34          38  0.96900876031484229     
          38          39   1.2487250523723137     
          39          40  0.96803217387456097     
          40          41   1.4072669478596087     
          41          42   1.4116603873148335     
          42          43   1.0131486784589707     
          43          44   1.0003546148857121     
          40          45  0.10686853563062633     
          42          45   1.4092942393831946     
          41          46  0.10853485737529604     
          45          46   1.4424235811507848     
          40          47   1.4001114688176368     
          42          47  0.10728773755173414     
          46          47   1.4412156305910595     
          38          48  0.18556044352112275     
          39          48   1.6224663796678502     
           6          49  0.96447168118000515     
           7          50  0.96805677710041893     
           8          51  0.96801649975257997     
           9          52  0.96308045812301879     
          11          53  0.94753867805860048     
          12          54  0.95123976864466886     
          19          55  0.96516000359580645     
          20          56  0.96807979971240155     
          21          57  0.96681301795494312     
          22          58  0.96302940533405890     
          26          59  0.96786210711398790     
          27          60  0.96948045661213933     
          28          61  0.96916743470852862     
          30          62  0.97550064541714754     
          30          63  0.97079528929592185     
          31          64  0.98725029901782024     
          31          65  0.98613548666769846     
          31          66  0.98828614155656624     
          32          67  0.96755582101447080     
          34          68  0.93095636613068344     
          36          69  0.76023073634488836     
          41          70  0.96622441847023555     
          43          71  0.97029305031378654     
          43          72  0.97502126532661093     
          44          73  0.98631554738780391     
          44          74  0.98838576889594987     
          44          75  0.98561823051497710     
          45          76  0.96863888478547122     
          46          77  0.96962254707271334     
          47          78  0.96912010313993879     
