   -0.02857915
    0.48708899
   -0.20390556
   -0.20337443
   -0.21525245
   -0.02179226
   -0.02083427
   -0.01632974
   -0.02648670
    0.01101024
    0.03579199
    0.04920600
    0.02374426
   -0.02680004
    0.48506653
   -0.19745132
   -0.22911134
   -0.20241331
   -0.02215788
   -0.02409008
   -0.01815785
   -0.02850794
   -0.10187716
    0.27978925
   -0.05314575
   -0.01896369
   -0.00173066
   -0.06915864
    0.13497697
   -0.26487437
    0.03342775
   -0.41703866
    0.09176995
    0.36627226
   -0.34941359
   -0.39823973
   -0.11070507
    0.28321449
   -0.04816525
   -0.02152565
    0.00058274
   -0.07203533
    0.13101358
   -0.27020574
    0.03518014
   -0.41597538
    0.07075758
    0.06216729
    0.05893586
    0.04844408
    0.07778262
    0.07285079
    0.06546135
    0.05481634
    0.05532174
    0.07304417
    0.06366181
    0.05545405
    0.04555001
    0.04666329
    0.07241403
    0.09584367
    0.34820643
    0.07028834
    0.05462472
    0.04877654
    0.03843664
    0.07066250
