           1           2  0.94994076636494262     
           2           3  0.94981944124643269     
           2           4  0.95099074467716227     
           2           5  0.93386074503546446     
           1           6   1.4099998107728291     
           6           7   1.4460350256153336     
           1           8  0.10496178100658733     
           7           8   1.4301208398110909     
           6           9  0.10867629711844877     
           8           9   1.4511642948900239     
           1          10   1.3882611171283736     
           7          10  0.10840508135097755     
           9          10   1.4046133964214527     
          10          11  0.99394780264441862     
          11          12  0.94937259820683428     
          12          13  0.99114826963013303     
          13          14   1.3887993962747966     
          14          15  0.95104405270212378     
          15          16  0.95432393776465962     
          15          17  0.92189491534555679     
          15          18  0.95383969481864195     
          14          19   1.4090115261319776     
          13          20  0.10767415195326467     
          19          20   1.4465122675749689     
          14          21  0.10366933974417820     
          20          21   1.4292816946080367     
          13          22   1.4035597671089259     
          19          22  0.11009718685112681     
          21          22   1.4522139921805404     
          12          23  0.96044674863500179     
          23          24   1.2071105028143920     
          24          25  0.96813098577339907     
          25          26   1.5928556160802858     
          25          27  0.10233913307093452     
          26          27   1.2098608561545379     
          26          28  0.10955717273229416     
          27          28   1.1631077019899929     
          25          29   1.1730653850696002     
          28          29   1.5538552855331278     
          29          30   1.0653717482883942     
          30          31  0.97652943989193375     
          23          32  0.19097555399649013     
          24          32   1.6851621778285635     
          23          33  0.98717320009609655     
          33          34  0.90898444852720273     
          34          35   1.1719592762689046     
          34          36   1.7597020221105493     
          35          36  0.18020334254634568     
          11          37  0.96617512333645239     
          33          37  0.97222466246377537     
          37          38   1.2122156598361342     
          38          39  0.96088870021102879     
          39          40   1.6010096692423563     
          39          41  0.10073252672103629     
          40          41   1.2062733360350324     
          40          42  0.10975642870695590     
          41          42   1.1681440082582786     
          39          43   1.1779269400422396     
          42          43   1.5531061438028537     
          43          44   1.0553099153120609     
          44          45  0.97804111661356274     
          37          46  0.18917470779420870     
          38          46   1.6835096555576734     
           6          47  0.96506078760972613     
           7          48  0.96813707280010142     
           8          49  0.96830085605627692     
           9          50  0.96570556545958841     
          11          51  0.94028696258133371     
          12          52  0.95281516032712055     
          19          53  0.96583136990843321     
          20          54  0.96904676331812134     
          21          55  0.96894576099091734     
          22          56  0.95959475301110442     
          26          57  0.96910672318091973     
          28          58  0.96831469692429972     
          31          59  0.97743670377759839     
          31          60  0.97729220606866984     
          31          61  0.97934326478227840     
          33          62  0.93580404508637316     
          35          63  0.85221731137613332     
          40          64  0.96781430164995119     
          42          65  0.96840856703503297     
          45          66  0.97743275988266975     
          45          67  0.97725964260036169     
          45          68  0.97938173125162153     
