   -0.03235118
   -0.02909991
   -0.02921515
   -0.03731202
    0.00966208
    0.01582702
   -0.03517380
   -0.02957274
   -0.03309508
   -0.00629168
    0.04227849
    0.05002169
    0.01237799
   -0.03152957
   -0.02678502
   -0.03394922
    0.01877796
    0.01470654
   -0.03483333
   -0.02959399
   -0.02988554
   -0.03273613
   -0.14059158
    0.28027926
   -0.02258842
   -0.01962475
   -0.02959282
   -0.03298371
    0.01480851
   -0.01387899
   -0.10678923
   -0.10398267
   -0.03751857
   -0.40223047
    0.10290701
    0.37089264
   -0.35595323
   -0.39828319
   -0.12340376
    0.27631793
   -0.01279382
   -0.02692091
    0.01436132
   -0.01413152
   -0.10196750
   -0.10355658
   -0.03746281
   -0.02839611
   -0.03048104
   -0.44047701
    0.03596735
    0.03471855
    0.03369097
    0.03219871
    0.03693662
    0.03836756
    0.03327184
    0.05146361
    0.05230853
    0.03434362
    0.03534152
    0.03613099
    0.02387899
    0.02910992
    0.03144765
    0.03422019
    0.05429617
    0.04001374
    0.03970319
    0.03350708
    0.04088946
    0.04036934
    0.03725212
    0.03901937
    0.03546945
    0.03811774
    0.03017842
    0.05737555
    0.34613201
    0.03845802
    0.03358762
    0.03241681
    0.03552040
    0.03885630
    0.03838498
    0.04112942
    0.03637546
    0.03445435
    0.03823230
    0.03867873
