           1           2   1.5566156851121236     
           2           3   1.3225333018404510     
           1           4  0.11794381797609846     
           3           4   1.5528396698095017     
           4           5   1.2836844067106465     
           1           6   1.2790504702304086     
           5           6   1.2528205726558219     
           6           7   1.2782755704799562     
           7           8   1.5502620053657130     
           8           9   1.3288332195399126     
           5          10   1.2512134856695085     
           7          10  0.11474875883655225     
           9          10   1.5178665481540838     
          10          11  0.99636067523559524     
          11          12  0.95390289373403947     
          12          13  0.99638257868127178     
          13          14   1.5314483912395767     
          14          15   1.3191033784015549     
          13          16  0.11446088623266649     
          15          16   1.5597980562765563     
          16          17   1.2728097321892384     
          13          18   1.2395500141814524     
          17          18   1.2582904660675081     
          18          19   1.2890788374487097     
          19          20   1.5509213225953460     
          20          21   1.3252215103895353     
          17          22   1.2818747042034866     
          19          22  0.11795291978089163     
          21          22   1.5545350907712689     
          12          23  0.95000611151478331     
          23          24   1.1542715451705388     
          24          25  0.98272912439076687     
          25          26   1.3932325497201148     
          26          27   1.4451133570528840     
          25          28  0.10416894455991921     
          27          28   1.4420774720011924     
          26          29  0.10644560564028178     
          28          29   1.4053530380213346     
          29          30  0.99815275627175926     
          30          31  0.99384540812525202     
          30          32   1.0004928681126364     
          25          33   1.3924911404987952     
          27          33  0.10550834321652450     
          29          33   1.4210601592378671     
          23          34  0.16958095491447958     
          24          34   1.7186816163880974     
          23          35  0.98865317100506167     
          35          36  0.91977968934330590     
          36          37   1.1578501084501647     
          36          38   1.7621884742033929     
          37          38  0.17568477562592238     
          11          39  0.95535686762609517     
          35          39  0.95473196035794905     
          39          40   1.2314357360052226     
          40          41  0.96417407202254801     
          41          42   1.4161119742666586     
          42          43   1.4091911857064070     
          43          44  0.99838346050181603     
          44          45  0.99777529877075022     
          44          46  0.99643446963432869     
          41          47  0.10661581440966543     
          43          47   1.4149697178409320     
          42          48  0.10890514855640664     
          47          48   1.4379614270090297     
          41          49   1.3950134263577936     
          43          49  0.10861331631250735     
          48          49   1.4449096796264298     
          39          50  0.18884977455648838     
          40          50   1.6554542754992205     
           1          51  0.96777845715449462     
           2          52  0.97059850354591892     
           3          53  0.97088167530179181     
           4          54  0.96085195176190175     
           7          55  0.96733591753998394     
           8          56  0.96993267898969315     
           9          57  0.96408366359461362     
          11          58  0.94984236981999859     
          12          59  0.94012688174728987     
          14          60  0.96214640996963152     
          15          61  0.97041115300223835     
          16          62  0.96795311626350167     
          19          63  0.96507018972275060     
          20          64  0.97122784440327892     
          21          65  0.97088833194213953     
          22          66  0.96812808182449417     
          26          67  0.96792261488079001     
          27          68  0.96979810746282746     
          28          69  0.96661661903289875     
          30          70  0.96736362508017892     
          31          71  0.98625849440569191     
          31          72  0.98499225105747201     
          31          73  0.98621645260767465     
          32          74  0.98447144452715740     
          32          75  0.98731574276651812     
          32          76  0.98590909984547570     
          33          77  0.96563638169502497     
          35          78  0.94680201922883711     
          37          79  0.85443205792119459     
          42          80  0.96537701315029889     
          44          81  0.96761823533489721     
          45          82  0.98493208996875903     
          45          83  0.98463307527256960     
          45          84  0.98535097835111862     
          46          85  0.98537641960054245     
          46          86  0.98510908049330270     
          46          87  0.98734043284537365     
          47          88  0.96821696056338358     
          48          89  0.96962643908225565     
          49          90  0.96919037937623509     
