   -0.02552923
   -0.02651765
   -0.02749970
   -0.02445554
   -0.02990984
    0.01072073
    0.04256372
    0.03588080
   -0.00397487
   -0.03081370
   -0.02281269
   -0.02799106
   -0.02758352
   -0.03983130
   -0.12246865
    0.27555809
   -0.06705168
    0.12956178
   -0.11807570
   -0.19336065
    0.10573497
    0.00353971
   -0.03066770
   -0.02843696
   -0.02893722
   -0.02595021
   -0.03661074
   -0.08195483
   -0.42557961
    0.07115323
    0.35050122
   -0.35188343
   -0.36114203
   -0.15952402
    0.27343990
   -0.07174430
    0.13017241
   -0.11827535
   -0.18861332
    0.10807092
    0.00392186
   -0.02934157
   -0.02694851
   -0.02779174
   -0.02580012
   -0.03449593
   -0.07930198
   -0.42240952
    0.01644940
    0.03350288
    0.03785676
    0.03962476
    0.03347236
    0.05414183
    0.08554459
    0.04393247
    0.04321951
    0.03828805
    0.03684482
    0.02903095
    0.07082160
    0.07846671
    0.05882394
    0.04365141
    0.03408667
    0.03341428
    0.03566357
    0.04230423
    0.06061438
    0.07630686
    0.33786413
    0.07166705
    0.06158241
    0.07626307
    0.04428968
    0.03542619
    0.03589614
    0.03842383
    0.03946963
    0.03552138
