           1           2   1.4456168866507360     
           2           3   1.4378957034577806     
           1           4  0.11144740392834240     
           3           4   1.4391923202059229     
           2           5  0.11068213641127865     
           4           5   1.4442595414338872     
           1           6   1.4111352638868613     
           3           6  0.10931191764523782     
           5           6   1.4122715569828674     
           6           7  0.99092883544232935     
           7           8  0.94881405855403433     
           8           9  0.98746324643848249     
           9          10   1.4142750676113314     
          10          11   1.4396014775856278     
           9          12  0.10904692826916132     
          11          12   1.4425280824444437     
          10          13  0.11076322121763611     
          12          13   1.4356719007651970     
           9          14   1.4087881608219956     
          11          14  0.11188941095694804     
          13          14   1.4468633681570375     
           8          15  0.97000539343186942     
          15          16   1.1588127375659942     
          16          17   1.0138713043268501     
          17          18   1.4901116996534143     
          18          19   1.0351377450290762     
          18          20   1.1410496089691016     
          18          21  0.11174654626024140     
          20          21   1.0821969935391673     
          21          22   1.0883870790199328     
          22          23   1.3721160456241595     
          23          24   1.4564291280751751     
          24          25   1.4324784652068283     
          23          26  0.10495632267555903     
          25          26   1.4268238049277733     
          22          27   1.3668444870054466     
          24          27  0.10565941779709394     
          26          27   1.4625222234148132     
          17          28   1.2494585373211138     
          21          28   1.5355866806724110     
          15          29  0.17284884605494916     
          16          29   1.6871510859692178     
          15          30  0.99136626718502718     
          30          31  0.90199912929728343     
          31          32   1.1667170521705146     
          31          33   1.7854758825528712     
          32          33  0.17251487527507037     
           7          34  0.95263189036700879     
          30          34  0.97701672917359328     
          34          35   1.1570473733551065     
          35          36   1.0049709681738619     
          36          37   1.4916355684662519     
          37          38   1.0351584102788154     
          37          39   1.1410106913213935     
          37          40  0.11209772462149392     
          39          40   1.0885110825010325     
          40          41   1.0872272276631139     
          41          42   1.3715206885910864     
          42          43   1.4573034462098720     
          43          44   1.4313884809427542     
          42          45  0.10491314186013122     
          44          45   1.4280192818846080     
          41          46   1.3680853964578035     
          43          46  0.10574841056723074     
          45          46   1.4609839938535467     
          36          47   1.2551283552844037     
          40          47   1.5324054102853431     
          34          48  0.17208291493124553     
          35          48   1.6970727428495194     
           1          49  0.96698147708889914     
           2          50  0.97068811657243859     
           3          51  0.97100609149111095     
           4          52  0.97048969403879304     
           5          53  0.96844969531698122     
           7          54  0.95430499653910583     
           8          55  0.93881622867341641     
          10          56  0.96624258379388350     
          11          57  0.97013369307131381     
          12          58  0.97089677167726784     
          13          59  0.97073703753855445     
          14          60  0.96610678018519369     
          19          61  0.96346969210991606     
          19          62  0.97716523488527951     
          19          63  0.96653191669792193     
          23          64  0.96872949068686576     
          24          65  0.97075560891248314     
          25          66  0.97132152972903096     
          26          67  0.97020382301302599     
          27          68  0.96771789875558833     
          28          69  0.96461118441599103     
          30          70  0.92165005417679124     
          32          71  0.84003713840813832     
          38          72  0.96586269850532425     
          38          73  0.96433799156761857     
          38          74  0.97775297378799708     
          42          75  0.96862128490886612     
          43          76  0.97060593227769387     
          44          77  0.97125927390308653     
          45          78  0.97040009906500413     
          46          79  0.96802290964658178     
          47          80  0.96950962048938216     
