   -0.42114023
    0.27408759
   -0.01769926
   -0.02662623
   -0.02830948
   -0.03834674
    0.01974615
   -0.11192447
   -0.04240382
   -0.11042561
    0.09058865
    0.35161886
   -0.36361135
   -0.38191578
   -0.11920444
    0.27524468
   -0.02034545
   -0.03441029
    0.01980960
   -0.11021547
   -0.04027791
   -0.03004445
   -0.04023261
   -0.41420413
    0.04162468
    0.00843210
   -0.03445984
    0.01793671
    0.01429322
   -0.03373013
   -0.02920551
   -0.02867339
   -0.03267909
   -0.03319969
   -0.02990661
    0.03674568
   -0.00440611
   -0.03949222
    0.01445456
    0.01100233
   -0.03560502
   -0.02916908
   -0.02900240
   -0.03341660
   -0.03714706
   -0.04146322
    0.04420320
    0.03902590
    0.03734060
    0.05267168
    0.04822350
    0.04681849
    0.02733057
    0.07217603
    0.34381384
    0.03989922
    0.04392358
    0.05425874
    0.04627586
    0.03370681
    0.03627387
    0.05119033
    0.06436763
    0.03784359
    0.03194732
    0.03140512
    0.03209194
    0.03481601
    0.03331947
    0.01997722
    0.07548889
    0.05679606
    0.03254402
    0.03210207
    0.03313018
    0.03917764
    0.03693474
    0.03823473
