           1           2   1.6924304843699276     
           2           3  0.96042961778530200     
           3           4   1.4034917474052779     
           4           5   1.4398812025374148     
           3           6  0.10728649676686847     
           5           6   1.4438485378423647     
           4           7  0.10717712640261533     
           6           7   1.4091329365465155     
           7           8   1.0265645893348627     
           3           9   1.4080851958230989     
           5           9  0.10882944386529468     
           7           9   1.4099222946150654     
           1          10  0.18970191305701917     
           2          10   1.2060452364989578     
          10          11  0.99444241769190012     
          11          12  0.90885247067506247     
          12          13   1.1548019356038239     
          12          14   1.7782613361732624     
          13          14  0.18093368423152970     
          11          15  0.99224018651245216     
          15          16   1.1926347664949879     
          16          17  0.96224892093415015     
          17          18   1.4080044184596103     
          18          19   1.4120120266592890     
          19          20   1.0254761298657000     
          17          21  0.10644078361611266     
          19          21   1.4079960705144414     
          18          22  0.10967444208311014     
          21          22   1.4434336757663317     
          17          23   1.4022602293953161     
          19          23  0.10756377690670103     
          22          23   1.4400865167626162     
          15          24  0.18684869894613942     
          16          24   1.7049176960883821     
          15          25  0.95226675799157756     
          25          26  0.98820766148253891     
          26          27   1.5287145284656649     
          27          28   1.2806648633669535     
          28          29   1.2515986902749752     
          29          30   1.2825839591426498     
          30          31   1.5554536187294858     
          31          32   1.3214357127695586     
          28          33   1.2791774096254820     
          30          33  0.11807899702433849     
          32          33   1.5572735555084321     
          27          34  0.11373388113881010     
          29          34   1.2745935199537886     
          26          35   1.2919530347063568     
          34          35   1.5666201402061732     
          10          36  0.94789498604322364     
          25          36  0.96381796551056020     
          36          37  0.98306638333405116     
          37          38   1.5199340911115693     
          38          39   1.2874337621968361     
          39          40   1.2493453802457641     
          40          41   1.2786551879223713     
          41          42   1.5589516328457789     
          42          43   1.3182436575270993     
          39          44   1.2753199416336714     
          41          44  0.11863432348063059     
          43          44   1.5608397492150108     
          38          45  0.11663316324277480     
          40          45   1.2814314016214599     
          37          46   1.3009863071871703     
          45          46   1.5540976184562643     
           4          47  0.96950106962349691     
           5          48  0.96977601424301840     
           6          49  0.96905070911746349     
           8          50  0.96349055988604360     
           8          51  0.97829848755439042     
           8          52  0.98348198575649826     
           9          53  0.96523844658771918     
          11          54  0.92040047450101958     
          13          55  0.85557584405153841     
          18          56  0.96784147388934860     
          20          57  0.98314041619101733     
          20          58  0.96587839602500924     
          20          59  0.97942093638042138     
          21          60  0.96913545216531538     
          22          61  0.97011462138082860     
          23          62  0.96528556050436576     
          25          63  0.95201264382669493     
          27          64  0.96523929502664108     
          30          65  0.96845062691619421     
          31          66  0.97109699745950484     
          32          67  0.97098494252227341     
          33          68  0.96823359391979058     
          34          69  0.96811780113361701     
          35          70  0.96658082637723508     
          36          71  0.95324293673898208     
          38          72  0.96291327749738875     
          41          73  0.96841285861641158     
          42          74  0.97104004504694186     
          43          75  0.97087734702332784     
          44          76  0.96793902205861571     
          45          77  0.96793703175577206     
          46          78  0.96353942195541387     
