   -0.03401724
   -0.03191012
    0.01316672
   -0.03357300
   -0.02960646
   -0.02915261
   -0.03508257
    0.01459436
   -0.04564225
   -0.00013826
    0.03645722
    0.04464344
    0.00987032
   -0.03314168
    0.01720027
   -0.03271565
   -0.02822800
   -0.02842356
   -0.03316837
    0.01557893
   -0.03143967
   -0.03123408
   -0.14523481
    0.26958601
   -0.07103397
    0.13010204
   -0.12398421
   -0.17364210
    0.06586223
   -0.06862484
   -0.42917335
    0.07050101
    0.34685713
   -0.35239247
   -0.34954543
   -0.11973720
    0.27335410
   -0.06730401
    0.12948069
   -0.12204844
   -0.18011169
    0.06387263
   -0.07493470
   -0.42915705
    0.04844885
    0.04088213
    0.03425244
    0.03174935
    0.03147944
    0.03187296
    0.03057335
    0.07859743
    0.03890328
    0.02888015
    0.03261511
    0.03284240
    0.03297750
    0.03435072
    0.03886982
    0.03376361
    0.07334442
    0.06612678
    0.08033731
    0.05772669
    0.03841987
    0.07918409
    0.33564243
    0.08319291
    0.05984827
    0.07031850
    0.05445286
    0.06361801
