           1           2   1.5523972669267634     
           2           3   1.2833877094284825     
           3           4   1.2782360730926576     
           4           5   1.5598366750639918     
           5           6   1.3175278186236039     
           4           7  0.11852088238461546     
           6           7   1.5613173252148687     
           3           8   1.2480407445870745     
           7           8   1.2748321690481557     
           2           9  0.11790525308852917     
           8           9   1.2897359524721175     
           1          10   1.3057732066050842     
           9          10   1.5149943708891263     
          10          11  0.98839305696922453     
          11          12  0.94320941453010021     
          12          13  0.99683995755888943     
          13          14   1.5201119632846063     
          14          15   1.2864294421571227     
          15          16   1.2771326054442120     
          16          17   1.5591972156843306     
          17          18   1.3194713335334876     
          16          19  0.11829382370162762     
          18          19   1.5575968310440795     
          15          20   1.2488558468401103     
          19          20   1.2805028658406865     
          14          21  0.11562003086004108     
          20          21   1.2793782364820339     
          13          22   1.2971368863626271     
          21          22   1.5590730390852325     
          12          23  0.95137672988336763     
          23          24   1.1729933341467185     
          24          25   1.0039302532991594     
          25          26   1.5125212975278191     
          26          27   1.0353426674020516     
          26          28   1.1416645266388454     
          26          29  0.12605475885831968     
          28          29   1.1239054498939032     
          25          30   1.2347543945707298     
          29          30   1.6295783960906478     
          23          31  0.17886191990783401     
          24          31   1.6800375147028939     
          23          32  0.98396976257994695     
          32          33  0.89815707086047958     
          33          34   1.1606790175791815     
          33          35   1.7959139202422327     
          34          35  0.17200698745733550     
          11          36  0.96818465838359347     
          32          36  0.99248805557328224     
          36          37   1.1669955008612731     
          37          38   1.0193103890973410     
          38          39   1.5034981235304701     
          39          40   1.0348791922513332     
          39          41   1.1426354537040497     
          39          42  0.12810171198505454     
          41          42   1.1163226147577032     
          38          43   1.2337409237913395     
          42          43   1.6368235651291476     
          36          44  0.17363435610697012     
          37          44   1.6782706085911097     
           1          45  0.96469891794426677     
           2          46  0.96757550017028005     
           4          47  0.96831221972515125     
           5          48  0.97104723464685649     
           6          49  0.97102376560566661     
           7          50  0.96837258692033212     
           9          51  0.96545834976220823     
          11          52  0.94293398414153473     
          12          53  0.95626882479894859     
          14          54  0.96571277205235773     
          16          55  0.96838181735904882     
          17          56  0.97096704733461714     
          18          57  0.97096737831348912     
          19          58  0.96827897670394480     
          21          59  0.96763860048564043     
          22          60  0.96743221264011370     
          27          61  0.97105714455909353     
          27          62  0.96086152505675626     
          27          63  0.97561026498874970     
          29          64  0.96549052304600469     
          30          65  0.97117647391133965     
          32          66  0.92364066237504572     
          34          67  0.84681511717670865     
          40          68  0.97541503193697299     
          40          69  0.96355646640099357     
          40          70  0.96814664061277311     
          42          71  0.96598902197928671     
          43          72  0.96536195063106023     
