   -0.03536108
   -0.02771608
   -0.02997475
   -0.02653192
   -0.03365194
   -0.00158221
    0.03487161
    0.04143412
    0.00010489
   -0.02934726
   -0.02624609
   -0.02885383
   -0.02900408
   -0.03767771
   -0.11365190
    0.27686748
   -0.06063510
    0.10831257
    0.00425234
   -0.03365725
   -0.03018482
   -0.03182378
   -0.02757306
   -0.03476010
   -0.18693675
    0.12817195
   -0.11821318
   -0.07540117
   -0.43014379
    0.09994610
    0.37153436
   -0.36898137
   -0.39055580
   -0.11403068
    0.27783894
   -0.05169213
    0.10366973
    0.00296596
   -0.03062549
   -0.02758334
   -0.02851300
   -0.02495117
   -0.03553522
   -0.19073254
    0.11842016
   -0.11761059
   -0.06955515
   -0.42764102
    0.02928032
    0.03512240
    0.03674046
    0.03881253
    0.05294870
    0.05052884
    0.07424792
    0.05207532
    0.04009045
    0.03639112
    0.03425500
    0.02980819
    0.04588879
    0.03267640
    0.03162183
    0.03391986
    0.04474580
    0.07320707
    0.06542880
    0.05827800
    0.03528197
    0.05853574
    0.34188004
    0.04247748
    0.03646468
    0.03609405
    0.03744893
    0.03635717
    0.06445248
    0.06796254
    0.05970827
    0.04581397
