           1           2   1.4442873372697969     
           2           3   1.4383986618730031     
           1           4  0.11033514532000996     
           3           4   1.4377628038735331     
           2           5  0.11146154564676332     
           4           5   1.4461353287507437     
           1           6   1.4124154552311834     
           3           6  0.10918559114932493     
           5           6   1.4109331699192320     
           6           7  0.98786140684514057     
           7           8  0.96002101062839684     
           8           9  0.98392441969189559     
           9          10   1.4142462123394510     
          10          11   1.4430741421959752     
           9          12  0.10939813578549935     
          11          12   1.4400523066190962     
          10          13  0.11129976060251094     
          12          13   1.4378561359243029     
           9          14   1.4130110884188118     
          11          14  0.11164308585609220     
          13          14   1.4448557036956238     
           8          15  0.95232225870227671     
          15          16   1.2069986932459167     
          16          17  0.97763568524245370     
          17          18   1.4724288996143382     
          18          19   1.0928439771463179     
          19          20   1.3658978254751548     
          20          21   1.4604790464909256     
          21          22   1.4289948920509612     
          20          23  0.10480883153183668     
          22          23   1.4291998999650655     
          19          24   1.3664759920141405     
          21          24  0.10512442469870341     
          23          24   1.4601028853050722     
          18          25   1.1003040354693612     
          18          26  0.11632649321450560     
          25          26   1.1262290372776513     
          26          27   1.0303375092950431     
          17          28   1.2655400040708393     
          26          28   1.5594558422656273     
          15          29  0.18917732532508502     
          16          29   1.6744699563332461     
          15          30  0.98814788426401812     
          30          31  0.91273436769970984     
          31          32   1.1347162659253696     
          31          33   1.7657314029039439     
          32          33  0.16848029575864260     
           7          34  0.96072912570389768     
          30          34  0.97204677759666280     
          34          35   1.2217454582115277     
          35          36  0.98791014407377975     
          36          37   1.4771564362927636     
          37          38   1.0811315436457203     
          38          39   1.3715512517560098     
          39          40   1.4564497014677327     
          38          41  0.10000001682414965     
          40          41   1.4318903762860191     
          39          42  0.10538584962826497     
          41          42   1.4284702252577852     
          38          43   1.3675295071962310     
          40          43  0.10614357479948711     
          42          43   1.4579106856597588     
          37          44   1.1044117630249963     
          37          45  0.11987940918551243     
          44          45   1.1168533719330922     
          45          46   1.0300966363456323     
          36          47   1.2640995781024549     
          45          47   1.5680858111693756     
          34          48  0.18483552507442036     
          35          48   1.6463857969505762     
           1          49  0.96820430981655980     
           2          50  0.97071176857678421     
           3          51  0.97109417552514010     
           4          52  0.97061377523434289     
           5          53  0.96355460037444340     
           7          54  0.95011739414902896     
           8          55  0.95388521245590074     
          10          56  0.96665248258912739     
          11          57  0.97038130082449592     
          12          58  0.97103842904271476     
          13          59  0.97072039117254194     
          14          60  0.96387155096820820     
          20          61  0.96825754988293222     
          21          62  0.97077363558386931     
          22          63  0.97158509982344876     
          23          64  0.97081034891981988     
          24          65  0.96431343871928477     
          27          66  0.96259855779444015     
          27          67  0.97264433236066516     
          27          68  0.98276882093139761     
          28          69  0.97481359469117312     
          30          70  0.94132347197277877     
          32          71  0.85648450816479293     
          39          72  0.96898905425583748     
          40          73  0.97045071395779214     
          41          74  0.97127305196729696     
          42          75  0.97016434581534239     
          43          76  0.96622851770916030     
          46          77  0.96723722210544472     
          46          78  0.96856709085324466     
          46          79  0.98333881369835241     
          47          80  0.97372706200464720     
