   -0.02465332
    0.48685267
   -0.21750609
   -0.21513709
   -0.20317324
   -0.01920061
   -0.01900564
   -0.01270098
   -0.02101534
    0.02551110
    0.04451001
    0.04399104
    0.01853494
   -0.02662461
    0.48439438
   -0.20007477
   -0.20007362
   -0.22727843
   -0.02183558
   -0.02174124
   -0.01541979
   -0.02993177
   -0.10002993
    0.27588576
   -0.03965121
    0.06967358
    0.48859609
   -0.20818979
   -0.18662398
   -0.19644434
   -0.16549908
    0.13420067
   -0.12613276
   -0.07481311
   -0.38849055
    0.08333934
    0.34179025
   -0.37671443
   -0.36265684
   -0.10952305
    0.27845252
   -0.04040263
    0.07036994
    0.48904568
   -0.18740830
   -0.18783370
   -0.21011546
   -0.16691443
    0.13372242
   -0.12602569
   -0.07598253
   -0.38787465
    0.06855839
    0.06168327
    0.06235736
    0.05660164
    0.07568555
    0.07832258
    0.06791449
    0.05889520
    0.06345703
    0.07815830
    0.08308860
    0.07223532
    0.07859652
    0.06797798
    0.07939136
    0.36411691
    0.07204361
    0.08290547
    0.07818677
    0.07365186
