           1           2  0.95290853728237090     
           2           3  0.93806375916266782     
           2           4  0.93383824665543513     
           2           5  0.95249276746981359     
           1           6   1.4074085926831723     
           6           7   1.4464524247777737     
           1           8  0.10563206321956435     
           7           8   1.4313813474044326     
           6           9  0.10875336337402956     
           8           9   1.4489367064731060     
           1          10   1.3867664888619740     
           7          10  0.10753103714463835     
           9          10   1.4072133009769934     
          10          11  0.99480733249491693     
          11          12  0.95340126858794816     
          12          13  0.99101308206729821     
          13          14   1.3833713134158774     
          14          15  0.95081968253058402     
          15          16  0.95609420843480541     
          15          17  0.95047297667403630     
          15          18  0.92411989557019669     
          14          19   1.4145302490188445     
          13          20  0.10752742654615298     
          19          20   1.4411439262806351     
          14          21  0.10581838736724239     
          20          21   1.4364415969141719     
          13          22   1.4142611636546787     
          19          22  0.10886116760045216     
          21          22   1.4429436742571964     
          12          23  0.95192981948148980     
          23          24   1.2086862955057101     
          24          25  0.95752999209587741     
          25          26   1.5349861227634019     
          26          27  0.95990019390003245     
          27          28  0.93183868371230805     
          27          29  0.95797961180836477     
          27          30  0.95778014300686154     
          26          31   1.1116157101773747     
          26          32  0.13405631740897020     
          31          32   1.1274104554098001     
          32          33   1.0336547780507033     
          25          34   1.2664235952630043     
          32          34   1.5621437247458207     
          23          35  0.19848406064555829     
          24          35   1.7124364233835561     
          23          36  0.98607797726797208     
          36          37  0.90149993871234269     
          37          38   1.1583325548780246     
          37          39   1.7909975544477053     
          38          39  0.18618219115327822     
          11          40  0.95553679334422548     
          36          40  0.98618142595131131     
          40          41   1.1934384918557526     
          41          42  0.96274332297417886     
          42          43   1.5310529948704625     
          43          44  0.95886255284073307     
          44          45  0.96656995707818627     
          44          46  0.95671644312235604     
          44          47  0.92818893080889264     
          43          48   1.1133852645572855     
          43          49  0.13391050473686802     
          48          49   1.1255625975101939     
          49          50   1.0335372193666461     
          42          51   1.2660056352782156     
          49          51   1.5639714733824852     
          40          52  0.19170919914987333     
          41          52   1.7195990645419663     
           6          53  0.96562862871276822     
           7          54  0.96816536434240741     
           8          55  0.96797388325880085     
           9          56  0.96553571573282959     
          11          57  0.94798355432492798     
          12          58  0.95067073088407650     
          19          59  0.96544416278793843     
          20          60  0.96849513753297423     
          21          61  0.96799622732170321     
          22          62  0.95572656580052762     
          33          63  0.96117783549461189     
          33          64  0.98118132739418906     
          33          65  0.96548642847686572     
          34          66  0.97155200257227881     
          36          67  0.94363652692210409     
          38          68  0.83832735187449825     
          50          69  0.98131888142955215     
          50          70  0.96191432359526230     
          50          71  0.96497986352621867     
          51          72  0.96976167381206213     
