    0.14238669
   -0.27205715
    0.03873658
   -0.06543687
   -0.03177560
   -0.04086756
   -0.03449088
   -0.01521883
    0.03918258
    0.04945471
   -0.00581232
   -0.02959995
   -0.03815884
   -0.03188522
   -0.06487034
    0.14354630
   -0.27759821
    0.04151041
   -0.11317878
    0.27366986
   -0.06675350
    0.11484769
   -0.11754344
   -0.17902119
    0.06225372
   -0.06126722
   -0.41719803
    0.08997674
    0.35786625
   -0.35068676
   -0.38983381
   -0.10607614
    0.26974309
   -0.05990570
    0.12694766
   -0.12089910
   -0.18196172
    0.06289110
   -0.06387641
   -0.45012180
    0.06501322
    0.04246464
    0.04092694
    0.04019021
    0.03978645
    0.03806310
    0.03976989
    0.07364391
    0.07014069
    0.05520941
    0.03891265
    0.03597358
    0.03604004
    0.04532319
    0.05919942
    0.03472434
    0.05508131
    0.06569006
    0.06952219
    0.05202560
    0.04657248
    0.08110193
    0.34280705
    0.06819552
    0.06163928
    0.07831768
    0.05034534
    0.04640182
