           1           2   1.0613203499517052     
           2           3  0.98280133865595010     
           1           4   1.3806534528748220     
           4           5   1.4347101731153886     
           5           6   1.4423115360732055     
           4           7  0.10145779418027272     
           6           7   1.4260225565651810     
           1           8   1.3227512556328664     
           5           8  0.10661164002917685     
           7           8   1.4362662382359395     
           8           9  0.99340819244393674     
           9          10  0.94575155620244122     
          10          11  0.99192682165461288     
          11          12   1.4385076003210369     
          12          13   1.4247086218285190     
          11          14  0.10684750357827899     
          13          14   1.4457567403505904     
          12          15  0.10288189072717846     
          14          15   1.4321744202082300     
          11          16   1.3261084005998705     
          15          16   1.3844684345290745     
          16          17   1.0524706653182210     
          17          18  0.98555907013593336     
          10          19  0.95784592280592651     
          19          20   1.2061532839862075     
          20          21  0.96712621463057769     
          21          22   1.5406381940484828     
          22          23   1.0295910805283266     
          22          24   1.1261910634331367     
          22          25  0.13866288150470782     
          24          25   1.1277064520249074     
          21          26   1.2487795899640952     
          25          26   1.6203966754270274     
          19          27  0.19378392491648574     
          20          27   1.6948514285339400     
          19          28  0.98787840693559137     
          28          29  0.90724177091737757     
          29          30   1.1690725000815951     
          29          31   1.7712428432881846     
          30          31  0.18490449501796249     
           9          32  0.96495236062995471     
          28          32  0.97933402577968998     
          32          33   1.2091093653013565     
          33          34   1.0002369143485501     
          34          35   1.5207552169959053     
          35          36   1.0334246338901867     
          35          37   1.1346155380970131     
          35          38  0.13044032376109599     
          37          38   1.1187865082907835     
          34          39   1.2405657016745959     
          38          39   1.6317208107354741     
          32          40  0.18523199223062409     
          33          40   1.6522352992967702     
           3          41  0.97909012354850500     
           3          42  0.97620765587943470     
           3          43  0.97623954191148710     
           4          44  0.96549262730764085     
           5          45  0.97087591561737274     
           6          46  0.97060002488045349     
           7          47  0.96757775999505780     
           9          48  0.94658996208031965     
          10          49  0.94922230772824279     
          12          50  0.96356244173583994     
          13          51  0.97071933297124557     
          14          52  0.97112563081095327     
          15          53  0.96576266221408202     
          18          54  0.97629887899161094     
          18          55  0.97973459175270106     
          18          56  0.97605377810305516     
          23          57  0.98288534122694138     
          23          58  0.96401263027137818     
          23          59  0.97129986056022821     
          25          60  0.96585320420683785     
          26          61  0.97428672849329012     
          28          62  0.94217595784296837     
          30          63  0.85550470868211193     
          36          64  0.97282616186019677     
          36          65  0.96238869400339189     
          36          66  0.97664928929718131     
          38          67  0.96629719204833509     
          39          68  0.97201028666350853     
