   -0.40684097
    0.26588542
   -0.01506719
   -0.02003335
   -0.01761776
   -0.01683445
   -0.01674863
    0.48678596
   -0.20599084
   -0.20385083
   -0.20042484
   -0.02139898
   -0.13319106
    0.07257901
    0.34603026
   -0.35367572
   -0.33465499
   -0.11893321
    0.27520809
   -0.00471839
   -0.02165765
   -0.02023558
    0.48528128
   -0.20314198
   -0.20167567
   -0.21073059
   -0.01881558
   -0.02076463
   -0.01563139
   -0.40162945
    0.03522203
   -0.00851525
   -0.03427309
   -0.02311018
   -0.02304599
   -0.02402108
   -0.03812176
    0.04621265
    0.00812517
   -0.02712448
   -0.02284511
   -0.02587344
   -0.02621901
   -0.03150796
    0.05457077
    0.06633253
    0.06929058
    0.06881497
    0.09536258
    0.33163520
    0.06973712
    0.06590096
    0.06265411
    0.06304722
    0.04878536
    0.03901398
    0.04993719
    0.04831454
    0.04800566
    0.02740496
    0.05104544
    0.03937904
    0.04429977
    0.04222096
    0.03903896
    0.02279931
