           1           2   1.7053722155968802     
           2           3  0.95432491049018564     
           3           4   1.4032510412101673     
           4           5   1.4421409205838585     
           3           6  0.10981287894254235     
           5           6   1.4397930231604115     
           4           7  0.10705014271085299     
           6           7   1.4131242040839778     
           7           8  0.94902892899115376     
           8           9  0.94216207703697463     
           8          10  0.94637074233947815     
           8          11  0.95557141519868927     
           3          12   1.4114155236249184     
           5          12  0.11036676666786870     
           7          12   1.4183213732315332     
           1          13  0.19577375752391424     
           2          13   1.1961499845674382     
          13          14  0.98859878721329020     
          14          15  0.89349921697138535     
          15          16   1.1477668499602676     
          15          17   1.8135825505148060     
          16          17  0.17344489793072979     
          14          18  0.98518104191227995     
          18          19   1.1849729064875962     
          19          20  0.96754930568540987     
          20          21   1.3974056792834320     
          21          22   1.4242923499497291     
          22          23  0.94969841760353269     
          23          24  0.94733106201254436     
          23          25  0.95585688481185960     
          23          26  0.93707885804805091     
          20          27  0.10816508226044030     
          22          27   1.4063107295567159     
          21          28  0.11020592397591530     
          27          28   1.4443997974951273     
          20          29   1.4084254569356869     
          22          29  0.10552138824643156     
          28          29   1.4384249632073272     
          18          30  0.18561860436386210     
          19          30   1.7126160952893503     
          18          31  0.96267378767642864     
          31          32  0.98716531071376823     
          32          33   1.4134046402565887     
          33          34   1.4417715597212462     
          32          35  0.10929038028809128     
          34          35   1.4402131720963824     
          33          36  0.11063227696700978     
          35          36   1.4369432551709809     
          32          37   1.4080596102394543     
          34          37  0.11109049917297958     
          36          37   1.4465530076741562     
          13          38  0.95160830175024302     
          31          38  0.94720608751327662     
          38          39  0.99045639131461971     
          39          40   1.4173473437124493     
          40          41   1.4398530610398701     
          39          42  0.10931700357031754     
          41          42   1.4429762023049948     
          40          43  0.11017253942985161     
          42          43   1.4341148419947052     
          39          44   1.4069419695120986     
          41          44  0.11188513819929874     
          43          44   1.4499125641629858     
           4          45  0.96719862702545878     
           5          46  0.96692785627739730     
           6          47  0.96643839200508952     
          12          48  0.96421666382644178     
          14          49  0.92445027159730075     
          16          50  0.85025834271581646     
          21          51  0.96227868816654150     
          27          52  0.96691341303746292     
          28          53  0.96754945428113004     
          29          54  0.96730008398945300     
          31          55  0.95572821697032662     
          33          56  0.96360167444625322     
          34          57  0.96968272477229045     
          35          58  0.97005247692173013     
          36          59  0.96963398328830908     
          37          60  0.96854579607365709     
          38          61  0.95667695979008416     
          40          62  0.96806551689215681     
          41          63  0.97012158320183373     
          42          64  0.97070746729572022     
          43          65  0.97063376652967737     
          44          66  0.96908503696674453     
