   -0.03390049
   -0.03149579
    0.01466814
   -0.03273942
   -0.02955500
   -0.02944053
   -0.03404555
    0.01586326
   -0.03406739
    0.00542218
    0.04130987
    0.03801015
    0.00210786
   -0.04267168
    0.01430464
   -0.03452192
   -0.02897402
   -0.02964464
   -0.03506739
    0.01063941
   -0.03573797
   -0.03567602
   -0.12259787
    0.27321993
   -0.02229543
   -0.05185118
    0.01958240
   -0.11213599
   -0.04910685
    0.01852526
   -0.10957706
   -0.03609989
   -0.41667297
    0.08732460
    0.35372699
   -0.35203221
   -0.39399364
   -0.11836298
    0.27347006
   -0.02411206
   -0.04784325
    0.01823080
   -0.10964682
   -0.04929649
    0.01938547
   -0.11075373
   -0.04152213
   -0.41921206
    0.03242616
    0.03822796
    0.03358857
    0.03137346
    0.02973324
    0.03028146
    0.02001724
    0.07159047
    0.08709855
    0.03525817
    0.03469075
    0.03312373
    0.03228495
    0.03303331
    0.03798720
    0.03891838
    0.05088399
    0.05119759
    0.05325093
    0.04420013
    0.03514157
    0.05001790
    0.04636659
    0.04702631
    0.04784190
    0.07399962
    0.34299175
    0.02525160
    0.05119616
    0.04448982
    0.04612773
    0.03652869
    0.04579880
    0.04923091
    0.04882445
    0.03885936
