           1           2   1.5673904185330558     
           2           3   1.2741344477857848     
           3           4   1.2826775469864187     
           4           5   1.5554002763038803     
           5           6   1.3216606437844010     
           4           7  0.11793737174304618     
           6           7   1.5565376356193554     
           3           8   1.2522255658831043     
           7           8   1.2794573534525775     
           2           9  0.11359067601941612     
           8           9   1.2793844120615154     
           1          10   1.2903540449381159     
           9          10   1.5292015471379079     
          10          11  0.98699312941386952     
          11          12  0.95034646586740645     
          12          13  0.98931611891016547     
          13          14   1.5271949230258826     
          14          15   1.2814013900392300     
          15          16   1.2784106338936196     
          16          17   1.5579945579573411     
          17          18   1.3205424394935996     
          16          19  0.11824033970555251     
          18          19   1.5566564570236734     
          15          20   1.2509527450104523     
          19          20   1.2810120450714453     
          14          21  0.11431287689524654     
          20          21   1.2769782386212207     
          13          22   1.2907278610078272     
          21          22   1.5627580814785629     
          12          23  0.96346536596953936     
          23          24   1.1615729176090781     
          24          25  0.98784997142693709     
          25          26   1.4010694678681301     
          26          27   1.4019587139141210     
          27          28   1.0260275177017157     
          25          29  0.10171959036722132     
          27          29   1.4210274063050401     
          26          30  0.10322719656702237     
          29          30   1.4022123802205344     
          30          31   1.0251671786050123     
          25          32   1.3873008534072950     
          27          32  0.10204312217768025     
          30          32   1.4221968874533379     
          23          33  0.17526047790724045     
          24          33   1.7034199212003209     
          23          34  0.98958402368428067     
          34          35  0.91321709079394731     
          35          36   1.1668640906551149     
          35          37   1.7667667994766785     
          36          37  0.18253593655562644     
          11          38  0.96303594546098581     
          34          38  0.98273209452782229     
          38          39   1.2053208787217213     
          39          40  0.95624212608139358     
          40          41   1.4075648197645803     
          41          42   1.4063512379634513     
          42          43   1.0250425987286818     
          40          44  0.10538294056209645     
          42          44   1.4179474768427880     
          41          45  0.10630595038209702     
          44          45   1.4114121411231908     
          45          46   1.0254132948780927     
          40          47   1.4103537111597748     
          42          47  0.10293312187059993     
          45          47   1.4107832401860629     
          38          48  0.19112297346374355     
          39          48   1.7003114732054705     
           1          49  0.96878092073961208     
           2          50  0.96768053178509439     
           4          51  0.96839642760493672     
           5          52  0.97111031446777740     
           6          53  0.97111366355431672     
           7          54  0.96748327161062020     
           9          55  0.96206495815944471     
          11          56  0.94765744043875655     
          12          57  0.93683062592446409     
          14          58  0.96148633179459364     
          16          59  0.96814625245579400     
          17          60  0.97093770359445553     
          18          61  0.97102070911921057     
          19          62  0.96838978344830395     
          21          63  0.96755145512876817     
          22          64  0.96634877985391154     
          26          65  0.96315948736329160     
          28          66  0.97883899788757289     
          28          67  0.96612664327315745     
          28          68  0.98315304284510496     
          29          69  0.96772479479562290     
          31          70  0.97119822171976566     
          31          71  0.97295959519282205     
          31          72  0.98498514971364493     
          32          73  0.96547406471843833     
          34          74  0.92526595253777522     
          36          75  0.85568703348975927     
          41          76  0.96527422538998331     
          43          77  0.96837680266618786     
          43          78  0.98464239200207504     
          43          79  0.97485354102112931     
          44          80  0.96741863225200120     
          46          81  0.98374858607033411     
          46          82  0.96750277249974448     
          46          83  0.97853647830308965     
          47          84  0.96772985566032843     
