   -0.03624971
   -0.03209186
    0.01381457
   -0.03372090
   -0.02905292
   -0.02866556
   -0.03455859
    0.01630587
   -0.03979057
    0.00193657
    0.04035603
    0.03653220
   -0.00792974
   -0.04308147
    0.01341695
   -0.03250021
   -0.02909048
   -0.02915139
   -0.03485981
    0.01139370
   -0.03339062
   -0.03549840
   -0.10831631
    0.27775866
   -0.00932025
    0.02347276
    0.11767767
   -0.22957344
   -0.01986300
   -0.02559904
   -0.01812294
   -0.02382562
   -0.41070744
    0.09483143
    0.35141393
   -0.36059439
   -0.38686359
   -0.11634898
    0.27593444
   -0.00071809
   -0.00684711
   -0.01591386
   -0.02352440
   -0.01935137
    0.00977564
    0.11266451
   -0.24798007
   -0.41699015
    0.03253753
    0.03821964
    0.03273843
    0.03123578
    0.03191755
    0.04326142
    0.03368664
    0.07908442
    0.08428521
    0.03872836
    0.03673465
    0.03316885
    0.03280816
    0.03578800
    0.04600338
    0.05186709
    0.04780437
    0.04618534
    0.05579399
    0.06096724
    0.06519486
    0.35071859
    0.06724984
    0.05294122
    0.04781543
    0.04607134
