           1           2   1.5685778780758504     
           2           3   1.2734124267101095     
           3           4   1.2826106883921782     
           4           5   1.5551316942516273     
           5           6   1.3222267966583254     
           4           7  0.11831933803590053     
           6           7   1.5562057431955947     
           3           8   1.2531785850166968     
           7           8   1.2803081366937206     
           2           9  0.11328870106979680     
           8           9   1.2770662456617252     
           1          10   1.2882607655100076     
           9          10   1.5334807636058598     
          10          11  0.98466014991971784     
          11          12  0.96334228108682618     
          12          13  0.98203796962297407     
          13          14   1.5335027400077146     
          14          15   1.2740712181644265     
          15          16   1.2811825793070664     
          16          17   1.5552754633591408     
          17          18   1.3229563404578903     
          16          19  0.11807046375216838     
          18          19   1.5543925697248619     
          15          20   1.2540359708918234     
          19          20   1.2830864318793429     
          14          21  0.11181696263820673     
          20          21   1.2717448391004802     
          13          22   1.2841153449880471     
          21          22   1.5717907393372814     
          12          23  0.94415947289771340     
          23          24   1.2113559482825691     
          24          25  0.95250931210157475     
          25          26   1.3331903907339577     
          26          27   1.0907245113775157     
          27          28   2.8060196183505672     
          26          29   1.3642338691777913     
          25          30  0.10363462779151718     
          29          30   1.4537238783422279     
          26          31  0.10101021679789496     
          30          31   1.4308749454599912     
          25          32   1.4207284228646229     
          29          32  0.10551895704357808     
          31          32   1.4321024733594141     
          23          33  0.19367488539686981     
          24          33   1.6984702496441431     
          23          34  0.99743387599100286     
          34          35  0.90580486623622847     
          35          36   1.1636534031502421     
          35          37   1.7742370598347958     
          36          37  0.18233526050942842     
          11          38  0.95433242328050316     
          34          38  0.98569267014353479     
          38          39   1.2133919094369832     
          39          40  0.96793304156851001     
          40          41   1.4095568051088074     
          41          42   1.4430489320356561     
          40          43  0.10130723200831361     
          42          43   1.4213204049275479     
          41          44  0.10492378674532711     
          43          44   1.4601391539193163     
          40          45   1.3307158503717464     
          44          45   1.3506079080063536     
          45          46   1.1029082977834868     
          46          47   2.7742680081235394     
          38          48  0.19190742464961824     
          39          48   1.6843253898891355     
           1          49  0.96886297413175693     
           2          50  0.96764054309498992     
           4          51  0.96843873786262691     
           5          52  0.97109597361578648     
           6          53  0.97100227012968687     
           7          54  0.96696747387843274     
           9          55  0.95796796735412160     
          11          56  0.94443020921755605     
          12          57  0.94895350809084356     
          14          58  0.96090111729441929     
          16          59  0.96795122615859996     
          17          60  0.97092482331083141     
          18          61  0.97095992853233248     
          19          62  0.96823351047152062     
          21          63  0.96679360368565170     
          22          64  0.96667988052262888     
          29          65  0.96896140994138502     
          30          66  0.96906811135947679     
          31          67  0.96855354821416162     
          32          68  0.96390139375568251     
          34          69  0.92466565399453704     
          36          70  0.84977620522864927     
          41          71  0.96528404903266041     
          42          72  0.96890148616414717     
          43          73  0.96867111179328813     
          44          74  0.96926029389148760     
