   -0.42255558
    0.27503198
   -0.01315836
   -0.02734165
   -0.04621973
    0.17491075
   -0.21637675
   -0.04461823
   -0.01753335
   -0.10947370
    0.09677870
    0.37044310
   -0.36173663
   -0.40458265
   -0.11477071
    0.27273585
   -0.02209539
   -0.02634035
   -0.04435964
    0.17314974
   -0.22031102
   -0.04690374
   -0.01880118
   -0.41275217
    0.04318792
    0.00409898
   -0.03432712
   -0.02831022
   -0.02796458
   -0.02472736
   -0.02825918
    0.03687683
   -0.00526853
   -0.03650614
   -0.02622921
   -0.02902477
   -0.02826609
   -0.03783150
    0.04787475
    0.06711225
    0.06953937
    0.06501068
    0.06164942
    0.34764443
    0.04516602
    0.06666595
    0.06740871
    0.06446437
    0.07408567
    0.02699447
    0.03681392
    0.03899467
    0.04171747
    0.04319187
    0.05093245
    0.05882353
    0.04451363
    0.04099417
    0.04046615
    0.02936772
