           1           2   1.6458785016999866     
           2           3  0.97740208568379261     
           3           4   1.3992845918807488     
           4           5   1.4482989415596208     
           5           6   1.3919076595882738     
           6           7  0.96656732940891277     
           4           8  0.10835880158361445     
           6           8   1.3931552984664244     
           3           9   1.3970969031665315     
           5           9  0.10853297956242863     
           8           9   1.4488352075631163     
           1          10  0.18575877838340366     
           2          10   1.2302083241712445     
          10          11  0.97370057131099463     
          11          12  0.90631089123385289     
          12          13   1.1542509399972321     
          12          14   1.7465015093573988     
          13          14  0.16958849834447726     
          11          15  0.98986141958978113     
          15          16   1.2010048419716179     
          16          17  0.96556946477446093     
          17          18   1.3996127559354219     
          18          19   1.4481834282385484     
          19          20   1.3925556341399050     
          20          21  0.96305516399966706     
          18          22  0.10949801837435613     
          20          22   1.3959475805699091     
          17          23   1.4033483656100891     
          19          23  0.10944167494267487     
          22          23   1.4451543734971872     
          15          24  0.19045685780393687     
          16          24   1.6978036971394652     
          15          25  0.95614418267940604     
          25          26  0.98593179841360201     
          26          27   1.4102297798949817     
          27          28   1.4480746496307246     
          26          29  0.10968158747483685     
          28          29   1.4355921050759657     
          27          30  0.11186037695510631     
          29          30   1.4419695750653008     
          26          31   1.4169437346558629     
          28          31  0.11082146585011850     
          30          31   1.4410918166069846     
          10          32  0.95797580193770737     
          25          32  0.95456335638201917     
          32          33  0.98776183389616978     
          33          34   1.4082328020324866     
          34          35   1.4480305574672661     
          33          36  0.10905450026113071     
          35          36   1.4356203336647648     
          34          37  0.11196568183242378     
          36          37   1.4408301604264759     
          33          38   1.4150427603302327     
          35          38  0.10967408102619038     
          37          38   1.4411338397230560     
           4          39  0.96801877699682048     
           5          40  0.96551405326017314     
           8          41  0.96498302195485286     
           9          42  0.96690090435027187     
          11          43  0.94300354040547729     
          13          44  0.85359455745400870     
          18          45  0.96855491216091794     
          19          46  0.96547830844188898     
          22          47  0.96538611108299377     
          23          48  0.96728614808391400     
          25          49  0.95250104525179879     
          27          50  0.96874350385047725     
          28          51  0.97077528215627684     
          29          52  0.97093537899260807     
          30          53  0.97028319252154016     
          31          54  0.96768344061105527     
          32          55  0.95416072806305696     
          34          56  0.96280518596688702     
          35          57  0.97015275077321061     
          36          58  0.97072256691245773     
          37          59  0.97034463760112977     
          38          60  0.96834812649476265     
