   -0.03113942
   -0.03302842
    0.01467943
   -0.03364011
   -0.02858078
   -0.02801000
   -0.03225954
    0.01844448
   -0.03403062
    0.00993760
    0.04675637
    0.04715242
    0.00369981
   -0.03316014
    0.01693625
   -0.03281721
   -0.02908526
   -0.02900366
   -0.03361124
    0.01494223
   -0.03202678
   -0.03822039
   -0.11526485
    0.27803261
   -0.02278491
    0.05526733
   -0.11472902
   -0.03012642
   -0.02515702
   -0.02734031
   -0.02608829
   -0.40485727
    0.09585381
    0.34977382
   -0.37875633
   -0.35525213
   -0.11815935
    0.27975808
   -0.02683032
   -0.02914969
   -0.02841733
   -0.02561851
   -0.03181403
    0.05415840
   -0.10096378
   -0.39506026
    0.02067993
    0.03505437
    0.03277149
    0.03267963
    0.03373247
    0.03675057
    0.04043879
    0.06646134
    0.05827659
    0.03739391
    0.03382766
    0.03134443
    0.03145459
    0.03431069
    0.04093470
    0.05401980
    0.05896405
    0.05038092
    0.04802931
    0.04162501
    0.05535446
    0.35108395
    0.03869007
    0.04664025
    0.04969984
    0.05899192
