           1           2   1.5660609217669683     
           2           3   1.2748365195419427     
           3           4   1.2825450764592827     
           4           5   1.5554666615939667     
           5           6   1.3214994123747963     
           4           7  0.11815005116064832     
           6           7   1.5572358878233772     
           3           8   1.2514514270905235     
           7           8   1.2792190926547733     
           2           9  0.11380021714144281     
           8           9   1.2806866729768904     
           1          10   1.2917652216754985     
           9          10   1.5281608421057329     
          10          11  0.99035230163771437     
          11          12  0.95804889041764674     
          12          13  0.98798547282121307     
          13          14   1.5262636392328512     
          14          15   1.2821348555739343     
          15          16   1.2781750114853061     
          16          17   1.5582654055168137     
          17          18   1.3203126417636368     
          16          19  0.11826852364670132     
          18          19   1.5570229714505819     
          15          20   1.2509659302953007     
          19          20   1.2808151517715616     
          14          21  0.11472864273894295     
          20          21   1.2775685674982371     
          13          22   1.2953641339143367     
          21          22   1.5611374586973881     
          12          23  0.94286383449342992     
          23          24   1.2112017489135161     
          24          25  0.94929770082179599     
          25          26   1.3978708619758315     
          26          27  0.97643188264357972     
          26          28   1.4184772711154725     
          25          29  0.10823231215097312     
          28          29   1.4387000150454086     
          26          30  0.10258763406353634     
          29          30   1.4339119650565149     
          25          31   1.4022622721834161     
          28          31  0.10963727584661463     
          30          31   1.4412064927165298     
          23          32  0.19432068712072909     
          24          32   1.7052558716985453     
          23          33  0.98611431469961075     
          33          34  0.90352661441134585     
          34          35   1.1439427656988095     
          34          36   1.7952894062170905     
          35          36  0.18178115517529228     
          11          37  0.94899294168890769     
          33          37  0.98767190597094412     
          37          38   1.2006905198022211     
          38          39  0.95455082177983119     
          39          40   1.3952767947760063     
          40          41   1.4464527460412993     
          39          42  0.10696332922502280     
          41          42   1.4280986206360404     
          40          43  0.10922222507886141     
          42          43   1.4440024657506134     
          39          44   1.3977550548613957     
          41          44  0.10091523144034881     
          43          44   1.4132468947550763     
          44          45  0.98645147409227807     
          37          46  0.18998859375375521     
          38          46   1.7117792759221737     
           1          47  0.96879174431519743     
           2          48  0.96799008340570003     
           4          49  0.96838830660905684     
           5          50  0.97100927125173442     
           6          51  0.97087784416602640     
           7          52  0.96811973727138967     
           9          53  0.96533034791300754     
          11          54  0.95156533243448949     
          12          55  0.95315065320557224     
          14          56  0.96490218492301383     
          16          57  0.96828529970674193     
          17          58  0.97102618540748842     
          18          59  0.97105612297197785     
          19          60  0.96831934017246701     
          21          61  0.96752283964162555     
          22          62  0.95899860274204085     
          28          63  0.96654296825612995     
          29          64  0.96792368461483336     
          30          65  0.96897573729618869     
          31          66  0.96759436889037898     
          33          67  0.94448652077342443     
          35          68  0.85038129557324960     
          40          69  0.96701968531427873     
          41          70  0.96907143579521859     
          42          71  0.96810662058817321     
          43          72  0.96679809151392648     
