           1           2   1.9804737519400140     
           2           3   1.0045885285506100     
           3           4   1.0161881628270648     
           4           5   1.3809660591340687     
           5           6   1.4178372330133064     
           4           7  0.10675287309966375     
           6           7   1.4367885690339588     
           5           8  0.10038302608371112     
           7           8   1.4345017460634240     
           4           9   1.4060715426717392     
           6           9  0.10818734933652831     
           8           9   1.4434918728627926     
           5          10  0.97431334943021142     
           1          11  0.97657376755494107     
           1          12  0.97433397093808238     
           2          13  0.96568031607841565     
           3          14  0.95455015377440289     
           3          15  0.95016215897430245     
           6          16  0.96820930354439128     
           7          17  0.96920830829299287     
           8          18  0.97023342469549678     
           9          19  0.96711630998165343     
