   -0.40971590
    0.27077287
   -0.02419696
   -0.02487095
   -0.03762722
    0.01397041
    0.02556614
   -0.10715157
   -0.10714543
   -0.10969615
   -0.03261091
   -0.03158415
   -0.12194044
    0.08971015
    0.34935038
   -0.36869269
   -0.38358493
   -0.11619101
    0.27209752
   -0.02615268
   -0.02681930
   -0.03978254
    0.01092228
    0.02515492
   -0.10754351
   -0.10589623
   -0.10949562
   -0.03236323
   -0.03154988
   -0.41197266
    0.04683775
    0.01273421
   -0.03138140
   -0.02579840
   -0.02860712
   -0.02590746
   -0.02903551
    0.04743374
    0.01481654
   -0.02832762
   -0.02658035
   -0.02851144
   -0.02500459
   -0.02856240
    0.04059020
    0.04454240
    0.03801806
    0.04043636
    0.03704909
    0.03657959
    0.04073557
    0.03507108
    0.03880984
    0.03553477
    0.03957322
    0.03759302
    0.02855059
    0.06647948
    0.34307456
    0.04261283
    0.04530401
    0.03782684
    0.04049449
    0.03859476
    0.03892279
    0.04161032
    0.02789205
    0.03981354
    0.03977213
    0.03416596
    0.03827489
    0.02978458
    0.05202110
    0.04672174
    0.03564769
    0.03442697
    0.03577230
    0.03190485
    0.05771285
    0.02760602
    0.03517059
    0.03607815
    0.03815548
    0.03600859
