           1           2   1.7092711539846288     
           2           3  0.97050403699615528     
           3           4   1.4099616589846469     
           4           5   1.4392616664271711     
           3           6  0.10680575919928419     
           5           6   1.4191343489659083     
           6           7  0.98556971875468224     
           7           8  0.98639783428473538     
           7           9  0.98608203791531568     
           7          10   1.0000653961637427     
           4          11  0.10794882454889390     
           6          11   1.3972419358109849     
           3          12   1.3871639564172313     
           5          12  0.10623558206754112     
          11          12   1.4617123285135865     
           1          13  0.18224889181569934     
           2          13   1.1795292690713526     
          13          14  0.98242272752401405     
          14          15  0.90754104425322302     
          15          16   1.1507395130437801     
          15          17   1.7764500897871507     
          16          17  0.18049115654051182     
          14          18  0.98827656515388274     
          18          19   1.2010022613799085     
          19          20  0.95502587349032642     
          20          21   1.4066097493600700     
          21          22   1.4377916351893709     
          20          23  0.10725446454883070     
          22          23   1.4196198515095777     
          23          24  0.98506462357651414     
          24          25  0.98691908402539319     
          24          26  0.98601452428510883     
          24          27   1.0000620503390716     
          21          28  0.10922180971796834     
          23          28   1.3993354969394445     
          20          29   1.3952963185420215     
          22          29  0.10700455018235903     
          28          29   1.4580107680651944     
          18          30  0.19221333365724219     
          19          30   1.7056636976151758     
          18          31  0.95208450519492560     
          31          32  0.99108054881045637     
          32          33   1.4086678639186723     
          33          34   1.4483489051539029     
          32          35  0.10923290708911818     
          34          35   1.4357624490564280     
          33          36  0.11212111989781315     
          35          36   1.4413690841273981     
          32          37   1.4158045654674227     
          34          37  0.11037654865580204     
          36          37   1.4414059669606862     
          13          38  0.95515745569806443     
          31          38  0.95156819785497515     
          38          39  0.99229688604669219     
          39          40   1.4095191178036672     
          40          41   1.4477143449560375     
          39          42  0.10937583483640287     
          41          42   1.4362457480284583     
          40          43  0.11148587495943568     
          42          43   1.4405388518119362     
          39          44   1.4140154809233816     
          41          44  0.11074191126143942     
          43          44   1.4429708738292206     
           4          45  0.96937520443025382     
           5          46  0.96445179745321674     
           8          47  0.98330062638965976     
           8          48  0.98413567708522898     
           8          49  0.98659744551311634     
           9          50  0.98368391505625341     
           9          51  0.98421399066502713     
           9          52  0.98568018521369338     
          10          53  0.98440195278995024     
          10          54  0.98467692072786250     
          10          55  0.98416373573772231     
          11          56  0.96398668274941879     
          12          57  0.96819449886661224     
          14          58  0.94263042162602384     
          16          59  0.85497927203185631     
          21          60  0.96919465017514039     
          22          61  0.96412970620982230     
          25          62  0.98655750670892151     
          25          63  0.98414601364217069     
          25          64  0.98322094272836935     
          26          65  0.98260192791417178     
          26          66  0.98416780982375762     
          26          67  0.98692324130096742     
          27          68  0.98441594782972930     
          27          69  0.98413683393187679     
          27          70  0.98459663986095747     
          28          71  0.96402126572131075     
          29          72  0.96897238378538819     
          31          73  0.95373833133351493     
          33          74  0.96415693638631816     
          34          75  0.97090175278299240     
          35          76  0.97125874098925991     
          36          77  0.97080077653275487     
          37          78  0.96858346492160874     
          38          79  0.95197817674370022     
          40          80  0.96884652348740330     
          41          81  0.97090911424191473     
          42          82  0.97118869873191438     
          43          83  0.97062471077452117     
          44          84  0.96857325367473268     
