    0.13822332
   -0.27372509
    0.03543230
   -0.06534680
   -0.03011618
   -0.04069199
   -0.03588083
   -0.02090127
    0.03620540
    0.04411888
   -0.01714273
   -0.03081015
   -0.03905064
   -0.03098461
   -0.06676708
    0.13935693
   -0.27602478
    0.03600208
   -0.12706475
    0.27415631
   -0.06626006
    0.12646086
   -0.11815806
   -0.18266826
    0.10736709
    0.00903789
   -0.03571485
   -0.02822188
   -0.03188927
   -0.02877441
   -0.03026057
   -0.05909721
   -0.42908878
    0.06338344
    0.36089174
   -0.38594420
   -0.39162629
   -0.11763011
    0.27413865
   -0.05812285
    0.13514282
   -0.12223387
   -0.18855738
    0.10487000
    0.00525146
   -0.03071064
   -0.02779013
   -0.03063656
   -0.02945635
   -0.03789665
   -0.06928447
   -0.45707452
    0.06376364
    0.04479085
    0.04513846
    0.04201859
    0.04251140
    0.04148819
    0.04310834
    0.07233177
    0.07247141
    0.04704351
    0.04108019
    0.03919870
    0.04012185
    0.04498533
    0.04116763
    0.06537394
    0.06349495
    0.05153457
    0.08331799
    0.03584714
    0.03110663
    0.02930566
    0.03053134
    0.04476446
    0.04465508
    0.08588628
    0.37700125
    0.06743185
    0.07239118
    0.08207918
    0.04555691
    0.03615371
    0.03515626
    0.03466132
    0.03714546
    0.04695012
