           1           2   1.0613167488938842     
           2           3  0.98047804081342727     
           1           4   1.3771517588412427     
           4           5   1.4394377524815258     
           5           6   1.4366124826182052     
           4           7  0.10206645353614922     
           6           7   1.4316601741777955     
           1           8   1.3251236542802236     
           5           8  0.10643752041096836     
           7           8   1.4287350982843809     
           8           9   1.0012516733443333     
           9          10  0.94092725458611581     
          10          11  0.99324931529711702     
          11          12   1.4337066882193465     
          12          13   1.4279473515686170     
          11          14  0.10681400669661612     
          13          14   1.4432084316645790     
          12          15  0.10297556902095460     
          14          15   1.4350979646742572     
          11          16   1.3276506649128592     
          15          16   1.3827516081523332     
          16          17   1.0530926974143426     
          17          18  0.98123360854835640     
          10          19  0.95892410759802005     
          19          20   1.1864306038065400     
          20          21  0.99239078558364802     
          21          22   1.4897761751903080     
          22          23   1.0322552635945259     
          22          24   1.1466331739753637     
          22          25  0.11569758108824167     
          24          25   1.0858416136076348     
          25          26   1.0909785241776371     
          26          27   1.3671566712604923     
          27          28   1.4621820930740632     
          28          29   1.4276585522116678     
          27          30  0.10527948756333406     
          29          30   1.4308043850776895     
          26          31   1.3694354591977871     
          28          31  0.10485582395321527     
          30          31   1.4588446931343650     
          21          32   1.2683332768651785     
          25          32   1.5265438435056267     
          19          33  0.18204684174141866     
          20          33   1.6840112415027073     
          19          34  0.97524822576008419     
          34          35  0.90426396474422754     
          35          36   1.2293005491680793     
          35          37   1.7477259997622083     
          36          37  0.17590712601818725     
           9          38  0.95248299392964542     
          34          38  0.95384498076996582     
          38          39   1.2619088781173833     
          39          40   1.0262357834656513     
          40          41   1.4794188264491897     
          41          42   1.0365878544164846     
          41          43   1.1494117156783465     
          41          44  0.10803290260978979     
          43          44   1.0789675282342894     
          44          45   1.0887565451947798     
          45          46   1.3708471122430994     
          46          47   1.4577146303310369     
          47          48   1.4315043127754483     
          46          49  0.10487949133891886     
          48          49   1.4278662222324443     
          45          50   1.3664397732098368     
          47          50  0.10546967046551929     
          49          50   1.4607037142847032     
          40          51   1.2514025418502293     
          44          51   1.5400685667699989     
          38          52  0.17087717401202218     
          39          52   1.5569968685036024     
           3          53  0.97922013635624916     
           3          54  0.97656579052921610     
           3          55  0.97349307425856579     
           4          56  0.96506302295938740     
           5          57  0.97056752660113710     
           6          58  0.97006491186336130     
           7          59  0.96589704481149585     
           9          60  0.95126649983462841     
          10          61  0.94848562045250051     
          12          62  0.96645277395027795     
          13          63  0.97030932343043885     
          14          64  0.97077990196743280     
          15          65  0.96513114094743302     
          18          66  0.97643798273519100     
          18          67  0.97639928076016502     
          18          68  0.97824608422788462     
          23          69  0.97460236154756408     
          23          70  0.98139254312602819     
          23          71  0.95506719084658309     
          27          72  0.96848055193526339     
          28          73  0.97098499995243115     
          29          74  0.97179576148459690     
          30          75  0.97096889044342605     
          31          76  0.96855985558601454     
          32          77  0.97282035944381540     
          34          78  0.93396718581093352     
          36          79  0.69730088187849171     
          52          79  0.13296160415617367     
          42          80  0.95839957189222624     
          42          81  0.96874589537758204     
          42          82  0.97602666592281628     
          46          83  0.96851971697953521     
          47          84  0.97058741275632743     
          48          85  0.97141194400721564     
          49          86  0.97071384440691322     
          50          87  0.96797738592319460     
          51          88  0.97096982015232425     
