   -0.03383678
   -0.02650916
   -0.02445392
   -0.03393261
    0.00570706
    0.01287959
   -0.03515704
   -0.03026211
   -0.03488328
   -0.01050228
    0.03862414
    0.04462058
   -0.00417612
   -0.03143264
   -0.02913347
   -0.03473185
    0.01609132
    0.00712086
   -0.03633789
   -0.02679352
   -0.02763321
   -0.03293851
   -0.11725094
    0.27434240
   -0.01331009
   -0.02964474
   -0.02403045
   -0.02974008
    0.06653800
   -0.11740269
   -0.01866031
   -0.40989154
    0.09427968
    0.35592565
   -0.35533252
   -0.38657308
   -0.10974081
    0.27250222
   -0.00842508
   -0.03188374
    0.05909565
   -0.12329110
   -0.03082208
   -0.02415099
   -0.02125036
   -0.42837414
    0.03755948
    0.04078900
    0.04538371
    0.02940776
    0.04025143
    0.04017754
    0.03164069
    0.05505206
    0.07550373
    0.02693090
    0.03914274
    0.03972710
    0.02738129
    0.03196304
    0.03616869
    0.03806429
    0.03872794
    0.05025549
    0.05694690
    0.05875649
    0.09067190
    0.34571635
    0.05156110
    0.05497782
    0.05045468
    0.05154983
