           1           2   1.5591199077076563     
           2           3   1.3198739393627235     
           1           4  0.11786661120302674     
           3           4   1.5532568809481175     
           4           5   1.2819892702982785     
           1           6   1.2768719433497291     
           5           6   1.2514563312528872     
           6           7   1.2817086880528754     
           7           8   1.5466243886372928     
           8           9   1.3327459515615794     
           5          10   1.2524845918135996     
           7          10  0.11476879512697032     
           9          10   1.5155787730575196     
          10          11  0.99108114780817169     
          11          12  0.94704033964809053     
          12          13  0.98545269382200484     
          13          14   1.5328466620107883     
          14          15   1.3192968762220254     
          13          16  0.11431261887694173     
          15          16   1.5586409425337111     
          16          17   1.2759997359645960     
          13          18   1.2472228764591053     
          17          18   1.2549763791082706     
          18          19   1.2854225067844398     
          19          20   1.5514817322186927     
          20          21   1.3246201987357096     
          17          22   1.2807664820041085     
          19          22  0.11847732082653997     
          21          22   1.5552845422622426     
          12          23  0.96459227073571463     
          23          24   1.1976040100629031     
          24          25  0.95486546330136002     
          25          26   1.4040316099694019     
          26          27   1.4388351112395044     
          25          28  0.10845250156494358     
          27          28   1.4348063454775497     
          26          29  0.10234852138789827     
          28          29   1.4241637035517603     
          29          30  0.96918326239607144     
          25          31   1.4051430286944930     
          27          31  0.10994658601796065     
          29          31   1.4263333710233272     
          23          32  0.19091411187515783     
          24          32   1.7064750450025401     
          23          33  0.98494043092230510     
          33          34  0.90663986499066951     
          34          35   1.1624429616520917     
          34          36   1.7786978721299032     
          35          36  0.18399911758753057     
          11          37  0.95882029519519085     
          33          37  0.98912936938347329     
          37          38   1.2148244530399726     
          38          39  0.96373188847331970     
          39          40   1.3978161877349093     
          40          41   1.4284889308986533     
          41          42  0.96614038301405114     
          39          43  0.10664130116464704     
          41          43   1.4233004332902452     
          40          44  0.10801830993362281     
          43          44   1.4307756643214289     
          39          45   1.4005431068403531     
          41          45  0.10126776312416193     
          44          45   1.4439524426274821     
          37          46  0.19182943491155988     
          38          46   1.6816767393488741     
           1          47  0.96771703970295864     
           2          48  0.97011582549062614     
           3          49  0.96943797399974962     
           4          50  0.95973546869505855     
           7          51  0.96762728590932634     
           8          52  0.96991350989653080     
           9          53  0.96818280065708773     
          11          54  0.94793417919029976     
          12          55  0.94502841569381268     
          14          56  0.96381728435640224     
          15          57  0.97012532702735899     
          16          58  0.96765294671606661     
          19          59  0.96237955303245037     
          20          60  0.97098300559488859     
          21          61  0.97051950472845927     
          22          62  0.96783942440486914     
          26          63  0.96891362481427246     
          27          64  0.96731514507662775     
          28          65  0.96862635882492720     
          31          66  0.96737642077607200     
          33          67  0.93149677294706890     
          35          68  0.85432614138407448     
          40          69  0.96736107836340868     
          43          70  0.96892416186229102     
          44          71  0.96716953505363357     
          45          72  0.96812218705475028     
