   -0.03379388
   -0.02883027
   -0.02804753
   -0.03228718
    0.01248106
    0.01671265
   -0.03510446
   -0.02891996
   -0.03056825
    0.00741796
    0.05104429
    0.05112644
    0.00854264
   -0.02888224
   -0.02880264
   -0.03481063
    0.01702812
    0.01304308
   -0.03194159
   -0.02799387
   -0.02870382
   -0.03370532
   -0.12423948
    0.27211714
   -0.02973801
    0.01189134
   -0.03780696
   -0.02729492
   -0.02791019
   -0.03116900
    0.02035304
   -0.02657104
   -0.02554773
   -0.02273698
   -0.41210075
    0.09103524
    0.34892109
   -0.35746586
   -0.39354972
   -0.12050348
    0.27318059
   -0.02917516
   -0.02623403
   -0.02739637
   -0.02684399
    0.02188343
    0.01270623
   -0.03658735
   -0.02702425
   -0.02758873
   -0.03042950
   -0.41228628
    0.03512309
    0.03338805
    0.03170733
    0.02647677
    0.03612047
    0.03323155
    0.03340083
    0.05249223
    0.05523094
    0.02667064
    0.03519707
    0.03668351
    0.02738327
    0.03170369
    0.03352261
    0.03540596
    0.02958589
    0.03458694
    0.03547300
    0.03803863
    0.04177932
    0.03999531
    0.03956524
    0.06438128
    0.34152044
    0.03595521
    0.03848098
    0.04175408
    0.02880933
    0.03522726
    0.03556334
    0.03865282
