           1           2   1.5578356547138343     
           2           3   1.3213695146528237     
           1           4  0.11837883983891621     
           3           4   1.5554314057515821     
           4           5   1.2819101483897213     
           1           6   1.2787157377186511     
           5           6   1.2522488974139232     
           6           7   1.2805290502280069     
           7           8   1.5512807058470062     
           8           9   1.3282662825251998     
           5          10   1.2527669507911730     
           7          10  0.11455110932871709     
           9          10   1.5217758712684277     
          10          11  0.99200953009837145     
          11          12  0.94684431409298742     
          12          13  0.99315739291285943     
          13          14   1.5212934003971257     
          14          15   1.3284236490669188     
          13          16  0.11453336986015289     
          15          16   1.5509977139437292     
          16          17   1.2805230943538344     
          13          18   1.2517437668766600     
          17          18   1.2525557914024088     
          18          19   1.2821361289310227     
          19          20   1.5555489341701887     
          20          21   1.3212462868947501     
          17          22   1.2785645292864458     
          19          22  0.11838285879624888     
          21          22   1.5580108674919362     
          12          23  0.95435778313317721     
          23          24   1.1812428300341253     
          24          25  0.96791650471476054     
          25          26   1.2454562004961094     
          26          27   1.2804084838581327     
          27          28   1.5532312865178137     
          28          29   1.3205620212205669     
          27          30  0.11735665178007038     
          29          30   1.5581050330501365     
          26          31   1.2548495973840517     
          30          31   1.2782106689497625     
          25          32  0.11422021352685410     
          31          32   1.2777757365844877     
          32          33   1.5518285197586863     
          25          34   1.5094561065506076     
          33          34   1.3272399907203487     
          23          35  0.18402828778614688     
          24          35   1.7069520755875791     
          23          36  0.98506134361357567     
          36          37  0.90934708208093928     
          37          38   1.1519862125047231     
          37          39   1.7750682353046003     
          38          39  0.18008669143752659     
          11          40  0.95560723626887867     
          36          40  0.98563080875792286     
          40          41   1.1940900747805057     
          41          42  0.95543354916059064     
          42          43   1.5137939288634732     
          43          44   1.3247254685585625     
          42          45  0.11482914839327529     
          44          45   1.5534180196986982     
          45          46   1.2777409103939488     
          42          47   1.2489191341128534     
          46          47   1.2546064769635159     
          47          48   1.2779997648676762     
          48          49   1.5543591858291812     
          49          50   1.3201582646767311     
          46          51   1.2778740197259497     
          48          51  0.11762421046696948     
          50          51   1.5586650463079488     
          40          52  0.19075674349486565     
          41          52   1.7063565565570555     
           1          53  0.96797854644270431     
           2          54  0.97069823638033825     
           3          55  0.97101591428634182     
           4          56  0.96146830683012341     
           7          57  0.96793490912995717     
           8          58  0.97048555131149605     
           9          59  0.96548681251533197     
          11          60  0.94677715577628285     
          12          61  0.94631395678764685     
          14          62  0.96228257292500541     
          15          63  0.97033802292460325     
          16          64  0.96790071507605757     
          19          65  0.96108908909507584     
          20          66  0.97101863987903503     
          21          67  0.97069068494929145     
          22          68  0.96795438938022305     
          27          69  0.96058134158732034     
          28          70  0.97039683988759129     
          29          71  0.97048019210326064     
          30          72  0.96787438147570071     
          32          73  0.96769364415948489     
          33          74  0.96941527064420296     
          34          75  0.96906616804918133     
          36          76  0.93366212169176166     
          38          77  0.85740044466716414     
          43          78  0.96925033936860627     
          44          79  0.96955039004456944     
          45          80  0.96773176522890270     
          48          81  0.96567857988236017     
          49          82  0.97012982254433555     
          50          83  0.97047442820764140     
          51          84  0.96786708619141526     
