   -0.03304720
   -0.02912073
   -0.02814155
   -0.02962377
    0.01685625
    0.01632540
   -0.03447611
   -0.02859237
   -0.03696765
    0.00392882
    0.04745617
    0.04775412
    0.00948855
   -0.03306674
   -0.02590291
   -0.03294213
    0.01908141
    0.01405147
   -0.03709567
   -0.03035493
   -0.02988118
   -0.03186100
   -0.15143860
    0.28274229
   -0.06336911
    0.08686417
   -0.18565098
    0.12541381
   -0.02245164
   -0.05251566
   -0.03236325
   -0.02989087
   -0.04526301
   -0.38470396
    0.07955218
    0.34859447
   -0.36025935
   -0.34236003
   -0.13011347
    0.27927183
   -0.05923487
    0.07363437
   -0.20139834
    0.12188788
   -0.00851117
   -0.02449163
   -0.03247857
   -0.03136255
   -0.05097398
   -0.40796720
    0.03356158
    0.03195292
    0.03243724
    0.03135034
    0.03568726
    0.03656438
    0.04807990
    0.05216885
    0.05497127
    0.04178844
    0.03808524
    0.03802217
    0.02052687
    0.02825166
    0.03270177
    0.03590428
    0.06450785
    0.04776420
    0.05076162
    0.05258854
    0.05937888
    0.04589495
    0.33282297
    0.04599379
    0.05557272
    0.04517125
    0.04389741
    0.04856068
