           1           2   1.5574053598960682     
           2           3   1.3217071060147687     
           1           4  0.11802100212985890     
           3           4   1.5537573775745139     
           4           5   1.2818706632301013     
           1           6   1.2792927170919763     
           5           6   1.2510709501298778     
           6           7   1.2806728796944886     
           7           8   1.5509994162781193     
           8           9   1.3289427639993976     
           5          10   1.2535161892480020     
           7          10  0.11487290791631018     
           9          10   1.5207084427265771     
          10          11  0.99309809983579256     
          11          12  0.96050149087951364     
          12          13  0.99770686945295017     
          13          14   1.5321762111566155     
          14          15   1.3183435952476694     
          13          16  0.11445813088178139     
          15          16   1.5606712777004781     
          16          17   1.2730839396281881     
          13          18   1.2416166563423336     
          17          18   1.2575599306814944     
          18          19   1.2879050607215143     
          19          20   1.5513022258980624     
          20          21   1.3246511029698755     
          17          22   1.2820386816067146     
          19          22  0.11772084272231366     
          21          22   1.5547843364438472     
          12          23  0.94061383875588034     
          23          24   1.1553496506894070     
          24          25  0.96948791673019163     
          25          26   1.6148273981457271     
          26          27   1.1222077233730363     
          27          28   1.0847547760927632     
          25          29   1.1635865255456903     
          28          29   1.2772300724247159     
          29          30   1.3239075089558776     
          30          31   1.4904839375759569     
          31          32   1.3845399576384778     
          28          33   1.3525807182948879     
          30          33  0.11480246573029174     
          32          33   1.4835150586646930     
          23          34  0.17596286600321057     
          24          34   1.7444821938001931     
          23          35  0.98076661797594133     
          35          36  0.90304098761428708     
          36          37   1.1558310498980235     
          36          38   1.8042765235681557     
          37          38  0.17447759085261305     
          11          39  0.94257852212842830     
          35          39  0.98367551524919128     
          39          40   1.2036139738194396     
          40          41  0.96236844640457042     
          41          42   1.6305961070061008     
          42          43   1.1067707306930599     
          43          44   1.0776842910060849     
          41          45   1.1625817606553150     
          44          45   1.2835224741832130     
          45          46   1.3336183279498757     
          46          47   1.5004524684239873     
          47          48   1.3830545624271080     
          44          49   1.3513747990072542     
          46          49  0.11771258192561380     
          48          49   1.4838314096633571     
          39          50  0.19369836528379369     
          40          50   1.7059107235221744     
           1          51  0.96798879063023013     
           2          52  0.97077480411670858     
           3          53  0.97100014712507887     
           4          54  0.95819169212704614     
           7          55  0.96782261340028297     
           8          56  0.97020655739228112     
           9          57  0.95991227043832550     
          11          58  0.94740431575460504     
          12          59  0.94172013804480925     
          14          60  0.96098014653871178     
          15          61  0.97020416223623684     
          16          62  0.96780285763056106     
          19          63  0.96438657337164080     
          20          64  0.97103685455016464     
          21          65  0.97084071294730956     
          22          66  0.96800577495646800     
          26          67  0.96421398447010376     
          30          68  0.96014357396753880     
          31          69  0.96964138028323787     
          32          70  0.96995682840139197     
          33          71  0.96603236447066387     
          35          72  0.93635445585524546     
          37          73  0.83067931401906214     
          42          74  0.96568594681434139     
          46          75  0.96719488517109420     
          47          76  0.97019898409378502     
          48          77  0.97086045719689362     
          49          78  0.96728034658333628     
