   -0.03653247
    0.48363174
   -0.21780951
   -0.19289238
   -0.20991022
   -0.02363289
   -0.02266877
   -0.02008215
   -0.03475440
    0.00372824
    0.03837517
    0.04012226
    0.00393041
   -0.02961011
    0.48737099
   -0.20957873
   -0.19798381
   -0.21142702
   -0.02296124
   -0.01980319
   -0.01680649
   -0.02921930
   -0.11455473
    0.27544914
   -0.00236393
   -0.02071179
   -0.02189722
   -0.02322320
    0.48516598
   -0.20097684
   -0.21460115
   -0.20000961
   -0.02221838
   -0.02392624
   -0.38998059
    0.09684256
    0.37691946
   -0.38225289
   -0.34559571
   -0.10570203
    0.27279227
   -0.00490297
   -0.02374390
   -0.02047975
   -0.02271541
    0.48580799
   -0.19837453
   -0.20285839
   -0.21379510
   -0.02283687
   -0.01888055
   -0.40091608
    0.07771095
    0.06749100
    0.06381035
    0.07118562
    0.07169703
    0.05688345
    0.07620711
    0.06920695
    0.07242067
    0.04778992
    0.06925274
    0.06992486
    0.06757962
    0.05558593
    0.08716912
    0.34348610
    0.06777617
    0.07767827
    0.06589004
    0.06430842
