           1           2  0.94917710280541001     
           2           3  0.93260281806894674     
           2           4  0.96296376674943673     
           2           5  0.93974758762592459     
           1           6   1.4106379865982215     
           6           7   1.4441770603672768     
           1           8  0.10341877245276145     
           7           8   1.4306405366656558     
           6           9  0.10878529354493494     
           8           9   1.4494022508102347     
           1          10   1.3871390745446250     
           7          10  0.10862735427905741     
           9          10   1.4064657621333558     
          10          11  0.99197647823992907     
          11          12  0.94593287352718458     
          12          13  0.99025442883305004     
          13          14   1.3864572096303387     
          14          15  0.94944422663035954     
          15          16  0.93951143851012031     
          15          17  0.95657198417962552     
          15          18  0.94050197086556053     
          14          19   1.4115241796222791     
          13          20  0.10857344805519430     
          19          20   1.4442574594885478     
          14          21  0.10549290086830092     
          20          21   1.4317300401209547     
          13          22   1.4084277373827534     
          19          22  0.10725605284770874     
          21          22   1.4478755082665760     
          12          23  0.97019051372465226     
          23          24   1.2018991744080021     
          24          25  0.95022711437354002     
          25          26   1.4071563968388687     
          26          27   1.4442673246116937     
          25          28  0.10620737644535379     
          27          28   1.4130634514809239     
          28          29  0.95122606582073155     
          29          30  0.95265376601240848     
          29          31  0.93118219491686938     
          29          32  0.95579899511095956     
          26          33  0.11129808366225888     
          28          33   1.4107090793734298     
          25          34   1.4075200184256538     
          27          34  0.10941240940522715     
          33          34   1.4450319274310506     
          23          35  0.19457223498534285     
          24          35   1.7146144946126032     
          23          36  0.97375914105315242     
          36          37  0.90552814729768072     
          37          38   1.1167217613374243     
          37          39   1.8163266678813696     
          38          39  0.17210507464182453     
          11          40  0.96924859944317354     
          36          40  0.97589464926016500     
          40          41   1.2117072092017189     
          41          42  0.96591457522361768     
          42          43   1.4093204384528215     
          43          44   1.4376701707317412     
          42          45  0.10385162299625661     
          44          45   1.4200832406350063     
          45          46  0.95112026222720436     
          46          47  0.95812447719491256     
          46          48  0.94911265660085753     
          46          49  0.93299520542081971     
          43          50  0.10997829770789397     
          45          50   1.4025436986169542     
          42          51   1.3948952071962071     
          44          51  0.11004255950797268     
          50          51   1.4553451939147215     
          40          52  0.19223787520214314     
          41          52   1.6847577325381746     
           6          53  0.96382158637438320     
           7          54  0.96743649048970759     
           8          55  0.96780379021781315     
           9          56  0.96089671998797921     
          11          57  0.95187317476325406     
          12          58  0.94909311674990704     
          19          59  0.96409987334971259     
          20          60  0.96713716461347987     
          21          61  0.96633252829213312     
          22          62  0.96535568131453364     
          26          63  0.96575415250080210     
          27          64  0.96502981174207081     
          33          65  0.96572379037477940     
          34          66  0.96713858699392574     
          36          67  0.94032363523434648     
          38          68  0.85834072756447266     
          43          69  0.96588643665301044     
          44          70  0.96382317226190040     
          50          71  0.96601598634530816     
          51          72  0.96628080787793458     
