    0.15097609
   -0.27607901
    0.04021605
   -0.06124240
   -0.02910345
   -0.03915918
   -0.03772801
   -0.00829691
    0.04690944
    0.04509495
   -0.00953544
   -0.03293760
   -0.03982880
   -0.02991203
   -0.06306171
    0.14725203
   -0.26861788
    0.03710013
   -0.14383185
    0.27192136
   -0.05606663
    0.06576017
   -0.17196104
    0.12139767
   -0.11870825
   -0.06763267
   -0.41628643
    0.07311614
    0.35213111
   -0.35220709
   -0.35818308
   -0.12961872
    0.27525411
   -0.06013429
    0.07902320
   -0.16843222
    0.12289489
   -0.11936939
   -0.07738807
   -0.42028967
    0.05752786
    0.04906319
    0.03917258
    0.04008506
    0.03842487
    0.03752424
    0.05361261
    0.06124016
    0.06140012
    0.03195920
    0.03796360
    0.03975995
    0.04233792
    0.04850447
    0.04080287
    0.06274797
    0.04500957
    0.06468372
    0.06042443
    0.06912686
    0.04913453
    0.05938213
    0.33906697
    0.06272994
    0.05895315
    0.06620728
    0.07260544
    0.03711379
