           1           2   1.0598283754319893     
           2           3  0.98224928069497552     
           1           4   1.3916114749718154     
           4           5   1.4268174731569492     
           5           6   1.4518048030368595     
           4           7  0.10044228238898080     
           6           7   1.4152369999067282     
           1           8   1.3121753197721695     
           5           8  0.10605032065461753     
           7           8   1.4475337208432038     
           8           9  0.99832346931773097     
           9          10  0.96495474696836869     
          10          11  0.99412847832465989     
          11          12   1.4340743516351477     
          12          13   1.4289204525970480     
          11          14  0.10603637529090332     
          13          14   1.4401760180963357     
          12          15  0.10247235474082284     
          14          15   1.4383083169315416     
          11          16   1.3260279461545195     
          15          16   1.3789988871755259     
          16          17   1.0624252789520094     
          17          18  0.98070256425545144     
          10          19  0.94684492460402281     
          19          20   1.1864972641021936     
          20          21  0.98793941420271125     
          21          22   1.5540071636780415     
          22          23   1.1462926608136963     
          22          24  0.13626801049403703     
          23          24   1.1162372652092836     
          24          25   1.0299098990808240     
          21          26   1.2488942494422519     
          24          26   1.5862307962681084     
          19          27  0.18645804744758673     
          20          27   1.6941915688255300     
          19          28  0.96995090395049699     
          28          29  0.90995365334793443     
          29          30   1.1504973287905691     
          29          31   1.7916615164724412     
          30          31  0.16915236682320575     
           9          32  0.94311879703645107     
          28          32  0.98844020405890165     
          32          33   1.1831635664514120     
          33          34  0.99039418323516004     
          34          35   1.5478270079692333     
          35          36   1.1564002441358727     
          35          37  0.12887052040639474     
          36          37   1.1139821754364787     
          37          38   1.0302016039948709     
          34          39   1.2379040002287029     
          37          39   1.5913098342842884     
          32          40  0.18192634522831294     
          33          40   1.6896937045707952     
           3          41  0.98003877320245336     
           3          42  0.97708910336133759     
           3          43  0.97642066896976942     
           4          44  0.96551585604648327     
           5          45  0.97088756525941611     
           6          46  0.97088571347492425     
           7          47  0.96027483438617478     
           9          48  0.94062150014581525     
          10          49  0.94896143743710626     
          12          50  0.96700897006238629     
          13          51  0.97078757163816021     
          14          52  0.97083333457183418     
          15          53  0.96520401111547827     
          18          54  0.97678577187833981     
          18          55  0.97639039195264155     
          18          56  0.97935811424863750     
          22          57  0.96588734542416543     
          25          58  0.97229027199756657     
          25          59  0.98290319699092854     
          25          60  0.96520457685632788     
          26          61  0.97409457511119713     
          28          62  0.94488428358504395     
          30          63  0.85766833960106881     
          35          64  0.96492778513755884     
          38          65  0.98268286878217559     
          38          66  0.97317262333783827     
          38          67  0.96350088444042448     
          39          68  0.97407693991773558     
