   -0.03100770
   -0.03110132
    0.01503391
   -0.03326361
   -0.02903341
   -0.02903446
   -0.03332581
    0.01644652
   -0.03519436
    0.00314604
    0.04211422
    0.03655571
    0.00056490
   -0.04353587
    0.01384873
   -0.03663971
   -0.02881433
   -0.02881079
   -0.03257168
    0.01411445
   -0.03129957
   -0.03610697
   -0.11545971
    0.28210012
   -0.03527619
   -0.03590212
    0.03391515
   -0.03347375
    0.07782793
   -0.12541047
   -0.39332921
    0.09114177
    0.34951879
   -0.36725114
   -0.37822575
   -0.11320216
    0.28436387
   -0.03918815
   -0.01987445
    0.03656762
   -0.03756292
    0.05824594
   -0.15340981
   -0.40337541
    0.03425234
    0.04541533
    0.03551144
    0.03153003
    0.03134342
    0.03375604
    0.03752681
    0.06597358
    0.08966997
    0.03155860
    0.02887525
    0.03281554
    0.03427768
    0.03615483
    0.04109475
    0.03753393
    0.06759778
    0.07325440
    0.07415124
    0.34698445
    0.07558130
    0.07031643
