           1           2   1.5645684903499539     
           2           3   1.2758899643714643     
           3           4   1.2816946113232350     
           4           5   1.5562568285997802     
           5           6   1.3211541885755436     
           4           7  0.11821643516341622     
           6           7   1.5573010077294516     
           3           8   1.2515997849264626     
           7           8   1.2792409971251595     
           2           9  0.11450895182391743     
           8           9   1.2802188055406394     
           1          10   1.2936112734445113     
           9          10   1.5285318797538390     
          10          11  0.98843928603431586     
          11          12  0.95432306327102878     
          12          13  0.98943037337044748     
          13          14   1.5284101658588329     
          14          15   1.2778417051363362     
          15          16   1.2802391351378626     
          16          17   1.5561073323822887     
          17          18   1.3220648607008223     
          16          19  0.11799909687570123     
          18          19   1.5552874356679109     
          15          20   1.2525130023438158     
          19          20   1.2826175022442683     
          14          21  0.11300407773455212     
          20          21   1.2739218612693872     
          13          22   1.2889192227755724     
          21          22   1.5672653533886143     
          12          23  0.96118522746204804     
          23          24   1.1787042945924411     
          24          25  0.97689516910108942     
          25          26   1.5719064377029579     
          26          27   1.2112705332003113     
          26          28  0.10601884660514437     
          27          28   1.1943812306698935     
          25          29   1.2112001518663742     
          28          29   1.5906062401694685     
          29          30   1.0014169603460041     
          23          31  0.18552641140736273     
          24          31   1.7074184703147912     
          23          32  0.99496635383451282     
          32          33  0.90697621708395160     
          33          34   1.1459644158070732     
          33          35   1.7929330653813458     
          34          35  0.17935098386403642     
          11          36  0.94826077638044393     
          32          36  0.98614258426314738     
          36          37   1.2075838572113224     
          37          38  0.95409102278143298     
          38          39   1.5958155004316457     
          39          40   1.2053618732342264     
          39          41  0.10797937847337680     
          40          41   1.2011083776604432     
          38          42   1.2155425619185347     
          41          42   1.5853009953774426     
          42          43  0.98452674598958234     
          36          44  0.19212472940918235     
          37          44   1.7055136416353500     
           1          45  0.96462847854942468     
           2          46  0.96689790428530786     
           4          47  0.96826063527911532     
           5          48  0.97104500256804205     
           6          49  0.97103859528553049     
           7          50  0.96829742459514079     
           9          51  0.96504292779092782     
          11          52  0.95198941373384904     
          12          53  0.93880598983842956     
          14          54  0.96380947313709187     
          16          55  0.96847426547856841     
          17          56  0.97096224197118175     
          18          57  0.97090094985082853     
          19          58  0.96820474808293089     
          21          59  0.96743873404048897     
          22          60  0.96649600047971229     
          26          61  0.96348670694610461     
          28          62  0.96729347975392366     
          32          63  0.92702284475766605     
          34          64  0.85282253342165537     
          39          65  0.96569105594284599     
          41          66  0.96777336029721150     
