   -0.02008159
    0.48586315
   -0.19752626
   -0.20297431
   -0.22212808
   -0.01687352
   -0.01886314
   -0.01572408
   -0.02387427
    0.02454355
    0.04628757
    0.04504597
    0.02332409
   -0.02244989
    0.48518200
   -0.20685791
   -0.19697921
   -0.22499765
   -0.01787735
   -0.01916651
   -0.01470890
   -0.02713842
   -0.10933184
    0.27539204
   -0.04858158
    0.07355609
   -0.16285507
    0.18441769
   -0.09407110
   -0.07333223
   -0.39270951
    0.08476498
    0.34804329
   -0.37128415
   -0.37097982
   -0.11545649
    0.27498433
   -0.04621613
    0.06636554
   -0.15828332
    0.18336715
   -0.09642341
   -0.06706063
   -0.38940182
    0.07294258
    0.06226083
    0.05843073
    0.04461963
    0.07521574
    0.07116034
    0.07016848
    0.06039714
    0.05949835
    0.06686415
    0.07859502
    0.06244072
    0.06886421
    0.35263513
    0.06722111
    0.07175658
