           1           2  0.95130873141421413     
           2           3  0.95836829554195813     
           2           4  0.94637232062523735     
           2           5  0.92921032168627493     
           1           6   1.4134422574959671     
           6           7   1.4432762619678781     
           1           8  0.10504683996349282     
           7           8   1.4330269349982854     
           6           9  0.10899483530187080     
           8           9   1.4484789883946467     
           1          10   1.3875297163102214     
           7          10  0.10902819314385670     
           9          10   1.4093635734901451     
          10          11  0.99293601936594156     
          11          12  0.95362033057285711     
          12          13  0.99220877275102759     
          13          14   1.3857696409643339     
          14          15  0.95217349662940232     
          15          16  0.94284623685857361     
          15          17  0.95999340666136457     
          15          18  0.92661857977701245     
          14          19   1.4126529062486566     
          13          20  0.10830563664615783     
          19          20   1.4428373985506906     
          14          21  0.10501433165781539     
          20          21   1.4341101453665921     
          13          22   1.4108328645599084     
          19          22  0.10907163955337132     
          21          22   1.4465114564042656     
          12          23  0.95200556058802122     
          23          24   1.2000706245120689     
          24          25  0.96319335409310269     
          25          26   1.5704308457411327     
          26          27   1.1302348741883508     
          26          28  0.13181002206482567     
          27          28   1.1282755226250578     
          28          29   1.0195595970806501     
          25          30   1.2504670246342997     
          28          30   1.5595026294690384     
          23          31  0.19644759257197461     
          24          31   1.7125983978735824     
          23          32  0.98859436577811777     
          32          33  0.90405450761086448     
          33          34   1.1527715637837896     
          33          35   1.7872526896705920     
          34          35  0.18330338197587359     
          11          36  0.95174664327723835     
          32          36  0.98537935206857319     
          36          37   1.1900409119152553     
          37          38  0.96723395295627990     
          38          39   1.5667064097598427     
          39          40   1.1300048396624685     
          39          41  0.13457319438362952     
          40          41   1.1313744541642614     
          41          42   1.0180837267281109     
          38          43   1.2557601859259515     
          41          43   1.5576014478646802     
          36          44  0.19250482497559077     
          37          44   1.7172553896374956     
           6          45  0.96479989528585519     
           7          46  0.96826376016632743     
           8          47  0.96863203942703202     
           9          48  0.96728198115870945     
          11          49  0.95084991009946851     
          12          50  0.95130445661538077     
          19          51  0.96522192376853289     
          20          52  0.96841443534001748     
          21          53  0.96854762999552269     
          22          54  0.96017524530507259     
          26          55  0.96244553688601309     
          30          56  0.97160123840048285     
          32          57  0.94353565819647778     
          34          58  0.84897681944734305     
          39          59  0.96326090190668290     
          43          60  0.97147554465750363     
