    0.13444112
   -0.27876656
    0.03547120
   -0.06544068
   -0.02871253
   -0.03584603
   -0.03234021
   -0.02806159
    0.03080291
    0.04371216
   -0.01506707
   -0.03770554
   -0.03758001
   -0.03016252
   -0.06211257
    0.14821911
   -0.28382682
    0.04033568
   -0.08563562
    0.28468815
   -0.03544228
    0.08242905
   -0.11841489
    0.05307678
    0.09108173
   -0.11713312
   -0.05225998
   -0.40295487
    0.08628331
    0.36648409
   -0.36301809
   -0.38278769
   -0.09627999
    0.28155521
   -0.03500545
    0.09203733
   -0.10837228
    0.03629298
    0.09287736
   -0.11716235
   -0.05442535
   -0.41850940
    0.04578440
    0.04509171
    0.06707765
    0.04487899
    0.04440198
    0.04362953
    0.04238364
    0.08106970
    0.08468688
    0.04701537
    0.04192087
    0.04184673
    0.04287492
    0.05927245
    0.04690053
    0.04243943
    0.08291971
    0.09277456
    0.34336169
    0.08290458
