           1           2   1.0587329097280906     
           2           3  0.97909519285637681     
           1           4   1.3800462830712690     
           4           5   1.4365192516172303     
           5           6   1.4412598414360411     
           4           7  0.10333278916796355     
           6           7   1.4295128819108167     
           1           8   1.3259978816673545     
           5           8  0.10617592926137695     
           7           8   1.4337595055747241     
           8           9  0.98923585095909661     
           9          10  0.95060161648195396     
          10          11  0.98495552874703662     
          11          12   1.4208773080947816     
          12          13   1.4397777200448045     
          11          14  0.10736658196238469     
          13          14   1.4324081514355900     
          12          15  0.10501290506468168     
          14          15   1.4467240953181195     
          11          16   1.3429546893965958     
          15          16   1.3713630415555711     
          16          17   1.0472184071704695     
          17          18  0.98153566676749948     
          10          19  0.96783643521104434     
          19          20   1.2214501869077556     
          20          21  0.94939425677464750     
          21          22   1.5409412650956615     
          22          23   1.0107977445163558     
          22          24   1.1463141525656355     
          24          25   1.1468338002064089     
          25          26   1.0160832689633519     
          21          27   1.2305514279518968     
          25          27   1.5808160833418152     
          19          28  0.19570905280563633     
          20          28   1.6935367503919312     
          19          29  0.99020142914170561     
          29          30  0.90117224505919158     
          30          31   1.1532089977336295     
          30          32   1.7853930545861525     
          31          32  0.17948984888557565     
           9          33  0.96016672755815791     
          29          33  0.98083627958709174     
          33          34   1.2326055637350579     
          34          35  0.94913755858876092     
          35          36   1.5466666745851860     
          36          37   1.0242422339116550     
          36          38   1.1395411281668448     
          38          39   1.1404511984443833     
          39          40   1.0140107587635652     
          35          41   1.2250398063108798     
          39          41   1.5858373730620339     
          33          42  0.19853098941087632     
          34          42   1.6836604624159459     
           3          43  0.97557972797547854     
           3          44  0.97649385753091367     
           3          45  0.97875001531440597     
           4          46  0.96485447402247249     
           5          47  0.97043628069579035     
           6          48  0.97025124722635425     
           7          49  0.96579353049217698     
           9          50  0.94788046366152823     
          10          51  0.94463581552429754     
          12          52  0.96649067946354761     
          13          53  0.97019859197375091     
          14          54  0.97053614592796478     
          15          55  0.96442598186853956     
          18          56  0.97602334964419368     
          18          57  0.97585377901897474     
          18          58  0.97569651021450943     
          27          59  0.95548068664657249     
          29          60  0.93710744242047450     
          31          61  0.85534644832668949     
          41          62  0.95657127683112841     
