   -0.03929938
   -0.03261225
    0.01380465
   -0.03203677
   -0.02568011
   -0.02542958
   -0.03368900
    0.01368772
   -0.04298070
   -0.00684959
    0.03737940
    0.05136861
    0.01106973
   -0.03715916
    0.01631109
   -0.03371692
   -0.02796685
   -0.02818321
   -0.03285441
    0.01506519
   -0.03125004
   -0.03146214
   -0.12599654
    0.28515710
   -0.04446819
    0.08601506
   -0.15911030
    0.18197792
   -0.10435261
   -0.07797783
   -0.39599598
    0.07635270
    0.34856368
   -0.36748379
   -0.36914252
   -0.10059040
    0.27009150
   -0.03714295
    0.08198647
   -0.15742243
    0.18323921
   -0.09261779
   -0.07072367
   -0.45997315
    0.03361639
    0.04664223
    0.04034289
    0.03956405
    0.03968626
    0.03841056
    0.02930040
    0.05412901
    0.05811692
    0.03090862
    0.03248200
    0.03434663
    0.03457982
    0.03565110
    0.04102503
    0.03473718
    0.08809585
    0.05537462
    0.06826224
    0.36921729
    0.08332072
    0.06428841
