           1           2   1.5618907107311484     
           2           3   1.2774386479317572     
           3           4   1.2813755548944057     
           4           5   1.5564329999239330     
           5           6   1.3205929720539975     
           4           7  0.11827969207674373     
           6           7   1.5577780685688263     
           3           8   1.2493598637181060     
           7           8   1.2782001119606325     
           2           9  0.11360563944166960     
           8           9   1.2833805818372623     
           1          10   1.2926528364632335     
           9          10   1.5234419000641948     
          10          11  0.99092856561333065     
          11          12  0.94975649462185174     
          12          13  0.99159363020587632     
          13          14   1.5235520543416583     
          14          15   1.2839510795954874     
          15          16   1.2782462913572152     
          16          17   1.5581575243572976     
          17          18   1.3203212854224182     
          16          19  0.11824811460626433     
          18          19   1.5568940780281197     
          15          20   1.2496428509653654     
          19          20   1.2812030715979259     
          14          21  0.11533343843229968     
          20          21   1.2780469086631978     
          13          22   1.2962602339727358     
          21          22   1.5611773932314126     
          12          23  0.95702965209029600     
          23          24   1.1585153406905897     
          24          25  0.98819218138385490     
          25          26   1.5600123503279872     
          26          27   1.1410292202081622     
          26          28  0.12997997864636945     
          27          28   1.1271559925831789     
          28          29   1.0130321355928691     
          25          30   1.2484246834371104     
          28          30   1.5613336436518572     
          23          31  0.17460514851719239     
          24          31   1.7173867599331905     
          23          32   1.0007920944626896     
          32          33  0.88081590084293826     
          33          34   1.2149628461099726     
          33          35   1.7752611465153978     
          34          35  0.18381780467451062     
          11          36  0.95478073379560213     
          32          36  0.96757603967674211     
          36          37   1.2778710408735479     
          37          38   1.0010183191362949     
          38          39   1.5494821816733950     
          39          40   1.1441462288485627     
          39          41  0.12759279924098216     
          40          41   1.1256991396708482     
          41          42   1.0185086249852036     
          38          43   1.2472657622221031     
          41          43   1.5639775138528851     
          36          44  0.18753044350915266     
          37          44   1.5734927998807962     
           1          45  0.96786974971143458     
           2          46  0.96689181623615483     
           4          47  0.96786673844210247     
           5          48  0.97049309893556912     
           6          49  0.97045610273627891     
           7          50  0.96792257608366805     
           9          51  0.96575282466416501     
          11          52  0.94949668997857328     
          12          53  0.95288181973183939     
          14          54  0.96579333339454654     
          16          55  0.96836001966846996     
          17          56  0.97087202387773419     
          18          57  0.97086682845189110     
          19          58  0.96819103789688943     
          21          59  0.96748323373244938     
          22          60  0.96816392216441938     
          26          61  0.96063445757008226     
          30          62  0.97104426484297501     
          32          63  0.93801087780814052     
          34          64  0.75431193992254697     
          39          65  0.96144383462952610     
          43          66  0.97002562613527510     
