   -0.03313131
   -0.02901470
   -0.02932847
   -0.03241491
    0.01407555
    0.01581533
   -0.03453031
   -0.02774417
   -0.03081424
    0.00202586
    0.04242009
    0.03438270
   -0.00554729
   -0.03899929
   -0.03321247
   -0.03557247
    0.01412111
    0.01085159
   -0.03864686
   -0.02701487
   -0.02843951
   -0.03543430
   -0.11694241
    0.27392554
   -0.02826698
    0.02133256
   -0.10779256
   -0.05157156
   -0.01593054
   -0.03571672
   -0.42738839
    0.09162790
    0.35371044
   -0.34948726
   -0.39188998
   -0.12319868
    0.27988086
   -0.02352604
    0.02219886
   -0.11114021
   -0.04961544
   -0.01667500
   -0.05497598
   -0.42125170
    0.03365841
    0.03122189
    0.03011945
    0.02434519
    0.03608422
    0.03667266
    0.03427752
    0.06117475
    0.07989753
    0.02928892
    0.03297677
    0.03521599
    0.06360467
    0.03599718
    0.03200118
    0.03212794
    0.06711137
    0.04949306
    0.06183187
    0.04778060
    0.05286569
    0.08058736
    0.34462204
    0.06516768
    0.07000137
    0.04741831
    0.04440053
    0.04890209
