           1           2   1.5555812542109555     
           2           3   1.3238564859499138     
           1           4  0.11826293888546312     
           3           4   1.5523664718111105     
           4           5   1.2853573079896656     
           1           6   1.2810728277771983     
           5           6   1.2496018494727776     
           6           7   1.2801720345860659     
           7           8   1.5518428792767174     
           8           9   1.3283874632311226     
           5          10   1.2551078708966368     
           7          10  0.11501543523317213     
           9          10   1.5213655697577095     
          10          11  0.98940681264040919     
          11          12  0.95648199382809496     
          12          13  0.98589108701836592     
          13          14   1.5261273564273241     
          14          15   1.3248080340689303     
          13          16  0.11490437512507040     
          15          16   1.5525701990722345     
          16          17   1.2803736741101641     
          13          18   1.2527216803922032     
          17          18   1.2514457522823466     
          18          19   1.2840498557435984     
          19          20   1.5535499844870371     
          20          21   1.3230298630806694     
          17          22   1.2791342188803199     
          19          22  0.11903396272954593     
          21          22   1.5566136823964472     
          12          23  0.94989089542858995     
          23          24   1.1772536309983339     
          24          25   1.0291672290286800     
          25          26   1.5232416936306556     
          26          27   1.0300616731237084     
          26          28   1.2563296390121244     
          25          29  0.10647099354418027     
          28          29   1.6220015733542246     
          25          30   1.1265318824705359     
          29          30   1.2046930706093466     
          23          31  0.17416338149094773     
          24          31   1.6553760991643933     
          23          32  0.99988759809037475     
          32          33  0.91137826016729129     
          33          34   1.1631690112074233     
          33          35   1.7694331571831892     
          34          35  0.18110423784856505     
          11          36  0.95765548331441508     
          32          36  0.98105355891453305     
          36          37   1.1870178271170353     
          37          38   1.0021327705403287     
          38          39   1.5500341374985211     
          39          40   1.0273693169129527     
          39          41   1.2455328965393970     
          38          42  0.11433518841426721     
          41          42   1.6332425150815251     
          38          43   1.1256243524764515     
          42          43   1.1854320054992060     
          36          44  0.18022439223471154     
          37          44   1.6754875558298250     
           1          45  0.96799918072268798     
           2          46  0.97080068901183003     
           3          47  0.97035776304449495     
           4          48  0.96190334985856341     
           7          49  0.96780446248553786     
           8          50  0.97008030289984259     
           9          51  0.96703621621851132     
          11          52  0.94680639459544369     
          12          53  0.94626116729497589     
          14          54  0.96003593669702902     
          15          55  0.97050886899373179     
          16          56  0.96771404138460637     
          19          57  0.95347036797587137     
          20          58  0.97072819392758136     
          21          59  0.97069031504793268     
          22          60  0.96804123314932000     
          27          61  0.97813063312785919     
          27          62  0.97192371279518674     
          27          63  0.96175106134436794     
          28          64  0.96348085725091215     
          29          65  0.96867116441480505     
          32          66  0.91466974119127431     
          34          67  0.85411474647438301     
          40          68  0.96099475443543247     
          40          69  0.97243662090767102     
          40          70  0.98244932765766690     
          41          71  0.96301092193614146     
          42          72  0.96930808115194389     
