   -0.03381654
   -0.02775247
   -0.02710069
   -0.03167278
    0.01225085
    0.01443071
   -0.03653819
   -0.03135556
   -0.03858600
   -0.00052996
    0.04241789
    0.05045988
    0.00476331
   -0.03362000
   -0.02697149
   -0.03614645
    0.01540683
    0.01096930
   -0.03365766
   -0.02975042
   -0.03043077
   -0.03434490
   -0.10731676
    0.26611207
    0.07899053
    0.00484822
   -0.11341190
   -0.01843493
   -0.03144857
   -0.03688272
   -0.03057881
   -0.04988730
    0.13322762
   -0.24011309
   -0.43441367
    0.08191995
    0.36002087
   -0.36554863
   -0.37259834
   -0.10277769
    0.26159815
    0.08277338
   -0.00288279
   -0.10976299
   -0.02117590
    0.12978087
   -0.04920276
   -0.03027755
   -0.03662285
   -0.03227711
   -0.21954928
   -0.47720758
    0.03654283
    0.03664035
    0.03583815
    0.03239809
    0.03771159
    0.03609758
    0.02795891
    0.06182655
    0.05789976
    0.05832839
    0.03936168
    0.03500729
    0.02275928
    0.02820654
    0.03106816
    0.03400962
    0.05658518
    0.07898796
    0.05768979
    0.04339739
    0.03947357
    0.04300207
    0.04997881
    0.07286797
    0.36493050
    0.05493323
    0.06835199
    0.06181928
    0.04836545
    0.04487056
    0.04268018
    0.04508598
