           1           2   1.5573715140116968     
           2           3   1.3218295409551806     
           1           4  0.11857600263525407     
           3           4   1.5541816689933694     
           4           5   1.2823911178543450     
           1           6   1.2785251858607694     
           5           6   1.2535010326646954     
           6           7   1.2790529599126619     
           7           8   1.5524124481565413     
           8           9   1.3258711636021019     
           5          10   1.2500670140898817     
           7          10  0.11430419675720188     
           9          10   1.5210452742512708     
          10          11  0.99051252707238624     
          11          12  0.94638547474660195     
          12          13  0.98668685230759978     
          13          14   1.5256616402300320     
          14          15   1.3249439960967389     
          13          16  0.11415986068601627     
          15          16   1.5542419699095829     
          16          17   1.2790579552284214     
          13          18   1.2520879593894139     
          17          18   1.2521868529990998     
          18          19   1.2823998607958520     
          19          20   1.5544151483190354     
          20          21   1.3221701885443846     
          17          22   1.2797425630522170     
          19          22  0.11815494548705810     
          21          22   1.5568392281826764     
          12          23  0.96262730688619058     
          23          24   1.1880485508693763     
          24          25   1.0333789553147952     
          25          26   1.5501399442358679     
          26          27   1.0407055158254594     
          26          28   1.1855321523847839     
          28          29   1.3300833134931302     
          29          30   1.5025725284800577     
          30          31   1.3804329340334598     
          29          32  0.11498028848615746     
          31          32   1.4815652513166053     
          28          33   1.2741423103739045     
          32          33   1.3543711239181695     
          25          34   1.0443152765330821     
          33          34   1.0781853188649100     
          23          35  0.18232664990325245     
          24          35   1.6389117132372744     
          23          36   1.0025099953799066     
          36          37  0.88457730853834127     
          37          38   1.2016218690731728     
          37          39   1.7713242345563653     
          38          39  0.17757094070758503     
          11          40  0.95938328680383100     
          36          40  0.96709147884585422     
          40          41   1.2615135788649292     
          41          42   1.0285445668056963     
          42          43   1.5481544547649642     
          43          44   1.0395121680161454     
          43          45   1.1862119960774768     
          45          46   1.2729912757421373     
          46          47   1.3512715235684669     
          47          48   1.4836784596725432     
          48          49   1.3791821707819962     
          45          50   1.3293994318655662     
          47          50  0.11532602361387935     
          49          50   1.5033385735969571     
          42          51   1.0579327127766667     
          46          51   1.0863217230950470     
          40          52  0.18177922483877940     
          41          52   1.5485775783907010     
           1          53  0.96789895727966579     
           2          54  0.97045688391193174     
           3          55  0.97075523827400367     
           4          56  0.96061224685373769     
           7          57  0.96781745688735177     
           8          58  0.97025970146876750     
           9          59  0.96803059623973153     
          11          60  0.94516794650229641     
          12          61  0.94665983366138495     
          14          62  0.96066785376579755     
          15          63  0.97005403631587339     
          16          64  0.96788780588269829     
          19          65  0.96156215328141670     
          20          66  0.97124294804513989     
          21          67  0.97084242312439928     
          22          68  0.96804582834226305     
          27          69  0.96748869833157924     
          27          70  0.97487464564885296     
          27          71  0.96413972902625322     
          29          72  0.96860651804718834     
          30          73  0.97075584965507822     
          31          74  0.97100317709929995     
          32          75  0.96712474252350633     
          36          76  0.93581502850888920     
          38          77  0.77709020936618090     
          44          78  0.96646523908078863     
          44          79  0.97929166186378880     
          44          80  0.96662620311213265     
          47          81  0.96661938060853214     
          48          82  0.97074804908231416     
          49          83  0.97047473260302330     
          50          84  0.96847808226146270     
