   -0.02343011
    0.48517100
   -0.22574960
   -0.19878000
   -0.20757623
   -0.01850263
   -0.01971772
   -0.01435720
   -0.02554997
    0.02443602
    0.04748363
    0.04779124
    0.02567746
   -0.02021206
    0.48596709
   -0.20124328
   -0.19991928
   -0.22208930
   -0.01744752
   -0.01993662
   -0.01654893
   -0.02271056
   -0.11929084
    0.27373442
   -0.06505846
    0.09559071
   -0.17633488
    0.12088132
   -0.02583817
   -0.04415258
   -0.03711112
   -0.03407620
   -0.04885449
   -0.40219552
    0.07579881
    0.34464932
   -0.35768186
   -0.34273114
   -0.11469100
    0.27519271
   -0.06527081
    0.09498722
   -0.17576879
    0.12313469
   -0.02351724
   -0.04487814
   -0.03873011
   -0.03493266
   -0.04841989
   -0.40283201
    0.06767820
    0.05822433
    0.05900652
    0.06895247
    0.06622078
    0.07236796
    0.07102765
    0.05962999
    0.05600386
    0.04431786
    0.07601393
    0.03623319
    0.04610335
    0.05011562
    0.05930981
    0.05213385
    0.32833597
    0.07342037
    0.03760187
    0.04499299
    0.04894872
    0.05900203
