           1           2  0.95281673245901199     
           2           3  0.92609602275504399     
           2           4  0.95861143682750127     
           2           5  0.94249821146097335     
           1           6   1.4110671103435941     
           6           7   1.4440036049472889     
           1           8  0.10459641268314890     
           7           8   1.4328571640454320     
           6           9  0.10933109630517815     
           8           9   1.4478172773524689     
           1          10   1.3860651687414314     
           7          10  0.10798162920712892     
           9          10   1.4091895280849367     
          10          11  0.99293275989935603     
          11          12  0.95318684570311618     
          12          13  0.99405064659553755     
          13          14   1.3868356891485660     
          14          15  0.95116074037879761     
          15          16  0.94851238354142753     
          15          17  0.95572612849421856     
          15          18  0.92947882483235345     
          14          19   1.4141807098219348     
          13          20  0.10897975209066729     
          19          20   1.4430733309379402     
          14          21  0.10518903853575692     
          20          21   1.4331370582123140     
          13          22   1.4092824292502217     
          19          22  0.10903370825346261     
          21          22   1.4485360840462329     
          12          23  0.95356511235650876     
          23          24   1.1798907780738628     
          24          25  0.98196131473668746     
          25          26   1.6055763411119934     
          26          27   1.1347039429282206     
          27          28   1.0848218309330564     
          25          29   1.1662054591544859     
          28          29   1.2739465747531373     
          29          30   1.3307232934032633     
          30          31   1.4971681939754191     
          31          32   1.3824321523259511     
          28          33   1.3523262173336170     
          30          33  0.11546353777027404     
          32          33   1.4841452499130448     
          23          34  0.18655313921724451     
          24          34   1.7078555773322155     
          23          35  0.98557307959375950     
          35          36  0.89749467492477208     
          36          37   1.1416763343987406     
          36          38   1.8027144010255221     
          37          38  0.16917326838374938     
          11          39  0.95409035317420976     
          35          39  0.98886272150487076     
          39          40   1.1924550147834516     
          40          41  0.97195806463463297     
          41          42   1.6055063763879813     
          42          43   1.1335958877659902     
          43          44   1.0855918648976921     
          41          45   1.1668225099460576     
          44          45   1.2743000046818009     
          45          46   1.3320500006735077     
          46          47   1.4968643575430942     
          47          48   1.3828657622031131     
          44          49   1.3525306923716174     
          46          49  0.11555294125023621     
          48          49   1.4838025584049157     
          39          50  0.19219107756024500     
          40          50   1.7059594235328808     
           6          51  0.96560471579749807     
           7          52  0.96866928618793569     
           8          53  0.96860618763686102     
           9          54  0.96006265819120351     
          11          55  0.95221869612125576     
          12          56  0.95103914089240460     
          19          57  0.96506212508034372     
          20          58  0.96859228215822168     
          21          59  0.96890965635680248     
          22          60  0.96658603955351796     
          26          61  0.96258989143010021     
          30          62  0.96627047167514624     
          31          63  0.96940200058939774     
          32          64  0.97022925527589221     
          33          65  0.96597658702498279     
          35          66  0.93372910770335016     
          37          67  0.85736406257972175     
          42          68  0.96298114773492327     
          46          69  0.96709944817417992     
          47          70  0.96931744296411970     
          48          71  0.97035743265250407     
          49          72  0.96603964319207825     
