   -0.03330593
   -0.02888966
   -0.02782802
   -0.03170201
    0.01357576
    0.01693203
   -0.03422999
   -0.02716434
   -0.03434005
    0.00243981
    0.04649236
    0.04336847
   -0.00017182
   -0.03456463
   -0.03046105
   -0.03518160
    0.01634604
    0.01115018
   -0.03187199
   -0.02593537
   -0.02720257
   -0.03364085
   -0.11641371
    0.27285337
   -0.02918364
   -0.04549988
   -0.05943835
    0.09166010
   -0.12587134
    0.07742758
   -0.40313943
    0.08927040
    0.34958355
   -0.36809911
   -0.37057455
   -0.11104262
    0.27296533
   -0.02416566
   -0.04447428
   -0.05706408
    0.09298190
   -0.13280361
    0.04412895
   -0.39866146
    0.03566672
    0.03341935
    0.03129168
    0.02510080
    0.03748587
    0.03934444
    0.04703172
    0.06252069
    0.07890006
    0.02305171
    0.03483186
    0.03820476
    0.03276507
    0.03506003
    0.03581449
    0.03644869
    0.05227943
    0.06967982
    0.06016635
    0.35017263
    0.05328890
    0.06922073
