           1           2   1.5575908726176813     
           2           3   1.3217069960050005     
           1           4  0.11840244441255970     
           3           4   1.5548741330264861     
           4           5   1.2817334162952256     
           1           6   1.2789306447399680     
           5           6   1.2518567760450097     
           6           7   1.2802216991435595     
           7           8   1.5527209621259894     
           8           9   1.3267239421284320     
           5          10   1.2528594288122381     
           7          10  0.11433847563658669     
           9          10   1.5242335567846381     
          10          11  0.98622760216574756     
          11          12  0.95214575500887200     
          12          13  0.98656011519918363     
          13          14   1.5262559517091450     
          14          15   1.3250086803927479     
          13          16  0.11441544556167151     
          15          16   1.5539084929152871     
          16          17   1.2792187939075215     
          13          18   1.2519617776970926     
          17          18   1.2531851824856806     
          18          19   1.2825021850212661     
          19          20   1.5538877776601632     
          20          21   1.3227344363511209     
          17          22   1.2791351423542165     
          19          22  0.11869617849762998     
          21          22   1.5569863892454232     
          12          23  0.95581202519714970     
          23          24   1.1816724909386720     
          24          25   1.0046536800332442     
          25          26   1.5457169377263409     
          26          27   1.2949128584137324     
          27          28   1.5429127860397414     
          28          29   1.0140514221406955     
          25          30   1.1565006701523122     
          28          30   1.1876731834328735     
          23          31  0.18499815212747137     
          24          31   1.6888408412300622     
          23          32  0.98984712125392438     
          32          33  0.90766341036735931     
          33          34   1.1519440930208291     
          33          35   1.7856490887255583     
          34          35  0.18221633308231600     
          11          36  0.94938448436695189     
          32          36  0.98227150575391642     
          36          37   1.2103333488179580     
          37          38  0.96850863132725251     
          38          39   1.5842319490471548     
          39          40   1.2729801648093313     
          38          41  0.10454466837970404     
          40          41   1.5665674162934109     
          41          42   1.0086628153129156     
          38          43   1.1560888837983638     
          41          43   1.1658674398247495     
          36          44  0.19854935380172087     
          37          44   1.6970728286381704     
           1          45  0.96792525112348460     
           2          46  0.97069115704566999     
           3          47  0.97107020429559920     
           4          48  0.96064258372164646     
           7          49  0.96775889936911197     
           8          50  0.97005612623633874     
           9          51  0.96257083783237118     
          11          52  0.94584484294922411     
          12          53  0.94353901630049009     
          14          54  0.96781538659461597     
          15          55  0.97039051735048276     
          16          56  0.96784238319529969     
          19          57  0.96199653777561700     
          20          58  0.97079783671765862     
          21          59  0.97055042646602263     
          22          60  0.96792051819691205     
          26          61  0.96098529043508008     
          27          62  0.96093051777111049     
          32          63  0.94234010228827148     
          34          64  0.85093913521794695     
          39          65  0.96211424205732465     
          40          66  0.96046407001176848     
