   -0.02851456
   -0.02488927
   -0.02724496
   -0.02523009
   -0.03314582
    0.01008239
    0.04646546
    0.04600485
    0.01122167
   -0.03052537
   -0.02668847
   -0.02725354
   -0.02372590
   -0.02762852
   -0.11982385
    0.27188419
   -0.02347927
   -0.01594341
   -0.02748371
    0.08608815
   -0.14716531
   -0.03963045
   -0.03745741
   -0.39683197
    0.08462893
    0.34398603
   -0.36017863
   -0.33783437
   -0.11517797
    0.27217478
   -0.02370973
   -0.01741264
   -0.02630259
    0.08708585
   -0.14664484
   -0.03885939
   -0.03697479
   -0.39923494
    0.03390718
    0.03913313
    0.03821845
    0.03924534
    0.04536519
    0.05535890
    0.06460261
    0.02300846
    0.03708949
    0.03979770
    0.04217573
    0.03961430
    0.06621470
    0.06945109
    0.06067588
    0.04077744
    0.03165775
    0.32632324
    0.06254345
    0.06941568
    0.06063310
    0.04016071
