           1           2   1.4410477313693710     
           2           3   1.4416027266935976     
           1           4  0.11057748475268753     
           3           4   1.4360105546084871     
           2           5  0.11219294985423234     
           4           5   1.4478881485254051     
           1           6   1.4162566553897384     
           3           6  0.10920459934123503     
           5           6   1.4093284280534459     
           6           7  0.98845541758798283     
           7           8  0.95602512602667777     
           8           9  0.98922778748197226     
           9          10   1.4110872544829511     
          10          11   1.4465160116243954     
           9          12  0.10943604162435912     
          11          12   1.4370069092516446     
          10          13  0.11140697793491178     
          12          13   1.4402995582377527     
           9          14   1.4139481637405604     
          11          14  0.11111213396817669     
          13          14   1.4432502891338628     
           8          15  0.94999840766858434     
          15          16   1.1884613790875886     
          16          17  0.96217471752217321     
          17          18   1.4010641444511485     
          18          19   1.4431354435623269     
          19          20   1.4085744996829030     
          20          21  0.99518391307703080     
          18          22  0.10752923988876530     
          20          22   1.4016087179899035     
          17          23   1.3964366450050669     
          19          23  0.10724769636480935     
          22          23   1.4464336569252214     
          15          24  0.18883645144582184     
          16          24   1.7159429185515400     
          15          25  0.98691681667271736     
          25          26  0.89882896994595662     
          26          27   1.1350828219518809     
          26          28   1.8083658216037024     
          27          28  0.16821574716736382     
           7          29  0.94830415082061337     
          25          29  0.99008999652131668     
          29          30   1.2028922163681321     
          30          31  0.95119931069027375     
          31          32   1.3999322389880222     
          32          33   1.4426879345312347     
          33          34   1.4085737303239487     
          34          35  0.99443889828746601     
          32          36  0.10829614381295651     
          34          36   1.4040841717035593     
          31          37   1.4019408881257971     
          33          37  0.10785795167462997     
          36          37   1.4428942425893054     
          29          38  0.19547000370991957     
          30          38   1.7127522097535721     
           1          39  0.96843679825984597     
           2          40  0.97053379282321228     
           3          41  0.97097755998253177     
           4          42  0.97064032731542715     
           5          43  0.96497045255946923     
           7          44  0.95359555099651228     
           8          45  0.95200441816007508     
          10          46  0.96932538528502632     
          11          47  0.97078263061515369     
          12          48  0.97091246381118834     
          13          49  0.97027549092519960     
          14          50  0.96826794232993829     
          18          51  0.96544705997949753     
          19          52  0.96557511186161060     
          22          53  0.96688480889657769     
          23          54  0.96674988871954382     
          25          55  0.94160658129037345     
          27          56  0.86200504138758749     
          32          57  0.96598746885804998     
          33          58  0.96550728920157858     
          36          59  0.96694699426739816     
          37          60  0.96752327879796696     
