   -0.02096217
    0.48631340
   -0.19907479
   -0.20089073
   -0.22737455
   -0.01916151
   -0.02222314
   -0.01843075
   -0.02739887
    0.02367489
    0.05340580
    0.03773203
    0.01065647
   -0.02761793
    0.48566394
   -0.19705038
   -0.21535504
   -0.21333737
   -0.02019242
   -0.02136055
   -0.01776648
   -0.02482874
   -0.11055280
    0.28005566
   -0.02098189
    0.01676943
    0.02687277
   -0.11220100
   -0.11065605
   -0.10408397
   -0.03458131
   -0.02433010
   -0.02692836
   -0.02970425
   -0.42786303
    0.10115609
    0.37192693
   -0.37816604
   -0.38495540
   -0.12776250
    0.27884167
   -0.02542258
   -0.02876327
   -0.02772413
   -0.02526613
   -0.02856229
    0.01917551
    0.02750155
   -0.11098196
   -0.10744835
   -0.10903252
   -0.42117566
    0.06829055
    0.05659573
    0.05433539
    0.06172902
    0.06291599
    0.06873382
    0.07053403
    0.06090430
    0.05991903
    0.05329000
    0.06224158
    0.03556197
    0.04007432
    0.04064534
    0.04078365
    0.03574723
    0.03366651
    0.04280820
    0.02367559
    0.05048167
    0.04176949
    0.04084261
    0.03200744
    0.05738868
    0.34384175
    0.02197256
    0.03755858
    0.03898431
    0.04406494
    0.05210366
    0.02748058
    0.03379085
    0.03740160
    0.04076235
    0.04243414
    0.03892779
    0.03599652
    0.04016109
