           1           2  0.95084314043156515     
           2           3  0.95114469443876082     
           2           4  0.95578478814138723     
           2           5  0.92430283252026391     
           1           6   1.4151069255191189     
           6           7   1.4418796720988887     
           1           8  0.10540580002809369     
           7           8   1.4345423544539522     
           6           9  0.10913806365296201     
           8           9   1.4464797355212295     
           1          10   1.3848316525682658     
           7          10  0.10824412366705806     
           9          10   1.4102891862030613     
          10          11  0.99270880166435493     
          11          12  0.94661098701450475     
          12          13  0.98853014342795265     
          13          14   1.3873596449447441     
          14          15  0.94969052580255464     
          15          16  0.95871977134188979     
          15          17  0.93407913579311319     
          15          18  0.94009821842380947     
          14          19   1.4112318758110474     
          13          20  0.10871858631438192     
          19          20   1.4446976475652331     
          14          21  0.10512197321218086     
          20          21   1.4321861559523454     
          13          22   1.4084009593660338     
          19          22  0.10953580984115292     
          21          22   1.4479682304833807     
          12          23  0.97053518659429971     
          23          24   1.2177537697583130     
          24          25  0.96906195004217899     
          25          26   1.3841153899478273     
          26          27  0.98580584025185647     
          27          28  0.98089382437922568     
          27          29  0.99753679466247980     
          27          30  0.99189118058447578     
          26          31   1.4087202000852586     
          25          32  0.10801165185463256     
          31          32   1.4482433737889187     
          26          33  0.10721537576774945     
          32          33   1.4308984863484322     
          25          34   1.3913260646186707     
          31          34  0.10898672509302217     
          33          34   1.4441535452097085     
          23          35  0.17473074898966520     
          24          35   1.6323648977449285     
          23          36  0.97671623200174229     
          36          37  0.90920662321102563     
          37          38   1.1198580661310904     
          37          39   1.7734993544844189     
          38          39  0.16517163474004581     
          11          40  0.95927185685013772     
          36          40  0.98501151794547392     
          40          41   1.1799766367545561     
          41          42  0.96312986775163634     
          42          43   1.3793601747007704     
          43          44   1.4582482647852832     
          42          45  0.10558486999229511     
          44          45   1.4177485393222644     
          43          46  0.11129727220486144     
          45          46   1.4635859305026084     
          42          47   1.4007691563152216     
          44          47  0.10750221483443263     
          46          47   1.3941153922592457     
          47          48  0.98510115525412389     
          48          49   1.0010893191943677     
          48          50  0.98416274583662133     
          48          51  0.98583761502451717     
          40          52  0.18006478083757105     
          41          52   1.6958945243486121     
           6          53  0.96548455158558255     
           7          54  0.96890923417618058     
           8          55  0.96906780812985405     
           9          56  0.95993339779292608     
          11          57  0.95366100376494600     
          12          58  0.94973933486598716     
          19          59  0.96503813689678486     
          20          60  0.96832621529997009     
          21          61  0.96840927791851805     
          22          62  0.96427461372435408     
          28          63  0.97770741541964923     
          28          64  0.98634623262311605     
          28          65  0.98347160587684579     
          29          66  0.98369369887121472     
          29          67  0.98254837686835828     
          29          68  0.98565281876029243     
          30          69  0.97431642847084832     
          30          70  0.98313163599306919     
          30          71  0.98554238307574360     
          31          72  0.96290007504351927     
          32          73  0.97017816692465308     
          33          74  0.96910288563401747     
          34          75  0.96564472688245440     
          36          76  0.93815806342340324     
          38          77  0.85533191121430818     
          43          78  0.96783675569382266     
          44          79  0.96948319376662795     
          45          80  0.97030805618396199     
          46          81  0.96330087414617038     
          49          82  0.98061311906540349     
          49          83  0.97634277856196561     
          49          84  0.98318219441489640     
          50          85  0.98354038519661446     
          50          86  0.98422034319951490     
          50          87  0.98591295426828940     
          51          88  0.98429726015877972     
          51          89  0.98456374669956592     
          51          90  0.98267423067371273     
