   -0.02262773
    0.48556357
   -0.20438857
   -0.23089653
   -0.19679474
   -0.01803804
   -0.01940696
   -0.01477915
   -0.02703525
    0.02149198
    0.05030549
    0.03983775
    0.00812542
   -0.02992157
    0.48559970
   -0.21636650
   -0.19276277
   -0.21075003
   -0.01922599
   -0.01960964
   -0.01742851
   -0.02776492
   -0.10876762
    0.26999661
   -0.01465472
   -0.02190225
   -0.03401046
    0.08556544
   -0.14079945
   -0.03103265
   -0.02698591
   -0.45228252
    0.07737078
    0.34934400
   -0.35833848
   -0.36321917
   -0.11676896
    0.27752888
   -0.01838907
   -0.03240221
   -0.03400286
    0.08677640
   -0.15087624
   -0.02879087
   -0.01430639
   -0.40219525
    0.06955484
    0.06015350
    0.06109006
    0.07103786
    0.06591634
    0.06610240
    0.07737309
    0.06800062
    0.06381614
    0.05119435
    0.05720312
    0.06643036
    0.07301376
    0.05779669
    0.06530155
    0.36809353
    0.04007731
    0.06183200
    0.06723358
    0.06879484
