           1           2  0.95229102129880139     
           2           3  0.94584741269797601     
           2           4  0.92075513882666082     
           2           5  0.96080565475042745     
           1           6   1.4140215690212341     
           6           7   1.4413039061341699     
           1           8  0.10535137310650859     
           7           8   1.4356367111371025     
           6           9  0.10862152792269524     
           8           9   1.4443794177166271     
           1          10   1.3835086306605446     
           7          10  0.10797637593834752     
           9          10   1.4125936718035534     
          10          11  0.99072877191315201     
          11          12  0.94830598046138215     
          12          13  0.99446270441124140     
          13          14   1.3864559874263997     
          14          15  0.95013131217578661     
          15          16  0.93150401940729488     
          15          17  0.96292649405636899     
          15          18  0.94124701475397710     
          14          19   1.4116316398108542     
          13          20  0.10890476500550392     
          19          20   1.4436753902259587     
          14          21  0.10389623549152555     
          20          21   1.4312613585626102     
          13          22   1.4072330554670420     
          19          22  0.10830643457662645     
          21          22   1.4489472443886748     
          12          23  0.95970531425662053     
          23          24   1.2571766928512089     
          24          25  0.97759023450224258     
          25          26   1.3931076928360677     
          26          27   1.4496827967148855     
          27          28   1.4018865752393883     
          28          29  0.99667622730558447     
          26          30  0.10814688023693123     
          28          30   1.4093966656880532     
          25          31   1.3990824848218804     
          27          31  0.10693982168328391     
          30          31   1.4413918861147781     
          23          32  0.18663932087215016     
          24          32   1.6050831140232611     
          23          33  0.96748822644703225     
          33          34  0.88474584250651822     
          34          35   1.2093525982931257     
          34          36   1.7759073657679347     
          35          36  0.18294055096888776     
          11          37  0.95883803934667811     
          33          37   1.0018554716840129     
          37          38   1.1842956982518691     
          38          39  0.96108585593998119     
          39          40   1.4018236251631830     
          40          41   1.4432532497587218     
          41          42   1.4069251711765043     
          42          43  0.98999805987045553     
          40          44  0.10765818373503203     
          42          44   1.4091422749905012     
          39          45   1.4016975232097624     
          41          45  0.10886521847130258     
          44          45   1.4431682094296185     
          37          46  0.18824720658297489     
          38          46   1.7134482015156287     
           6          47  0.96531464454110516     
           7          48  0.96841766102462057     
           8          49  0.96835422718073749     
           9          50  0.95914465849200570     
          11          51  0.95275996892953541     
          12          52  0.95189021596705681     
          19          53  0.96393691321266095     
          20          54  0.96742912261961878     
          21          55  0.96785657821198345     
          22          56  0.96639312649440112     
          26          57  0.96648194496379447     
          27          58  0.96600878661403877     
          30          59  0.96493096988809768     
          31          60  0.96631907973926334     
          33          61  0.93635976496867090     
          35          62  0.77558995181739498     
          40          63  0.96685725673560940     
          41          64  0.96681961056870536     
          44          65  0.96591529831011957     
          45          66  0.96484711431002501     
