   -0.03448069
   -0.02629523
   -0.02560460
   -0.02321141
   -0.02834373
    0.00297694
    0.04142136
    0.03221749
   -0.00818258
   -0.04115923
   -0.02929697
   -0.02853872
   -0.02775713
   -0.03942890
   -0.09703380
    0.27483994
    0.00830729
   -0.00879544
   -0.01118421
    0.48772867
   -0.19956033
   -0.19595404
   -0.19472762
   -0.01592481
   -0.01121697
    0.48856663
   -0.20495558
   -0.19201088
   -0.19592431
   -0.01587913
   -0.40030623
    0.09136377
    0.36636308
   -0.36624100
   -0.38821988
   -0.10619334
    0.27233528
   -0.00252404
   -0.01136020
   -0.00813529
    0.48901802
   -0.20713213
   -0.19844256
   -0.19131283
   -0.01022032
   -0.00377092
    0.48875704
   -0.19156571
   -0.20182808
   -0.19915497
   -0.01325534
   -0.39455768
    0.02603542
    0.04286047
    0.04438009
    0.04568588
    0.04200243
    0.07637581
    0.05648849
    0.03751083
    0.04775560
    0.05253383
    0.05114080
    0.04838168
    0.09098252
    0.09358596
    0.07698057
    0.06749873
    0.35229796
    0.08104630
    0.09724002
    0.07500793
