           1           2   1.4469593270280234     
           2           3   1.4364205996907475     
           1           4  0.11171006406514251     
           3           4   1.4414069104592824     
           2           5  0.11098039972976478     
           4           5   1.4416916177185704     
           1           6   1.4109982425597949     
           3           6  0.10952238198374534     
           5           6   1.4157635197346545     
           6           7  0.98519920735554423     
           7           8  0.95383311061210707     
           8           9  0.98882048863855343     
           9          10   1.4153991456202617     
          10          11   1.4402366949795333     
           9          12  0.10909215993038113     
          11          12   1.4414094103186073     
          10          13  0.10887592393874264     
          12          13   1.4336382253746729     
           9          14   1.4051671546081399     
          11          14  0.11107390608307935     
          13          14   1.4493189976666707     
           8          15  0.95516465416600183     
          15          16   1.2446379789211872     
          16          17  0.95930179731598564     
          17          18   1.3966044743616879     
          18          19   1.4291019894729999     
          19          20  0.94842928882534205     
          20          21  0.94830402689222604     
          20          22  0.95680538929346315     
          20          23  0.95070667735457781     
          17          24  0.10898496311670228     
          19          24   1.4058448493062865     
          18          25  0.10465595106108400     
          24          25   1.4248836540674923     
          25          26  0.94891526220128464     
          26          27  0.93971567471319351     
          26          28  0.96205271802730230     
          26          29  0.95240712043064490     
          17          30   1.4145806283041729     
          19          30  0.10452673654184504     
          25          30   1.4102260977745424     
          15          31  0.19788720427420309     
          16          31   1.6632797502592127     
          15          32  0.97587042786777189     
          32          33  0.90594753434895547     
          33          34   1.1451414031272142     
          33          35   1.7702415737843089     
          34          35  0.17242568288401705     
           7          36  0.95209527246800052     
          32          36  0.98720459634557345     
          36          37   1.2159055032808421     
          37          38  0.95155099370862128     
          38          39   1.4115952138875980     
          39          40   1.4147917392993470     
          40          41  0.94960608776230671     
          41          42  0.93964256970766935     
          41          43  0.94868989180692953     
          41          44  0.96336191998739917     
          38          45  0.10877745222235012     
          40          45   1.4200891331138894     
          39          46  0.10633559517700493     
          45          46   1.4126183519064006     
          46          47  0.94906959345440289     
          47          48  0.96133250861485209     
          47          49  0.94199641065390449     
          47          50  0.95099251445532496     
          38          51   1.4051289679153309     
          40          51  0.10599071430487081     
          46          51   1.4227495129549834     
          36          52  0.20116108725195697     
          37          52   1.7064248635312140     
           1          53  0.96848320560175061     
           2          54  0.97032741017588475     
           3          55  0.97049772754060282     
           4          56  0.96993110344374145     
           5          57  0.96786367948512297     
           7          58  0.95209368284814577     
           8          59  0.95361092604485886     
          10          60  0.96777243940102897     
          11          61  0.96965271488161198     
          12          62  0.96965539728481787     
          13          63  0.96945562308944999     
          14          64  0.96607034649476387     
          18          65  0.96094222508076999     
          24          66  0.96075343014819370     
          30          67  0.96375836395564995     
          32          68  0.94025075417078752     
          34          69  0.85082591325752732     
          39          70  0.96359955026439748     
          45          71  0.95970648993737595     
          51          72  0.96391591597767456     
