   -0.02392854
    0.48548966
   -0.19963689
   -0.22518525
   -0.20558457
   -0.01870709
   -0.01998324
   -0.01545639
   -0.02445082
    0.02601944
    0.04801255
    0.04753401
    0.02768778
   -0.02333380
    0.48571231
   -0.22435224
   -0.19976438
   -0.20570584
   -0.01798875
   -0.01954139
   -0.01508136
   -0.02117448
   -0.11799651
    0.27425698
   -0.03122212
    0.01653851
   -0.10876533
   -0.03640523
   -0.02545115
   -0.02475512
   -0.02142116
   -0.41165430
    0.08754946
    0.34955729
   -0.35610302
   -0.38346467
   -0.11919875
    0.27364911
   -0.03259837
   -0.02796649
   -0.02912028
   -0.02320901
   -0.03293504
    0.01851479
   -0.10950181
   -0.41243047
    0.06792128
    0.05793915
    0.05465913
    0.05947363
    0.06238138
    0.06571545
    0.06849343
    0.05882858
    0.05639792
    0.04958688
    0.05265896
    0.05061372
    0.03733971
    0.03913269
    0.04127476
    0.04315901
    0.03362634
    0.07176409
    0.34476235
    0.03425403
    0.03986116
    0.04288676
    0.04353279
    0.04054760
    0.04649931
    0.06024186
