           1           2  0.95229780671933284     
           2           3  0.95746435563232213     
           2           4  0.92654306998004310     
           2           5  0.94457584593453214     
           1           6   1.4115104740277540     
           6           7   1.4444520884336398     
           1           8  0.10447848330206191     
           7           8   1.4317484470972777     
           6           9  0.10929645159138236     
           8           9   1.4497875990387885     
           1          10   1.3861324167309292     
           7          10  0.10826954120787749     
           9          10   1.4072931744551591     
          10          11  0.99539789064490547     
          11          12  0.95012926396228714     
          12          13  0.99640003535288912     
          13          14   1.3864982549022458     
          14          15  0.95239366052700081     
          15          16  0.92724118040095216     
          15          17  0.95728347474101139     
          15          18  0.94454073686016904     
          14          19   1.4111078602050506     
          13          20  0.10843761431819775     
          19          20   1.4451294118094351     
          14          21  0.10408089034977826     
          20          21   1.4303917889440367     
          13          22   1.4054605442974970     
          19          22  0.10913882576714040     
          21          22   1.4513440683043382     
          12          23  0.95479997722067900     
          23          24   1.1870069076882230     
          24          25  0.95718796357876190     
          25          26   1.3761286947831699     
          26          27   1.0243615480026982     
          26          28   1.4162326816165083     
          25          29  0.10898449133465807     
          28          29   1.4421502076606696     
          26          30  0.10817174147931916     
          29          30   1.4378485921904469     
          25          31   1.4121419265565318     
          28          31  0.10930153296508861     
          30          31   1.4384683435989500     
          23          32  0.18630388755629868     
          24          32   1.7091284977230705     
          23          33  0.98630344485835197     
          33          34  0.90642418713654727     
          34          35   1.1533082027408066     
          34          36   1.7837857360432687     
          35          36  0.18188372224540755     
          11          37  0.95518737062364123     
          33          37  0.98679573142354848     
          37          38   1.1908135476813708     
          38          39  0.95576896691677382     
          39          40   1.3948770141592786     
          40          41   1.4486794699326944     
          39          42  0.10572163926708306     
          41          42   1.4279453315490636     
          40          43  0.11045291662908344     
          42          43   1.4523371321109999     
          39          44   1.3863814495333033     
          41          44  0.10742208867479949     
          43          44   1.4070708730273549     
          44          45   1.0245802366849703     
          37          46  0.18972875198225159     
          38          46   1.7069666763030966     
           6          47  0.96552847627576943     
           7          48  0.96875008525756112     
           8          49  0.96905992170202726     
           9          50  0.96124320776597516     
          11          51  0.95165531679351434     
          12          52  0.95161434010609858     
          19          53  0.96547573874321668     
          20          54  0.96868778960661850     
          21          55  0.96887092551604215     
          22          56  0.96447546598396838     
          27          57  0.97442417245878798     
          27          58  0.98339673479054146     
          27          59  0.96637028309217710     
          28          60  0.96759973050060055     
          29          61  0.97048658946328925     
          30          62  0.96955628099047009     
          31          63  0.96990255830715044     
          33          64  0.93873722396116843     
          35          65  0.85474442078536650     
          40          66  0.96961618514342618     
          41          67  0.96972977442333608     
          42          68  0.97031754142560933     
          43          69  0.96834841128204086     
          45          70  0.98325166926312535     
          45          71  0.96996215977119327     
          45          72  0.97010052713866313     
