    0.14673464
   -0.28073480
    0.04704058
   -0.06330027
   -0.03128226
   -0.03935622
   -0.02347217
    0.00258690
    0.04969406
    0.04285792
   -0.01700017
   -0.03323676
   -0.04121208
   -0.03227637
   -0.06598506
    0.13897056
   -0.27187442
    0.03619632
   -0.11058145
    0.27527798
   -0.02255480
   -0.03463154
    0.01218934
   -0.10978000
    0.00943569
   -0.10828108
   -0.04035516
   -0.03879107
   -0.41615456
    0.08318485
    0.35262713
   -0.37090827
   -0.37625665
   -0.10703694
    0.27654064
   -0.02341293
   -0.03973291
   -0.04028593
    0.01048919
   -0.10675326
    0.01124321
   -0.10659219
   -0.03167267
   -0.41962707
    0.04168092
    0.03516244
    0.05805383
    0.03680409
    0.03535788
    0.03566137
    0.04202389
    0.06052022
    0.08982414
    0.03358492
    0.03464093
    0.03754733
    0.03951813
    0.04261215
    0.06484328
    0.04382127
    0.03912017
    0.04999757
    0.04754261
    0.04434409
    0.04735291
    0.04085979
    0.04888969
    0.03253501
    0.03120535
    0.07898427
    0.34170469
    0.02638821
    0.03332403
    0.04163869
    0.04456176
    0.04886536
    0.04313156
    0.04924602
    0.04472972
    0.04199178
