           1           2   1.0510634825860432     
           2           3  0.98503818649632446     
           1           4   1.3882846135908227     
           4           5   1.4305374020854220     
           5           6   1.4455148443962293     
           4           7  0.10139799530559855     
           6           7   1.4244544365038740     
           1           8   1.3230300161005237     
           5           8  0.10697488115826993     
           7           8   1.4360590810388993     
           8           9  0.99949159167872947     
           9          10  0.94152308310431776     
          10          11  0.99354015042205690     
          11          12   1.4466997745788031     
          12          13   1.4157098498181167     
          11          14  0.10621866711597039     
          13          14   1.4507986677584399     
          12          15  0.10012572870404345     
          14          15   1.4278217563092239     
          11          16   1.3133273147064717     
          15          16   1.3869967821996525     
          16          17   1.0635933392042562     
          17          18  0.98250202584576929     
          10          19  0.96677723880212740     
          19          20   1.1983183125623400     
          20          21  0.95666258748347677     
          21          22   1.4081443156892528     
          22          23   1.4205011556734728     
          23          24   1.0288169314367051     
          21          25  0.10455091398605142     
          23          25   1.3734859395389658     
          25          26   1.0293025771602171     
          22          27  0.10435929662452040     
          25          27   1.4184441205621066     
          21          28   1.3978280162120016     
          23          28  0.10576535035881444     
          27          28   1.4396192249723210     
          19          29  0.18717356133582494     
          20          29   1.7044795186070651     
          19          30  0.97854458625324603     
          30          31  0.91282676983610389     
          31          32   1.1410068513619203     
          31          33   1.7931406149283315     
          32          33  0.18042435437916923     
           9          34  0.95277275632356673     
          30          34  0.99591829500873053     
          34          35   1.2051440494808445     
          35          36  0.96234673747699961     
          36          37   1.3988459843628731     
          37          38   1.4420834801673508     
          36          39  0.10353305058739677     
          38          39   1.4173442679589929     
          39          40   1.0292262635120792     
          37          41  0.10460078260258833     
          39          41   1.3720747231674497     
          41          42   1.0282067997503845     
          36          43   1.4012721938299135     
          38          43  0.10404507702254200     
          41          43   1.4235845063901713     
          34          44  0.18874400420434090     
          35          44   1.6933272666027759     
           3          45  0.97648787447083374     
           3          46  0.97637775208935207     
           3          47  0.97673931018055626     
           4          48  0.96562062214877553     
           5          49  0.97120000800460471     
           6          50  0.97080150256802966     
           7          51  0.96720276500910318     
           9          52  0.95567251527493502     
          10          53  0.94138619766176301     
          12          54  0.96497443278261952     
          13          55  0.97101955266114948     
          14          56  0.97101280755726127     
          15          57  0.96553420617014329     
          18          58  0.97629583864520375     
          18          59  0.97834349105387541     
          18          60  0.97628237956795005     
          22          61  0.96707106244322238     
          24          62  0.96939862702354274     
          24          63  0.96946182003047809     
          24          64  0.98512103651019389     
          26          65  0.96979763503577310     
          26          66  0.98520276610629265     
          26          67  0.96946766772596726     
          27          68  0.96623591114662088     
          28          69  0.96581969897325604     
          30          70  0.92479849066678999     
          32          71  0.85727165277907247     
          37          72  0.96924719399053283     
          38          73  0.96774950994249087     
          40          74  0.98528466525412828     
          40          75  0.97052511569725652     
          40          76  0.96829922980166960     
          42          77  0.98517601794733467     
          42          78  0.97003457464628029     
          42          79  0.96905573001586565     
          43          80  0.96603116548263268     
