   -0.03502778
   -0.03333410
    0.01365796
   -0.03442872
   -0.03053669
   -0.03011614
   -0.03373951
    0.01672827
   -0.03599430
    0.01228681
    0.04805365
    0.03801760
   -0.00021955
   -0.04057809
    0.01488601
   -0.03343064
   -0.02842479
   -0.02880260
   -0.03351047
    0.01285762
   -0.03422050
   -0.03546387
   -0.10481858
    0.27598773
   -0.03572071
    0.14500285
   -0.27192406
    0.03926396
   -0.06581683
   -0.02920881
   -0.03942785
   -0.02179463
   -0.43491949
    0.09199479
    0.35810464
   -0.35180595
   -0.39315241
   -0.10787718
    0.27921267
   -0.04388850
   -0.02305008
   -0.04131844
   -0.03056999
   -0.06376260
    0.14559661
   -0.27465322
    0.03716975
   -0.41725000
    0.05159900
    0.03535147
    0.03126841
    0.02947253
    0.02974412
    0.03183815
    0.03258285
    0.05293731
    0.06332362
    0.03742901
    0.03538791
    0.03471873
    0.03412088
    0.03422180
    0.03834917
    0.02980519
    0.04362194
    0.03885108
    0.07115845
    0.04146707
    0.04040685
    0.04045551
    0.04789307
    0.08953650
    0.34166635
    0.05064079
    0.04150611
    0.04010392
    0.04376335
    0.06453003
    0.04486071
    0.04735436
