           1           2   1.5677690197923575     
           2           3   1.2738781376605541     
           3           4   1.2832277751470667     
           4           5   1.5547469364981488     
           5           6   1.3219795009597513     
           4           7  0.11780399225248360     
           6           7   1.5563437442112609     
           3           8   1.2515549816723979     
           7           8   1.2800549308765152     
           2           9  0.11322224599648041     
           8           9   1.2795246303900361     
           1          10   1.2896361433187395     
           9          10   1.5297686023281671     
          10          11  0.99032641179138314     
          11          12  0.94956117523939587     
          12          13  0.99288481967301911     
          13          14   1.5184635527977446     
          14          15   1.2867726763417355     
          15          16   1.2772008727019377     
          16          17   1.5587891709036856     
          17          18   1.3197563239682433     
          16          19  0.11798801737731918     
          18          19   1.5567183748516213     
          15          20   1.2482131545009090     
          19          20   1.2815066100448005     
          14          21  0.11505310400724370     
          20          21   1.2782445698197586     
          13          22   1.2976292165634182     
          21          22   1.5598037140414871     
          12          23  0.96230986857140621     
          23          24   1.2155270942544287     
          24          25  0.96748712663515535     
          25          26   1.3147570447583607     
          26          27   1.0654281151992115     
          27          28  0.98029128075943106     
          26          29   1.3777472284145920     
          25          30  0.10636240026957469     
          29          30   1.4360385945091763     
          30          31   1.4410504906658392     
          25          32   1.4281197847535387     
          29          32  0.10266655213453885     
          31          32   1.4273745684040711     
          23          33  0.18966919419988987     
          24          33   1.6756503427957634     
          23          34  0.97646490078235060     
          34          35  0.90884574966916176     
          35          36   1.1682837005204261     
          35          37   1.7661843847377852     
          36          37  0.18313608795487152     
          11          38  0.95600414586562477     
          34          38  0.98833251664423394     
          38          39   1.2102081818902934     
          39          40  0.95837694352207092     
          40          41   1.4258799481593227     
          41          42   1.4261322523676074     
          40          43  0.10618243411405121     
          42          43   1.4423012647540410     
          41          44  0.10339703562961962     
          43          44   1.4363182753264985     
          40          45   1.3203843848037093     
          44          45   1.3784879814141753     
          45          46   1.0621496182840544     
          46          47  0.97952161294418116     
          38          48  0.19219943122660663     
          39          48   1.6944057787506543     
           1          49  0.96218182586500922     
           2          50  0.96794226991857535     
           4          51  0.96848497871727446     
           5          52  0.97119503327144419     
           6          53  0.97113742573313266     
           7          54  0.96842113277870934     
           9          55  0.96560623030573556     
          11          56  0.95367234406869317     
          12          57  0.94744254568079522     
          14          58  0.96530092390646516     
          16          59  0.96816080773305835     
          17          60  0.97083307002719954     
          18          61  0.97091114294288472     
          19          62  0.96826650523572932     
          21          63  0.96763393150780153     
          22          64  0.96781900784572561     
          28          65  0.97688611091303479     
          28          66  0.97646854182925480     
          28          67  0.97843742280864943     
          29          68  0.96504523043324131     
          30          69  0.97077142267503069     
          31          70  0.97008236162126704     
          32          71  0.96843760732334738     
          34          72  0.93887837276752562     
          36          73  0.85625394416268796     
          41          74  0.96827079681993411     
          42          75  0.96983831940561027     
          43          76  0.97078147972201245     
          44          77  0.96482841456468349     
          47          78  0.97939175087188479     
          47          79  0.97673358486047612     
          47          80  0.97642737416077496     
