   -0.03179290
   -0.02677067
   -0.02749459
   -0.02587740
   -0.03298319
   -0.00233868
    0.03540999
    0.03698954
   -0.00089667
   -0.03129831
   -0.02712002
   -0.02903533
   -0.02723205
   -0.03377067
   -0.11772375
    0.27655830
   -0.01965648
    0.01802746
    0.02740620
   -0.10841175
   -0.10669205
   -0.11278139
   -0.03853571
   -0.03064979
   -0.03396233
   -0.03153332
   -0.43539909
    0.10710372
    0.37914540
   -0.36782827
   -0.37078978
   -0.11150458
    0.27984109
   -0.01951010
   -0.03240426
   -0.03368046
   -0.03120361
   -0.03811446
    0.01588214
    0.02672352
   -0.10619257
   -0.11006469
   -0.10872134
   -0.42930853
    0.03559483
    0.04130967
    0.04012438
    0.03839860
    0.03182442
    0.05819587
    0.05303307
    0.05065276
    0.03934977
    0.03721916
    0.03634283
    0.02941814
    0.03178015
    0.03952026
    0.03699957
    0.04330117
    0.02855908
    0.03826877
    0.06963943
    0.03703457
    0.03089721
    0.04645665
    0.03365641
    0.03278157
    0.02493913
    0.05977305
    0.34147619
    0.03114910
    0.03400396
    0.03422879
    0.04649266
    0.04161921
    0.04041115
    0.02611731
    0.06247202
    0.03249367
    0.04118884
    0.03813179
    0.03305069
    0.04028553
