           1           2   1.4443647330105669     
           2           3   1.4380560965167219     
           1           4  0.11140577113441376     
           3           4   1.4388946745284303     
           2           5  0.11143680594367997     
           4           5   1.4438098742693424     
           1           6   1.4121441259600758     
           3           6  0.11014463763954342     
           5           6   1.4108708547627893     
           6           7  0.98437009991770785     
           7           8  0.95864283334763045     
           8           9  0.98556151704460249     
           9          10   1.4096964035222102     
          10          11   1.4453598445727578     
           9          12  0.10948893648623664     
          11          12   1.4351759807701616     
          10          13  0.11240042047733934     
          12          13   1.4406391352728551     
           9          14   1.4158421781568171     
          11          14  0.11070459323051478     
          13          14   1.4410262110181244     
           8          15  0.96210966382652541     
          15          16   1.2133122282595330     
          16          17  0.96264255971135959     
          17          18   1.3819170881496303     
          18          19  0.98704235520377348     
          19          20  0.99747011972677413     
          19          21  0.99140825383476694     
          19          22  0.97961304392012416     
          18          23   1.4085766842982725     
          17          24  0.10822465044825615     
          23          24   1.4477758418552269     
          18          25  0.10698806046775786     
          24          25   1.4301906032915399     
          17          26   1.3993732687339919     
          23          26  0.10780433179353033     
          25          26   1.4443739429365272     
          15          27  0.18576269198067927     
          16          27   1.6621221550673364     
          15          28  0.97286935257453067     
          28          29  0.91275743748670857     
          29          30   1.1325880158939234     
          29          31   1.7893785564857325     
          30          31  0.17196254681966208     
           7          32  0.96071421537184165     
          28          32  0.97887314870035513     
          32          33   1.2171506826840977     
          33          34  0.95842390391811094     
          34          35   1.4040921270706932     
          35          36   1.4406686665198305     
          34          37  0.10857986167249979     
          36          37   1.4327759974407901     
          35          38  0.10848555526588607     
          37          38   1.4471397174020917     
          34          39   1.3809858841290306     
          36          39  0.10818872968208496     
          38          39   1.4082247266125023     
          39          40  0.98674573020375334     
          40          41  0.99188758412377886     
          40          42  0.97939867853931162     
          40          43  0.99753321499043313     
          32          44  0.18475381577663907     
          33          44   1.6613148857117723     
           1          45  0.96541385664077140     
           2          46  0.97046046742232339     
           3          47  0.97079813885432120     
           4          48  0.97045233285524068     
           5          49  0.96782709397398481     
           7          50  0.95168986858289983     
           8          51  0.95089753410582256     
          10          52  0.96287950445337933     
          11          53  0.97057941020585448     
          12          54  0.97102274017791745     
          13          55  0.97069268300577050     
          14          56  0.96809620518551576     
          20          57  0.98538953179645028     
          20          58  0.98379649487054421     
          20          59  0.98304791537338643     
          21          60  0.97258249309092604     
          21          61  0.98334187725721578     
          21          62  0.98367481911935406     
          22          63  0.97421088547027046     
          22          64  0.98344191592622021     
          22          65  0.98669199151674036     
          23          66  0.96295604408947932     
          24          67  0.97075726834808340     
          25          68  0.96998822530327655     
          26          69  0.96577193102273695     
          28          70  0.93957304952370047     
          30          71  0.85855211259369357     
          35          72  0.96526778927006129     
          36          73  0.97001220275508993     
          37          74  0.97072722886481722     
          38          75  0.96271669781392910     
          41          76  0.98279050173847060     
          41          77  0.97612657966577210     
          41          78  0.98377156486054051     
          42          79  0.97875155914914791     
          42          80  0.98659451395580344     
          42          81  0.98311446665266389     
          43          82  0.98234932820420917     
          43          83  0.98587621679067083     
          43          84  0.98346279376128853     
