   -0.02990523
   -0.03239474
    0.01476947
   -0.03363187
   -0.02953925
   -0.02904299
   -0.03285366
    0.01810145
   -0.03459187
    0.00969025
    0.04056976
    0.03628664
   -0.00289218
   -0.04670055
    0.01200162
   -0.03435006
   -0.02977463
   -0.02982920
   -0.03565512
    0.01079502
   -0.03480380
   -0.03568032
   -0.10777838
    0.27016444
    0.07102978
   -0.07793991
   -0.02741939
   -0.10616695
    0.10752703
   -0.11671430
   -0.17443803
   -0.40995200
    0.08262310
    0.35167640
   -0.36343593
   -0.38158234
   -0.12013678
    0.26814234
    0.06783346
   -0.07573547
   -0.02702302
   -0.10654844
    0.11115203
   -0.11706302
   -0.17258502
   -0.40925160
    0.02044606
    0.03484243
    0.03203077
    0.03086484
    0.03155690
    0.03455709
    0.03817667
    0.06857342
    0.07818908
    0.04121433
    0.03908843
    0.03291579
    0.03162085
    0.03297877
    0.03885141
    0.05967352
    0.03038184
    0.04555964
    0.04871593
    0.04628767
    0.05988055
    0.06799434
    0.05821249
    0.07936973
    0.34360879
    0.03887706
    0.04847598
    0.04432152
    0.04723197
    0.06109004
    0.05825516
    0.06921017
