           1           2   1.5651646691148760     
           2           3   1.2757023652315700     
           3           4   1.2821179691639899     
           4           5   1.5559069544877711     
           5           6   1.3210331430468769     
           4           7  0.11809223885543929     
           6           7   1.5576231153626279     
           3           8   1.2511420587008695     
           7           8   1.2788075285316094     
           2           9  0.11416420420874890     
           8           9   1.2816326347321594     
           1          10   1.2935218822123271     
           9          10   1.5271794503358882     
          10          11  0.98689808137551016     
          11          12  0.96493028577440987     
          12          13  0.98240587913963673     
          13          14   1.5298603363188350     
          14          15   1.2756477697814268     
          15          16   1.2804684616629005     
          16          17   1.5560707251414412     
          17          18   1.3221259685401396     
          16          19  0.11816974239340998     
          18          19   1.5552901143827751     
          15          20   1.2533404107621005     
          19          20   1.2821278342344600     
          14          21  0.11261087321079549     
          20          21   1.2735849938358954     
          13          22   1.2886980217100563     
          21          22   1.5682727637245839     
          12          23  0.94814553285342407     
          23          24   1.2030396252210942     
          24          25  0.98096070758305176     
          25          26   1.5335683354881837     
          26          27   1.2881124504948551     
          27          28   1.0304963245014942     
          25          29  0.13652239849920367     
          27          29   1.5218604936615052     
          29          30   1.0293583678030183     
          25          31   1.1177246543610149     
          29          31   1.1261480551378638     
          23          32  0.19168821408132386     
          24          32   1.6808097903747528     
          23          33  0.99186944472555849     
          33          34  0.90771484601473085     
          34          35   1.1532438915036951     
          34          36   1.7784526510256247     
          35          36  0.18087223111859310     
          11          37  0.95295168109061623     
          33          37  0.99405094973700814     
          37          38   1.1769845110482986     
          38          39   1.0102618094730313     
          39          40   1.5157094909903852     
          40          41   1.3016252602429210     
          41          42   1.0301675389614249     
          39          43  0.13274966785262998     
          41          43   1.5078134057053898     
          43          44   1.0299469828398635     
          39          45   1.1071226566959436     
          43          45   1.1383455027653604     
          37          46  0.18467566712614825     
          38          46   1.6785262347663916     
           1          47  0.96801675650572516     
           2          48  0.96804005871176713     
           4          49  0.96844988740668425     
           5          50  0.97112109392488688     
           6          51  0.97102222032438279     
           7          52  0.96824144178680249     
           9          53  0.96517944704788672     
          11          54  0.95155993286317675     
          12          55  0.95267243831596038     
          14          56  0.96097273649197501     
          16          57  0.96779486997239272     
          17          58  0.97093722529735671     
          18          59  0.97103455748017298     
          19          60  0.96840653832912715     
          21          61  0.96743461606259418     
          22          62  0.96437333786208135     
          26          63  0.96994512970415903     
          28          64  0.97041225438585599     
          28          65  0.98412649798727447     
          28          66  0.97820969734874486     
          30          67  0.96977537006994519     
          30          68  0.98181640514132928     
          30          69  0.96844443367682076     
          33          70  0.91775068395539683     
          35          71  0.85577993288704290     
          40          72  0.97003199110342797     
          42          73  0.98542885541511827     
          42          74  0.97210746073602938     
          42          75  0.97585303750355401     
          44          76  0.96756377415506800     
          44          77  0.96957515852850507     
          44          78  0.98184133056952594     
