   -0.03457800
   -0.03066640
   -0.02655725
   -0.03100802
    0.00823873
    0.01439628
   -0.03524178
   -0.02917345
   -0.03366049
   -0.00645162
    0.03620369
    0.04340821
   -0.00143532
   -0.03099772
   -0.02927642
   -0.03625250
    0.01526328
    0.00745828
   -0.03589899
   -0.02785057
   -0.02885351
   -0.03410585
   -0.11579685
    0.27375617
   -0.01509154
   -0.04301897
   -0.02777179
   -0.06431087
    0.15225217
   -0.25960502
    0.03574134
   -0.04142515
   -0.41637366
    0.09092044
    0.35557248
   -0.35775057
   -0.38541697
   -0.10812456
    0.27218110
   -0.01101700
   -0.05414750
    0.14663943
   -0.26692453
    0.03627741
   -0.06553060
   -0.02839039
   -0.03474335
   -0.43188754
    0.03579843
    0.03149236
    0.03575376
    0.03199838
    0.03891660
    0.03994937
    0.03551957
    0.05644277
    0.07582097
    0.03051892
    0.03692016
    0.03671345
    0.02945474
    0.03047761
    0.03323612
    0.03527386
    0.03172349
    0.04143091
    0.04047591
    0.06370502
    0.04343066
    0.04098826
    0.05689675
    0.09458237
    0.34145452
    0.04974513
    0.06382613
    0.04276933
    0.04155418
    0.03916897
    0.04120972
    0.04377734
