           1           2   1.5580263615967715     
           2           3   1.3203968969958690     
           1           4  0.11852377032579300     
           3           4   1.5545971433184798     
           4           5   1.2811681485150750     
           1           6   1.2771811875674270     
           5           6   1.2527114215331130     
           6           7   1.2808240042932317     
           7           8   1.5479581301682102     
           8           9   1.3320332615938102     
           5          10   1.2523451836701200     
           7          10  0.11515797474336735     
           9          10   1.5171697605069896     
          10          11  0.99111016542438746     
          11          12  0.94692533024400083     
          12          13  0.98614712528060644     
          13          14   1.5327094758409636     
          14          15   1.3194747951562318     
          13          16  0.11438176826481794     
          15          16   1.5586871259008834     
          16          17   1.2756542849690542     
          13          18   1.2471711851364644     
          17          18   1.2551258016584417     
          18          19   1.2856205781250007     
          19          20   1.5512803923433616     
          20          21   1.3248499205432216     
          17          22   1.2810374256981665     
          19          22  0.11846850016925621     
          21          22   1.5549032592869880     
          12          23  0.96710821919381040     
          23          24   1.1933264496378035     
          24          25  0.96128402875525765     
          25          26   1.3790252613362814     
          26          27   1.4486777945828675     
          27          28   1.4350406659228760     
          28          29   1.3739367063163346     
          29          30   1.0725928718318927     
          30          31  0.98436151412434236     
          25          32   1.4415655713890243     
          27          32  0.10756233264988800     
          29          32   1.3440178375000058     
          23          33  0.18800949837625106     
          24          33   1.7023368158801835     
          23          34  0.98511789038274467     
          34          35  0.90719226274423415     
          35          36   1.1556622753119350     
          35          37   1.7829013558781983     
          36          37  0.18281932350773678     
          11          38  0.96130817303002025     
          34          38  0.98861541879643511     
          38          39   1.2111223234622470     
          39          40  0.96599951609245338     
          40          41   1.4322690576265957     
          41          42   1.3491123411321013     
          42          43   1.0662547825356012     
          43          44  0.98362402901198753     
          40          45  0.10015942777207548     
          42          45   1.3743928892234545     
          41          46  0.10694108512362188     
          45          46   1.4320529307300431     
          40          47   1.3809597363429380     
          46          47   1.4521535511018915     
          38          48  0.19022659920790524     
          39          48   1.6823841441800034     
           1          49  0.96793070626467881     
           2          50  0.97055653659151708     
           3          51  0.97061480836148673     
           4          52  0.95960303826459259     
           7          53  0.96775371262043441     
           8          54  0.96994530467587237     
           9          55  0.96797891743297204     
          11          56  0.94738450904742311     
          12          57  0.94452399904273454     
          14          58  0.96364041074717566     
          15          59  0.97027877992823897     
          16          60  0.96785970486055539     
          19          61  0.96224442889640271     
          20          62  0.97104954061548532     
          21          63  0.97072151030896059     
          22          64  0.96803899191396048     
          26          65  0.96946487823721550     
          27          66  0.96995612580156731     
          28          67  0.96617692527258081     
          31          68  0.97957738815812090     
          31          69  0.97655339241768757     
          31          70  0.97638647802154788     
          32          71  0.96641451366838871     
          34          72  0.93161525570477710     
          36          73  0.85733422488246480     
          41          74  0.96623099716547156     
          44          75  0.97954853237618966     
          44          76  0.97653735633576133     
          44          77  0.97495502207742080     
          45          78  0.96617983612338088     
          46          79  0.96989587907765007     
          47          80  0.96948252282408032     
