   -0.02606452
    0.48445606
   -0.19803703
   -0.20106703
   -0.22623313
   -0.02114632
   -0.02161924
   -0.01660492
   -0.03312035
    0.02039624
    0.04309759
    0.04627349
    0.02274035
   -0.02621756
    0.48678915
   -0.19782074
   -0.22027105
   -0.21889776
   -0.01884386
   -0.01792686
   -0.01207566
   -0.02078366
   -0.11444080
    0.27337653
    0.09670648
   -0.06123171
   -0.04076645
    0.11647313
    0.54612361
   -0.37770706
   -0.35270967
   -0.11780603
   -0.37311304
    0.06654004
    0.34952342
   -0.35920726
   -0.35192861
   -0.08376075
    0.26411198
    0.10895579
   -0.03587849
   -0.03134538
    0.11316552
    0.54407587
   -0.40567271
   -0.34273362
   -0.16977929
   -0.39381856
    0.06993067
    0.06055351
    0.06243676
    0.07960804
    0.08103592
    0.07778483
    0.07122932
    0.06468282
    0.06476751
    0.05682866
    0.07510535
    0.10039660
    0.07579780
    0.36063506
    0.10250084
    0.10253018
