           1           2  0.95039847522059784     
           2           3  0.95807696059644454     
           2           4  0.94919001637306155     
           2           5  0.92490222914978493     
           1           6   1.4144191972893541     
           6           7   1.4414002467184992     
           1           8  0.10553308209047817     
           7           8   1.4356131443165694     
           6           9  0.10877819351004937     
           8           9   1.4443030750090762     
           1          10   1.3841346441031857     
           7          10  0.10780457242814043     
           9          10   1.4122415286683945     
          10          11  0.98968320224149142     
          11          12  0.95558638277836672     
          12          13  0.99249911044288186     
          13          14   1.3864132851390636     
          14          15  0.95279325717141861     
          15          16  0.95855999588340213     
          15          17  0.93399773341507863     
          15          18  0.93132976987737104     
          14          19   1.4076451366678526     
          13          20  0.10777187558888437     
          19          20   1.4458527231969855     
          14          21  0.10559945338300823     
          20          21   1.4320322335795357     
          13          22   1.4086769753576969     
          19          22  0.10847388447392863     
          21          22   1.4478845716879154     
          12          23  0.95633792170680632     
          23          24   1.1881907214227820     
          24          25  0.96970624611542566     
          25          26   1.4951647615102686     
          26          27   1.3538978051461488     
          25          28  0.12204760345093579     
          27          28   1.4774303761990346     
          28          29  0.99549038431010395     
          29          30   1.4260067204269227     
          29          31   1.4519094519739633     
          30          31  0.36802481432996131     
          25          32   1.1586473433648938     
          28          32   1.1288019288698798     
          23          33  0.19465957923636781     
          24          33   1.7157337204579504     
          23          34  0.97880592064375038     
          34          35  0.88422656001960798     
          35          36   1.1910984651659560     
          35          37   1.7839003016229982     
          36          37  0.17886630168405590     
          11          38  0.95162795336868644     
          34          38  0.98959451326486747     
          38          39   1.2187092358656706     
          39          40  0.99993689119382057     
          40          41   1.4881530536692820     
          41          42   1.3644028771512424     
          40          43  0.11709656149233233     
          42          43   1.4619731005305039     
          43          44   1.0193353485888272     
          44          45   1.3781413956699815     
          44          46   1.4628054077896655     
          45          46  0.34285819434426645     
          40          47   1.1304868820500720     
          43          47   1.0986530650388207     
          38          48  0.20875516169449770     
          39          48   1.6628197889529448     
           6          49  0.96516242066592406     
           7          50  0.96832675195778650     
           8          51  0.96811926212502053     
           9          52  0.95553059673498697     
          11          53  0.94846858054057592     
          12          54  0.94639359143687796     
          19          55  0.96520828278792403     
          20          56  0.96778580239215239     
          21          57  0.96766884120892582     
          22          58  0.96556434485832932     
          26          59  0.96838285574599303     
          27          60  0.96536709811274601     
          34          61  0.94001248066889187     
          36          62  0.79834818339682201     
          41          63  0.96559675048468185     
          42          64  0.96490884194718785     
