   -0.02086277
    0.48603843
   -0.22212681
   -0.20024073
   -0.20238403
   -0.01747425
   -0.01987453
   -0.01606514
   -0.02178202
    0.02646866
    0.04885611
    0.04836664
    0.02393129
   -0.02388036
    0.48526988
   -0.19966599
   -0.20705654
   -0.22571934
   -0.01890246
   -0.02012023
   -0.01460520
   -0.02599162
   -0.11876942
    0.27229275
   -0.02406165
   -0.02233578
   -0.02742827
    0.01658523
   -0.03137514
   -0.02727411
   -0.02774030
   -0.03844403
    0.00945414
   -0.04628235
   -0.40298399
    0.07976914
    0.34567193
   -0.35372680
   -0.34207647
   -0.12254657
    0.27102394
   -0.02812983
   -0.02498689
    0.01828006
   -0.02936846
   -0.02484507
   -0.02514759
   -0.03448009
    0.01200383
   -0.04178133
   -0.04354397
   -0.40283251
    0.07007680
    0.05893236
    0.05565780
    0.04463971
    0.07063340
    0.06491486
    0.06688678
    0.05720145
    0.05809976
    0.07138881
    0.05012461
    0.04907944
    0.04113934
    0.03855298
    0.03693761
    0.03220130
    0.02899617
    0.04392915
    0.32947793
    0.05406022
    0.04529721
    0.04128161
    0.03932111
    0.03658472
    0.03895301
    0.02853246
