           1           2  0.95151236081329149     
           2           3  0.92948536253793590     
           2           4  0.95571711616862209     
           2           5  0.94747926428291440     
           1           6   1.4131518391671667     
           6           7   1.4438660683269264     
           1           8  0.10483486000512918     
           7           8   1.4321404439132257     
           6           9  0.10915636330107416     
           8           9   1.4497069169239847     
           1          10   1.3870093872575298     
           7          10  0.10879719569336263     
           9          10   1.4077799681900987     
          10          11  0.99509539083398879     
          11          12  0.95178298861307953     
          12          13  0.99346851696888017     
          13          14   1.3858579025749092     
          14          15  0.95253456537071002     
          15          16  0.95759882278932029     
          15          17  0.94315024340264020     
          15          18  0.92643698756359716     
          14          19   1.4114042226915655     
          13          20  0.10791054364805805     
          19          20   1.4437869931484371     
          14          21  0.10477474857319490     
          20          21   1.4332022257452059     
          13          22   1.4094747943387325     
          19          22  0.10936730716604258     
          21          22   1.4475125729915941     
          12          23  0.95378066435605080     
          23          24   1.1901679313233473     
          24          25  0.95595036175619941     
          25          26   1.2864113539946660     
          26          27   1.5588474867404047     
          27          28   1.2788722509210972     
          28          29   1.2803852956397885     
          29          30   1.5578319823376088     
          30          31   1.3195076615037371     
          29          32  0.11825444705449478     
          31          32   1.5585908261207919     
          28          33   1.2485990302521157     
          32          33   1.2769668444266948     
          25          34   1.5141288692017270     
          27          34  0.11539429745099682     
          33          34   1.2824034561915598     
          23          35  0.19091591763992055     
          24          35   1.7145792069253489     
          23          36  0.98965440414177241     
          36          37  0.89571776284866245     
          37          38   1.1474242158030152     
          37          39   1.8007390791585731     
          38          39  0.17026641209445303     
          11          40  0.95363108562890142     
          36          40  0.98617249574960419     
          40          41   1.1795474801415808     
          41          42  0.96449020897053706     
          42          43   1.5194586727822261     
          43          44   1.2807935443184060     
          44          45   1.2784637470163249     
          45          46   1.5570528223577365     
          46          47   1.3215844970893997     
          45          48  0.11807872002287290     
          47          48   1.5549705659784461     
          44          49   1.2502675937809888     
          48          49   1.2826009359133146     
          43          50  0.11239845804592438     
          49          50   1.2738503340267113     
          42          51   1.2801436289638859     
          50          51   1.5611582532249479     
          40          52  0.18603645203661137     
          41          52   1.7150760512330301     
           6          53  0.96521793147880819     
           7          54  0.96867741153832299     
           8          55  0.96895399002642368     
           9          56  0.96709355551063203     
          11          57  0.95149980395257172     
          12          58  0.95230900000450891     
          19          59  0.96569226171223854     
          20          60  0.96877627077489548     
          21          61  0.96870323803051583     
          22          62  0.95870420026418257     
          26          63  0.96833563999945049     
          27          64  0.96605724095008738     
          29          65  0.96777770239271588     
          30          66  0.97055795245602472     
          31          67  0.97064848570435680     
          32          68  0.96828457808355406     
          34          69  0.96553566929257162     
          36          70  0.93887289165988175     
          38          71  0.85837495354923943     
          43          72  0.96544455455192013     
          45          73  0.96747780934032535     
          46          74  0.97026532899581908     
          47          75  0.97052538754494955     
          48          76  0.96809316914379373     
          50          77  0.96708336680551210     
          51          78  0.96744372651746124     
