   -0.02076760
    0.48554274
   -0.19925097
   -0.22429839
   -0.20164975
   -0.01754750
   -0.01945858
   -0.01528587
   -0.02354689
    0.02556510
    0.04485877
    0.04343377
    0.02390581
   -0.02154440
    0.48547974
   -0.22347685
   -0.20087648
   -0.19991448
   -0.01855607
   -0.02039833
   -0.01716574
   -0.03009988
   -0.09571706
    0.28058600
   -0.00569858
    0.00582271
    0.54718751
   -0.36379905
   -0.40174246
   -0.01743672
   -0.01795702
   -0.01150903
   -0.02092392
   -0.39607918
    0.08423738
    0.35667551
   -0.33600322
   -0.40991192
   -0.09812271
    0.28268952
   -0.00290824
   -0.02208969
   -0.01332373
   -0.01902697
   -0.01395078
    0.01420927
    0.55384177
   -0.40575227
   -0.36236246
   -0.39820403
    0.07037334
    0.05988564
    0.05819914
    0.05212912
    0.07760567
    0.07842976
    0.07012413
    0.05874175
    0.05523143
    0.06480603
    0.08636941
    0.06698239
    0.06585244
    0.05996599
    0.07257061
    0.35459729
    0.06142602
    0.06617160
    0.06544736
    0.08741211
