           1           2  0.95184338240008692     
           2           3  0.95696488942840097     
           2           4  0.92686873885691512     
           2           5  0.94837453210759559     
           1           6   1.4112617789703370     
           6           7   1.4449713536093070     
           1           8  0.10458338053288073     
           7           8   1.4312808426722876     
           6           9  0.10934870016484528     
           8           9   1.4504253990116152     
           1          10   1.3890729843494691     
           7          10  0.10888103277238269     
           9          10   1.4071597971774450     
          10          11  0.99338781357216943     
          11          12  0.95222452627880061     
          12          13  0.99420418088312468     
          13          14   1.3868588213119488     
          14          15  0.95100780363902238     
          15          16  0.92827456594537749     
          15          17  0.94884884523115387     
          15          18  0.95590962949663016     
          14          19   1.4140668819828397     
          13          20  0.10878157463008793     
          19          20   1.4426320777657966     
          14          21  0.10542070892127973     
          20          21   1.4343297665609502     
          13          22   1.4107306623579730     
          19          22  0.10931761444513700     
          21          22   1.4471466047507249     
          12          23  0.95122536599273022     
          23          24   1.2132462252704963     
          24          25  0.94110202568874279     
          25          26   1.3559608164041574     
          26          27  0.96590416785228650     
          27          28   1.4691052262804460     
          27          29   1.4287070339062102     
          28          29  0.35707710934768111     
          26          30   1.3782901883380909     
          25          31  0.10435826723084467     
          30          31   1.4539802986498247     
          31          32   1.4260546469529722     
          25          33   1.4127929300358337     
          30          33  0.10536223238461374     
          32          33   1.4372347110648702     
          23          34  0.19416355333380461     
          24          34   1.7066278162294286     
          23          35  0.99063666674828421     
          35          36  0.90496913771909326     
          36          37   1.1838190102425292     
          36          38   1.7540841112431971     
          37          38  0.18336930142351371     
          11          39  0.95250769178946293     
          35          39  0.98475361858829469     
          39          40   1.2080976893605202     
          40          41  0.94400042596823042     
          41          42   1.4153718311572927     
          42          43   1.4350191086513349     
          41          44  0.10471932798052806     
          43          44   1.4276165042285678     
          42          45  0.10493504870077562     
          44          45   1.4522744681951925     
          41          46   1.3540873281352592     
          45          46   1.3787880424269123     
          46          47  0.97028073675607007     
          47          48   1.4253636087800563     
          47          49   1.4712786720714226     
          48          49  0.35259877499378894     
          39          50  0.19040702359507025     
          40          50   1.7016866849426149     
           6          51  0.96520504853746392     
           7          52  0.96855271966650391     
           8          53  0.96866047076618322     
           9          54  0.96578539933029628     
          11          55  0.95121429034621485     
          12          56  0.94966848650988611     
          19          57  0.96519351918933738     
          20          58  0.96864466013402351     
          21          59  0.96895913841799874     
          22          60  0.96033151175091525     
          30          61  0.95922738309656141     
          31          62  0.96718367397786154     
          32          63  0.96726717578380172     
          33          64  0.96701105062178083     
          35          65  0.93595433438788012     
          37          66  0.84594730348574143     
          42          67  0.96641214971074707     
          43          68  0.96728327129783020     
          44          69  0.96741591442915675     
          45          70  0.95914899025904243     
