   -0.02562399
    0.48476300
   -0.20119118
   -0.22408145
   -0.19990173
   -0.02007108
   -0.02057531
   -0.01606506
   -0.02706673
    0.01679772
    0.03963474
    0.04594133
    0.02477696
   -0.02085877
    0.48651537
   -0.22067204
   -0.19550707
   -0.21282098
   -0.01606646
   -0.01749908
   -0.01374576
   -0.02007797
   -0.14233822
    0.26813248
   -0.05266533
    0.06650747
   -0.15291373
    0.07203300
   -0.05581075
   -0.40870422
    0.06754695
    0.34658655
   -0.34267998
   -0.34912515
   -0.12307654
    0.27127178
   -0.05131189
    0.08113879
   -0.15393245
    0.06844780
   -0.07261796
   -0.41032892
    0.07016983
    0.05996220
    0.06144234
    0.05897874
    0.08183679
    0.05418194
    0.07110785
    0.06161492
    0.05921325
    0.04648289
    0.05442451
    0.06749699
    0.06105316
    0.07754432
    0.33980517
    0.07020699
    0.06124009
    0.07047389
