           1           2  0.95051254243633732     
           2           3  0.94894986439087936     
           2           4  0.92750382781954155     
           2           5  0.95574387853961329     
           1           6   1.4158493984526290     
           6           7   1.4407130069128520     
           1           8  0.10650997168684587     
           7           8   1.4373812277403939     
           6           9  0.10856249200700643     
           8           9   1.4424009396012007     
           1          10   1.3828288475467234     
           7          10  0.10836110876352095     
           9          10   1.4160100701349683     
          10          11  0.99313219637999262     
          11          12  0.94639441847793671     
          12          13  0.99919073263076563     
          13          14   1.3849599842691673     
          14          15  0.95283450076899956     
          15          16  0.93031114768544065     
          15          17  0.96247905901829578     
          15          18  0.93646649762577017     
          14          19   1.4132395051862789     
          13          20  0.10883276948034754     
          19          20   1.4430367650224774     
          14          21  0.10453936148816474     
          20          21   1.4327527466406860     
          13          22   1.4093238029490298     
          19          22  0.10855703649477741     
          21          22   1.4483662431914726     
          12          23  0.95115642914901288     
          23          24   1.1756712514284033     
          24          25  0.98319684780607031     
          25          26   1.5447449801432458     
          26          27   1.1584518479148063     
          26          28  0.14586879330681146     
          27          28   1.1418445537070661     
          25          29   1.2598609250921990     
          28          29   1.6154655847217652     
          23          30  0.18900338376776116     
          24          30   1.7003723816615701     
          23          31  0.98735459744618592     
          31          32  0.89082645876088229     
          32          33   1.1728488449745438     
          32          34   1.7878926492094851     
          33          34  0.17463416375654728     
          11          35  0.96097268716900985     
          31          35  0.99290900753932787     
          35          36   1.1590271383252815     
          36          37   1.0108290718635873     
          37          38   1.5363946316294004     
          38          39   1.1712775097328567     
          38          40  0.14141755231487285     
          39          40   1.1320989819672944     
          37          41   1.2478087274274001     
          40          41   1.6232169829539438     
          35          42  0.17733995314545331     
          36          42   1.6993920309752495     
           6          43  0.96504774617656819     
           7          44  0.96836987349124926     
           8          45  0.96826333544687326     
           9          46  0.96196503222058427     
          11          47  0.94759420017151741     
          12          48  0.95388255838416613     
          19          49  0.96515958670653457     
          20          50  0.96834569509384749     
          21          51  0.96862024870211405     
          22          52  0.96657278309166905     
          26          53  0.96480871107055011     
          28          54  0.96460269400433774     
          29          55  0.97288517706767386     
          31          56  0.92722278377317713     
          33          57  0.84556229700211427     
          38          58  0.96413741798233765     
          40          59  0.96563177824511692     
          41          60  0.96300413193271728     
