   -0.02165922
    0.48879757
   -0.21001478
   -0.19454557
   -0.21759238
   -0.02085616
   -0.02221827
   -0.01874229
   -0.02435344
   -0.01006378
    0.27430759
   -0.10765465
    0.08298178
    0.34981611
   -0.37760246
   -0.36468076
   -0.10971603
    0.27229883
   -0.01221706
   -0.02762852
    0.48708500
   -0.21587371
   -0.19225153
   -0.21170386
   -0.02229724
   -0.02220529
   -0.01852039
   -0.02368071
   -0.39761962
    0.04520075
    0.04213227
   -0.06547094
   -0.06641633
   -0.06585978
   -0.06754163
   -0.39784572
    0.06468070
    0.05962515
    0.06470751
    0.06147596
    0.06233013
    0.35294494
    0.06652741
    0.06027854
    0.06032315
    0.06139360
    0.06049844
    0.06660691
    0.06408466
    0.05880180
    0.04266994
    0.04757911
    0.04362274
    0.04719693
    0.05370198
    0.06516259
