           1           2  0.95018712492513546     
           2           3  0.94561506955442876     
           2           4  0.95543078113448698     
           2           5  0.93372143251355699     
           1           6   1.4065918142143805     
           6           7   1.4482362509537274     
           1           8  0.10618874198067151     
           7           8   1.4311012398492804     
           6           9  0.11115713511466789     
           8           9   1.4474965816808820     
           1          10   1.3935171787041276     
           7          10  0.10912543889277859     
           9          10   1.3997518520313492     
          10          11  0.94392152785276817     
          11          12   1.2187644004008624     
          12          13  0.98218479101244105     
          13          14  0.90626280887638977     
          14          15   1.1478805796763969     
          14          16   1.7947208071557175     
          15          16  0.18381160471486185     
          13          17  0.98450518644745744     
          17          18   1.2251686005064975     
          18          19  0.94284077241883735     
          19          20   1.3874426547507306     
          20          21  0.94986523047757898     
          21          22  0.93734349031122066     
          21          23  0.95757842264221538     
          21          24  0.94166195074121539     
          20          25   1.4111898874432118     
          19          26  0.10949055576189140     
          25          26   1.4435596344687545     
          20          27  0.10658215830266904     
          26          27   1.4357716297266212     
          19          28   1.4069738604556163     
          25          28  0.11074199008684341     
          27          28   1.4431084003098600     
          17          29  0.19999084391603877     
          18          29   1.7046271531001711     
          17          30  0.94962996759160256     
          12          31  0.94941253276161719     
          30          31  0.97626562493187174     
          31          32  0.99580066777301057     
          32          33  0.99651078333398380     
          33          34   1.0104781112931345     
          30          35  0.99173336081889818     
          34          35  0.99799857836447115     
          11          36   1.7031532358834913     
          12          36  0.19645170839202411     
           6          37  0.96614637170131901     
           7          38  0.96850817552314228     
           8          39  0.96729086711561263     
           9          40  0.96703387860408374     
          13          41  0.94445601666039680     
          15          42  0.84859207011212601     
          25          43  0.96569477823155214     
          26          44  0.96843699671008066     
          27          45  0.96785314048638305     
          28          46  0.96717626665390544     
          30          47  0.95471880532123321     
          31          48  0.95177885595045941     
          32          49  0.97707435064793469     
          32          50  0.97529209284714913     
          33          51  0.97924525788275796     
          33          52  0.97787713911875784     
          34          53  0.97894811043190677     
          34          54  0.97768929869680721     
          35          55  0.97611913166968201     
          35          56  0.97677252924109792     
