   -0.03265311
   -0.02464603
   -0.02311874
   -0.03845276
    0.01016374
    0.01740027
   -0.03115941
   -0.03407257
   -0.05928267
   -0.01601040
    0.03693354
    0.04192797
   -0.00456207
   -0.03216859
   -0.03030092
   -0.03374063
    0.01771568
    0.00822954
   -0.03746446
   -0.02611454
   -0.02681770
   -0.03183433
   -0.12844671
    0.27765864
   -0.02899146
    0.08400274
   -0.14565809
   -0.02662872
   -0.01921684
   -0.02209939
   -0.02408638
   -0.40869027
    0.08063732
    0.35179830
   -0.34311102
   -0.38502455
   -0.13044299
    0.28297539
   -0.02492666
   -0.02405385
   -0.02671619
   -0.02144025
   -0.02436220
    0.08375138
   -0.15635871
   -0.40648993
    0.03812269
    0.03744430
    0.04069251
    0.06090373
    0.04385136
    0.05040501
    0.04651733
    0.08557569
    0.08225519
    0.01830746
    0.03296619
    0.03822531
    0.03053717
    0.03617587
    0.03640274
    0.03715385
    0.06296277
    0.05388239
    0.05083218
    0.03734666
    0.04993437
    0.34615565
    0.04790445
    0.05081346
    0.05425533
    0.06632501
