           1           2   1.5548145809407581     
           2           3   1.3248331533858195     
           1           4  0.11869073735724910     
           3           4   1.5506974233920212     
           4           5   1.2859652541296580     
           1           6   1.2807192306122110     
           5           6   1.2503997006398924     
           6           7   1.2782247402536226     
           7           8   1.5579771650497067     
           8           9   1.3080062940236097     
           5          10   1.2498361525745487     
           7          10  0.11192070777256999     
           9          10   1.5000924685687729     
          10          11  0.98371252852175506     
          11          12  0.96271591119885425     
          12          13  0.98439571076489318     
          13          14   1.5344113704020599     
          14          15   1.3179039514986097     
          13          16  0.11399818574122426     
          15          16   1.5599313065901508     
          16          17   1.2751279161507318     
          13          18   1.2453063794262682     
          17          18   1.2567150097837789     
          18          19   1.2849144227586693     
          19          20   1.5528945246340315     
          20          21   1.3240154536648661     
          17          22   1.2803564768620472     
          19          22  0.11852075816683655     
          21          22   1.5560651789578219     
          12          23  0.95736356582773596     
          23          24   1.2074335461370544     
          24          25  0.95503267189642316     
          25          26   1.3795925636335546     
          26          27  0.98647837666007754     
          26          28   1.4128184492798261     
          25          29  0.10674056980811601     
          28          29   1.4403208233552034     
          29          30   1.4312915120242484     
          25          31   1.4002834802410762     
          28          31  0.10866965414766994     
          30          31   1.4440921178866255     
          23          32  0.19463039798606674     
          24          32   1.7008898121406990     
          23          33  0.98084207676823532     
          33          34  0.89694765987942981     
          34          35   1.2022932077237851     
          34          36   1.7618506367373397     
          35          36  0.17871599865679638     
          11          37  0.94285225212511758     
          33          37  0.98040001983017233     
          37          38   1.1944525440491525     
          38          39  0.95709081426660680     
          39          40   1.4046459980584165     
          40          41   1.4391810177202038     
          39          42  0.10717358654780620     
          41          42   1.4352070343748893     
          40          43  0.10867785691041705     
          42          43   1.4377775056027164     
          39          44   1.3777251785525864     
          41          44  0.10102886535691692     
          43          44   1.4130546623847557     
          44          45  0.98489167358384633     
          37          46  0.18495672888631168     
          38          46   1.7081074795120241     
           1          47  0.96765653628562376     
           2          48  0.97030359632364871     
           3          49  0.97043776177834440     
           4          50  0.95446252280937061     
           7          51  0.96694097757466246     
           8          52  0.96841254284903777     
           9          53  0.95740967882343886     
          11          54  0.94337648454041956     
          12          55  0.93982687315779478     
          14          56  0.96525163591475271     
          15          57  0.97060192025732384     
          16          58  0.96783525361817480     
          19          59  0.96599838871333543     
          20          60  0.97078628169288805     
          21          61  0.97053879421399969     
          22          62  0.96791421068089434     
          28          63  0.96656327871125081     
          29          64  0.96799957101376921     
          30          65  0.96879138873211723     
          31          66  0.96705210575382661     
          33          67  0.94399937403491629     
          35          68  0.79392937219961646     
          40          69  0.96760912459890935     
          41          70  0.96884299968351995     
          42          71  0.96794134110446317     
          43          72  0.96572824567114690     
