   -0.03045113
   -0.02681822
   -0.02984429
   -0.02802731
   -0.03681951
    0.00900156
    0.04672228
    0.03365291
   -0.00154429
   -0.03218845
   -0.02825587
   -0.02973928
   -0.02625704
   -0.03310691
   -0.10433640
    0.27687932
   -0.07007022
    0.11691020
   -0.11696291
   -0.18814982
    0.04954848
   -0.01454376
   -0.10704724
   -0.43668662
    0.09815390
    0.36979205
   -0.35485986
   -0.40599234
   -0.11526874
    0.27639351
   -0.07884377
    0.12009002
   -0.12070683
   -0.19024832
    0.05013607
   -0.01451812
   -0.10596049
   -0.42402677
    0.03266541
    0.03547539
    0.03402450
    0.03640566
    0.05394218
    0.05812645
    0.06125633
    0.03473952
    0.03939727
    0.03905342
    0.04079753
    0.03308707
    0.06054398
    0.05854142
    0.06935202
    0.05123102
    0.05996302
    0.04413885
    0.05007838
    0.06103310
    0.34710947
    0.06567138
    0.06709920
    0.07610798
    0.05054324
    0.04762594
    0.04592367
    0.05006081
