           1           2   1.4419546172255515     
           2           3   1.4405570984329938     
           1           4  0.11068395013083886     
           3           4   1.4370052580298340     
           2           5  0.11219842929309026     
           4           5   1.4467409701336031     
           1           6   1.4158395852862811     
           3           6  0.10920323374544118     
           5           6   1.4103889539407386     
           6           7  0.98585456774417413     
           7           8  0.95429385915566600     
           8           9  0.98607242073257184     
           9          10   1.4118465834742575     
          10          11   1.4462247192999524     
           9          12  0.10963500332539716     
          11          12   1.4368025826057578     
          10          13  0.11178056959151572     
          12          13   1.4393428708645586     
           9          14   1.4138481223590058     
          11          14  0.11089087716525727     
          13          14   1.4429708941416894     
           8          15  0.96259467319160530     
          15          16   1.2278713730109136     
          16          17  0.97354663003380992     
          17          18   1.5420713801861561     
          18          19   1.0299071460333680     
          18          20   1.1272164420165354     
          18          21  0.13824300754647878     
          20          21   1.1134127456489067     
          17          22   1.2214794478319213     
          21          22   1.5916588386253399     
          22          23   1.0308758487768968     
          15          24  0.19015387856483562     
          16          24   1.6561522897945760     
          15          25  0.97622834405200920     
          25          26  0.91033935536309796     
          26          27   1.1641031305002989     
          26          28   1.7430015247503863     
          27          28  0.17363411333523351     
           7          29  0.95823458348744828     
          25          29  0.98853447538111838     
          29          30   1.2015547034812917     
          30          31  0.97312301190825734     
          31          32   1.5259282344662071     
          32          33   1.0343385949850519     
          32          34   1.1292321809192294     
          32          35  0.13660954225112723     
          34          35   1.1106770540496949     
          31          36   1.2260556454875571     
          35          36   1.5930478032603514     
          36          37   1.0300298111076129     
          29          38  0.19049175177005206     
          30          38   1.6909666339091594     
           1          39  0.96854463800678448     
           2          40  0.97080224214369992     
           3          41  0.97124843578892794     
           4          42  0.97081924231944594     
           5          43  0.96190629823124119     
           7          44  0.95526398306537130     
           8          45  0.95134973529582756     
          10          46  0.96810003080044693     
          11          47  0.97058501121663732     
          12          48  0.97093182647554110     
          13          49  0.97034811079421301     
          14          50  0.96809374460165976     
          19          51  0.98077292740851696     
          19          52  0.96374719956164445     
          19          53  0.97430133049379186     
          21          54  0.96573959242637919     
          23          55  0.98102543148950339     
          23          56  0.96704087906733971     
          23          57  0.97862821516262999     
          25          58  0.93972399275957230     
          27          59  0.85359131545497458     
          33          60  0.97907180808144756     
          33          61  0.97442253504091159     
          33          62  0.95444602035267445     
          35          63  0.96600112565444574     
          37          64  0.98335851568022425     
          37          65  0.96797484418981194     
          37          66  0.97951816943502623     
