    0.13824324
   -0.27470972
    0.04072478
   -0.06539162
   -0.03111477
   -0.04116348
   -0.03675039
   -0.01992090
    0.03414507
    0.04942771
   -0.00603282
   -0.03290865
   -0.03925015
   -0.02978063
   -0.06344648
    0.15228368
   -0.26910038
    0.03829747
   -0.11098564
    0.27990784
   -0.02706392
    0.01458104
    0.02654018
   -0.10994993
   -0.10646559
   -0.10850613
   -0.03714890
   -0.02748645
   -0.02631488
   -0.02835724
   -0.42908450
    0.09247153
    0.35278331
   -0.36780538
   -0.37107157
   -0.12316206
    0.27596052
   -0.01679736
   -0.02684023
   -0.03257992
   -0.03280366
   -0.04009409
    0.01742499
    0.02769861
   -0.10742938
   -0.11189952
   -0.10342948
   -0.43600162
    0.06008659
    0.04409064
    0.04178955
    0.03999668
    0.03979945
    0.03901597
    0.05100574
    0.08181064
    0.05768147
    0.03531188
    0.03743630
    0.03742317
    0.04011914
    0.04725467
    0.06494918
    0.03594788
    0.03313378
    0.05994337
    0.03144705
    0.03171490
    0.03497235
    0.04549337
    0.03661637
    0.03752294
    0.03633140
    0.04696151
    0.03648664
    0.03639446
    0.01956235
    0.08800389
    0.33712437
    0.03010581
    0.03246555
    0.02960999
    0.04142904
    0.03152877
    0.03766071
    0.03669769
    0.03194434
    0.03650381
    0.06450977
    0.03863135
    0.03871663
    0.03512635
