           1           2   1.0584528956017130     
           2           3  0.98207224986811414     
           1           4   1.3816214376972553     
           4           5   1.4353201662030692     
           5           6   1.4412280313977008     
           4           7  0.10192035449060376     
           6           7   1.4278556908217268     
           1           8   1.3246675750777974     
           5           8  0.10625088726186854     
           7           8   1.4317580602359636     
           8           9  0.99543025652139394     
           9          10  0.95179077257653089     
          10          11  0.99980923130113530     
          11          12   1.4354644467953215     
          12          13   1.4251614080834780     
          11          14  0.10622241694654647     
          13          14   1.4442728299071557     
          12          15  0.10107247447321820     
          14          15   1.4336260260030196     
          11          16   1.3221555839136148     
          15          16   1.3833086795775058     
          16          17   1.0619310130588302     
          17          18  0.98155377985843917     
          10          19  0.95203202507548168     
          19          20   1.2073053318394504     
          20          21  0.95189768614029469     
          21          22   1.3844313389032856     
          22          23  0.98505804188372026     
          23          24  0.98418872735784735     
          23          25  0.98859016142961709     
          23          26  0.99868026186868875     
          22          27   1.4121180940951916     
          21          28  0.10888266634605372     
          27          28   1.4448006885004234     
          22          29  0.10812667048685824     
          28          29   1.4343984246186683     
          21          30   1.4011395123748962     
          27          30  0.10870025039412411     
          29          30   1.4416451574062752     
          19          31  0.18430545116553465     
          20          31   1.6804022664873648     
          19          32  0.99143275466534875     
          32          33  0.91204710394665045     
          33          34   1.1337035746217088     
          33          35   1.8007309541759975     
          34          35  0.17880685747271718     
           9          36  0.95134635472943463     
          32          36  0.96966539625358539     
          36          37   1.2029566590032112     
          37          38  0.95948659331317743     
          38          39   1.4004350955799048     
          39          40   1.4424451530425493     
          38          41  0.10865026598919819     
          40          41   1.4321256743292770     
          39          42  0.10822060158742966     
          41          42   1.4458902632080213     
          38          43   1.3844614574163585     
          40          43  0.10729112278098010     
          42          43   1.4086829835818300     
          43          44  0.98598679699866465     
          44          45  0.99789936313669936     
          44          46  0.98093547843887963     
          44          47  0.99125331694273799     
          36          48  0.18295169781882750     
          37          48   1.6757757673387639     
           3          49  0.97886863915530531     
           3          50  0.97504973172090348     
           3          51  0.97624679880564058     
           4          52  0.96529642008100425     
           5          53  0.97081981567611075     
           6          54  0.97064167675596946     
           7          55  0.96187237532822834     
           9          56  0.94091319963440823     
          10          57  0.94657283627072886     
          12          58  0.96725948090335057     
          13          59  0.97069109402444520     
          14          60  0.97097506456238492     
          15          61  0.96497139560511913     
          18          62  0.97619452001651175     
          18          63  0.97560343331338328     
          18          64  0.97643043459162682     
          24          65  0.98656607801997254     
          24          66  0.97707424362216699     
          24          67  0.98451114295136499     
          25          68  0.98293475943718445     
          25          69  0.98209499802585642     
          25          70  0.97412876802034443     
          26          71  0.98386551636511443     
          26          72  0.98479784750425714     
          26          73  0.98356460497834219     
          27          74  0.96328708903987115     
          28          75  0.97060470243951191     
          29          76  0.96960422551140180     
          30          77  0.96791748921652188     
          32          78  0.93930375938944688     
          34          79  0.85979138298868718     
          39          80  0.96804485920408523     
          40          81  0.96976410407355706     
          41          82  0.97097948318264937     
          42          83  0.96345224877949243     
          45          84  0.98505848527590401     
          45          85  0.98391751981967213     
          45          86  0.98306110488364407     
          46          87  0.98662351772420931     
          46          88  0.98376113068985771     
          46          89  0.97686623984100573     
          47          90  0.98114344610882243     
          47          91  0.97379473498110725     
          47          92  0.98272556019360002     
