   -0.02291287
    0.48535866
   -0.19703030
   -0.22538172
   -0.20764211
   -0.01779244
   -0.01887871
   -0.01420739
   -0.02570047
    0.02314077
    0.04782620
    0.04825994
    0.02429485
   -0.02006166
    0.48611905
   -0.19785016
   -0.20199154
   -0.22229380
   -0.01681712
   -0.01890777
   -0.01601108
   -0.02331267
   -0.12108234
    0.27141739
   -0.01650383
   -0.01513123
   -0.01295377
    0.02580530
    0.11226850
   -0.20882160
   -0.02541983
   -0.03671524
   -0.39228325
    0.08182083
    0.34456580
   -0.35619090
   -0.33529923
   -0.11699108
    0.27238790
   -0.01663365
   -0.01524154
   -0.01181016
    0.02744438
    0.11299129
   -0.21007934
   -0.02376141
   -0.03521250
   -0.39444079
    0.06969556
    0.06045281
    0.06007351
    0.06596327
    0.06772052
    0.07372511
    0.07275784
    0.06190114
    0.05760695
    0.04291881
    0.06412609
    0.06272510
    0.05208441
    0.03765285
    0.03848975
    0.32724717
    0.06053083
    0.06222514
    0.05172283
    0.03804296
