           1           2  0.95243473978903936     
           2           3  0.96034248259341692     
           2           4  0.92636161037864129     
           2           5  0.94193505945148381     
           1           6   1.4120206718271611     
           6           7   1.4432778159256276     
           1           8  0.10483563295750926     
           7           8   1.4335164913879368     
           6           9  0.10904287641893456     
           8           9   1.4470809996031386     
           1          10   1.3858909961346038     
           7          10  0.10824415062355593     
           9          10   1.4101162504382636     
          10          11  0.99277118278977317     
          11          12  0.95395459602397870     
          12          13  0.99356607149889031     
          13          14   1.3866364186793148     
          14          15  0.95112672748150884     
          15          16  0.95811455577418281     
          15          17  0.94728474412973218     
          15          18  0.92897220534414426     
          14          19   1.4144950755519570     
          13          20  0.10905869095042800     
          19          20   1.4426092799885484     
          14          21  0.10526638203536426     
          20          21   1.4336341821777832     
          13          22   1.4100475162409596     
          19          22  0.10880522023182479     
          21          22   1.4477882691212485     
          12          23  0.95062628674777749     
          23          24   1.1836179746390578     
          24          25  0.96054776516607443     
          25          26   1.3998744934312521     
          26          27   1.4539428344049627     
          27          28   1.3664125048865068     
          28          29   1.0887392429022673     
          29          30   2.8165427816840491     
          26          31  0.10560556265206202     
          28          31   1.3599032923961385     
          25          32   1.3920048530537226     
          27          32  0.10455767203395240     
          31          32   1.4592238552514063     
          23          33  0.18934769377807839     
          24          33   1.7206824767923696     
          23          34  0.98640456430752188     
          34          35  0.89671930087336515     
          35          36   1.1393848428122522     
          35          37   1.8091252124789587     
          36          37  0.16982228521481740     
          11          38  0.95088082963794074     
          34          38  0.99020168212544002     
          38          39   1.1937359411643795     
          39          40  0.95379771905365018     
          40          41   1.3970691445291044     
          41          42   1.4544781599956149     
          42          43   1.3656114266454726     
          43          44   1.0889453608087294     
          44          45   2.8160650856929936     
          41          46  0.10560573371303468     
          43          46   1.3609239733025214     
          40          47   1.3946118908350540     
          42          47  0.10471414829143147     
          46          47   1.4584637373104947     
          38          48  0.19371466936786205     
          39          48   1.7175163660069794     
           6          49  0.96530575756472814     
           7          50  0.96841155816403401     
           8          51  0.96848976776814411     
           9          52  0.96102483359840196     
          11          53  0.95193720605179366     
          12          54  0.95100869673788768     
          19          55  0.96480311267525931     
          20          56  0.96831190592262029     
          21          57  0.96874310777487649     
          22          58  0.96733027683918171     
          26          59  0.96612599145590450     
          27          60  0.96736763048648000     
          31          61  0.96863002481342753     
          32          62  0.96717730116767653     
          34          63  0.94139372336463512     
          36          64  0.86198062065115066     
          41          65  0.96656406470945722     
          42          66  0.96734963244830341     
          46          67  0.96869348621741569     
          47          68  0.96765912861266479     
