   -0.02597646
    0.48520900
   -0.21139748
   -0.20763545
   -0.19757890
   -0.01957805
   -0.01981591
   -0.01667779
   -0.02643794
    0.01172946
    0.03885882
    0.05188481
    0.02274353
   -0.02269440
    0.48541354
   -0.19832079
   -0.20454996
   -0.23115539
   -0.01796244
   -0.01924918
   -0.01366096
   -0.02510606
   -0.12061647
    0.27695084
   -0.01016034
   -0.05756492
    0.00349721
   -0.03250042
   -0.03243594
   -0.02894945
   -0.03502596
    0.03132719
    0.02084165
   -0.40913203
    0.07862548
    0.35159909
   -0.35770399
   -0.36042349
   -0.10903474
    0.26962737
   -0.00625430
   -0.04195836
    0.00214631
    0.03275352
   -0.03582932
   -0.02786369
   -0.03144215
   -0.03185687
   -0.03222532
   -0.45877501
    0.07253664
    0.06236059
    0.06088555
    0.05053196
    0.07286830
    0.06361512
    0.06781178
    0.05861110
    0.06124317
    0.07113744
    0.03208777
    0.03836998
    0.03864869
    0.04152382
    0.04679796
    0.06739427
    0.36597721
    0.05567475
    0.05014594
    0.04712327
    0.04425494
    0.04474190
