           1           2  0.94917752345264195     
           2           3  0.93958812974129269     
           2           4  0.93999378551387092     
           2           5  0.95719634089956607     
           1           6   1.4130507502159977     
           6           7   1.4419126049526072     
           1           8  0.10426385717748128     
           7           8   1.4333253828053969     
           6           9  0.10773084725058910     
           8           9   1.4465476605780503     
           1          10   1.3850159536031932     
           7          10  0.10862848942843972     
           9          10   1.4084392643817873     
          10          11  0.99659020211702209     
          11          12  0.94589200843443666     
          12          13  0.99163824520340227     
          13          14   1.3840481450441924     
          14          15  0.95288605117140446     
          15          16  0.95936463897951185     
          15          17  0.94614141003101793     
          15          18  0.92048398622966743     
          14          19   1.4123330149987923     
          13          20  0.10766890865674994     
          19          20   1.4425836630586042     
          14          21  0.10489557300179778     
          20          21   1.4341263331140128     
          13          22   1.4103402938752267     
          19          22  0.10874169559524421     
          21          22   1.4459361123473853     
          12          23  0.95892611998328603     
          23          24   1.1755830576160964     
          24          25  0.99793444645740315     
          25          26   1.6099522001450390     
          26          27   1.2032769188290242     
          27          28   1.3226954829152175     
          28          29   1.5038474194141995     
          29          30   1.3751389889499379     
          28          31  0.11145370458220488     
          30          31   1.4820386025304257     
          27          32   1.2811295098953916     
          31          32   1.3709046186996239     
          25          33   1.1309416178487146     
          26          33  0.10615581555364959     
          32          33   1.1240407097301686     
          23          34  0.18437423108144485     
          24          34   1.6914293697727163     
          23          35   1.0008381041214123     
          35          36  0.88549800057777439     
          36          37   1.2030980915895984     
          36          38   1.7791427858201687     
          37          38  0.18144212857530262     
          11          39  0.95972467074058809     
          35          39  0.96685142346640951     
          39          40   1.2516711189134484     
          40          41   1.0079039818680677     
          41          42   1.6172233323969956     
          42          43   1.2003544677172446     
          43          44   1.2839106108182694     
          44          45   1.3766083102643147     
          45          46   1.4764126293264570     
          46          47   1.3791383413048908     
          43          48   1.3240708125415297     
          45          48  0.11104445879076778     
          47          48   1.5012277012710691     
          41          49   1.1134131553261468     
          42          49  0.10517199969168541     
          44          49   1.1087316197901516     
          39          50  0.18500414088738470     
          40          50   1.5867608743249610     
           6          51  0.96464669433221228     
           7          52  0.96813733172131144     
           8          53  0.96821649985283309     
           9          54  0.96631674331163864     
          11          55  0.94914722926733242     
          12          56  0.95310722953915916     
          19          57  0.96558184429230109     
          20          58  0.96859976311136753     
          21          59  0.96833901625628460     
          22          60  0.95982780805387113     
          26          61  0.96039754772567609     
          28          62  0.96799008163471534     
          29          63  0.97066433521917994     
          30          64  0.96995888711885692     
          31          65  0.96807747229362928     
          35          66  0.93590007164871003     
          37          67  0.78383672675718952     
          42          68  0.96117912606886469     
          45          69  0.96770726248777883     
          46          70  0.96934726562572693     
          47          71  0.97009334360398958     
          48          72  0.96737979818375330     
