   -0.43305852
    0.25550181
    0.07424953
   -0.04173405
   -0.05695125
    0.08519590
   -0.18697595
   -0.13235990
    0.07495185
    0.35369467
   -0.35653589
   -0.34234652
   -0.11217070
    0.26331678
    0.08133704
   -0.04278856
   -0.05783884
    0.07909181
   -0.18047405
   -0.42247581
    0.03502633
   -0.00330439
   -0.03004818
   -0.02369135
   -0.02840775
   -0.02753284
   -0.03934180
    0.04225062
    0.00574426
   -0.03315445
   -0.02706505
   -0.02771801
   -0.02535268
   -0.02831417
    0.06788566
    0.05511831
    0.06807322
    0.10410459
    0.32950361
    0.06911404
    0.05310243
    0.05745607
    0.06779594
    0.04099494
    0.04379833
    0.03914716
    0.03802565
    0.03068813
    0.05994269
    0.03182958
    0.03806888
    0.03770894
    0.03944319
    0.03747877
