           1           2   1.6452622285190004     
           2           3   1.0373177167302536     
           3           4   1.5152116096341302     
           4           5   1.3280344127802119     
           3           6  0.13729207589753609     
           5           6   1.5762091568102348     
           3           7   1.0932297108858910     
           6           7   1.1534547861657851     
           1           8  0.18322981582998332     
           2           8   1.1792353236300253     
           8           9  0.98641225147721123     
           9          10  0.89370513880907509     
          10          11   1.1482515984181678     
          10          12   1.8105279582713094     
          11          12  0.17077846628235607     
           9          13  0.98016008856557990     
          13          14   1.1750450164567519     
          14          15   1.0332458623115919     
          15          16   1.5186733804166896     
          16          17   1.3264854938712798     
          15          18  0.13767078597905105     
          17          18   1.5769619133374686     
          15          19   1.0981465750761175     
          18          19   1.1544527648380722     
          13          20  0.17920231940972547     
          14          20   1.6569953592859041     
          13          21  0.97512403219166688     
          21          22  0.98227025523399791     
          22          23   1.4215313605726783     
          23          24   1.4359560816635839     
          22          25  0.10941885712143247     
          24          25   1.4454913111634851     
          23          26  0.11039647795018231     
          25          26   1.4330090802673072     
          22          27   1.4059896451459168     
          24          27  0.11276245554570367     
          26          27   1.4504463269553445     
           8          28  0.95527256433754559     
          21          28  0.95128594987063897     
          28          29  0.98637910147099128     
          29          30   1.4116306111860322     
          30          31   1.4462004346254709     
          29          32  0.10924066498039718     
          31          32   1.4375659787977870     
          30          33  0.11186180046461484     
          32          33   1.4402111532424935     
          29          34   1.4145261653421717     
          31          34  0.11099411160329348     
          33          34   1.4427416076369686     
           4          35  0.97165561982069726     
           5          36  0.97319805106513402     
           6          37  0.96383121435619712     
           9          38  0.93081733585723436     
          11          39  0.85070868400844879     
          16          40  0.97149428538658489     
          17          41  0.97341000223353547     
          18          42  0.96506804040404648     
          21          43  0.94526485353490186     
          23          44  0.96531718579565484     
          24          45  0.97018082059011834     
          25          46  0.97085322362408855     
          26          47  0.97059953431172297     
          27          48  0.96809307150264368     
          28          49  0.95427655191576122     
          30          50  0.96871121498831159     
          31          51  0.97072927088189020     
          32          52  0.97099385159297436     
          33          53  0.97047299114186858     
          34          54  0.96789538487775184     
