   -0.02230573
    0.48940013
   -0.19687252
   -0.20859884
   -0.20753632
   -0.01728294
   -0.01907276
   -0.01993711
   -0.03235751
    0.00652846
    0.03718333
    0.04996333
    0.01880812
   -0.02554729
    0.48528352
   -0.20064899
   -0.22954922
   -0.19333468
   -0.02061812
   -0.02152475
   -0.01670208
   -0.02864533
   -0.10744243
    0.27359397
   -0.00757908
   -0.01594636
    0.48874147
   -0.20431358
   -0.19677790
   -0.22431385
   -0.01547990
   -0.01730737
   -0.01450702
   -0.02125613
   -0.39826982
    0.08911779
    0.36321560
   -0.35939899
   -0.37518001
   -0.09711978
    0.27418149
   -0.00478739
   -0.02353934
   -0.01952277
   -0.02194885
   -0.02116164
   -0.02330218
    0.48812362
   -0.21183324
   -0.20540289
   -0.19339023
   -0.40863037
    0.07794394
    0.06648595
    0.05853494
    0.04645221
    0.05960735
    0.07383439
    0.06909986
    0.05916339
    0.05885129
    0.06526442
    0.06984496
    0.06183573
    0.06305628
    0.06146697
    0.09656380
    0.34886854
    0.05700122
    0.06082938
    0.06212689
    0.06797298
