           1           2  0.94879257280723883     
           2           3  0.95570578216248370     
           2           4  0.94763989846192320     
           2           5  0.93667287220890538     
           1           6   1.4098085378240701     
           6           7   1.4454239903323214     
           1           8  0.10572220629877715     
           7           8   1.4315826866190213     
           6           9  0.10881096063219171     
           8           9   1.4495658209592164     
           1          10   1.3924302504112214     
           7          10  0.10896563993828971     
           9          10   1.4062296587109318     
          10          11  0.99063319051293075     
          11          12  0.95701670970462638     
          12          13  0.98952978418584170     
          13          14   1.3855552662239212     
          14          15  0.94998334892643788     
          15          16  0.95491320211698483     
          15          17  0.92133948938968513     
          15          18  0.95751581167371280     
          14          19   1.4146380472971987     
          13          20  0.10827759723916998     
          19          20   1.4419583962097260     
          14          21  0.10548573879341436     
          20          21   1.4348164458090595     
          13          22   1.4119974613630129     
          19          22  0.10907107347563559     
          21          22   1.4456536081113811     
          12          23  0.95682078049795016     
          23          24   1.2007058822795360     
          24          25  0.95494266713502995     
          25          26   1.3842798264905685     
          26          27  0.95197689989299339     
          27          28  0.95062462136361014     
          27          29  0.95393778791884110     
          27          30  0.92794191120553016     
          26          31   1.4147132926776820     
          25          32  0.11009772634048604     
          31          32   1.4403926733137660     
          26          33  0.10641888731896261     
          32          33   1.4375080737302794     
          25          34   1.4063220947115291     
          31          34  0.10941796304811345     
          33          34   1.4410454221452915     
          23          35  0.19279787456552394     
          24          35   1.7093335376305367     
          23          36  0.98434913034943028     
          36          37  0.90647449117144541     
          37          38   1.1519842955551811     
          37          39   1.7947724430196863     
          38          39  0.18108731097221234     
          11          40  0.96255390935319907     
          36          40  0.98063975858153907     
          40          41   1.2215893536303510     
          41          42  0.95151598258442638     
          42          43   1.4009331754333685     
          43          44   1.4459335624224399     
          42          45  0.10962227609998298     
          44          45   1.4331656118268301     
          43          46  0.11093744911406196     
          45          46   1.4450330663469699     
          42          47   1.3919355390634898     
          44          47  0.10647175077291020     
          46          47   1.4108211083628110     
          47          48  0.94937054422288947     
          48          49  0.93921789638578790     
          48          50  0.94918943254554144     
          48          51  0.95348475282592993     
          40          52  0.19526704591179050     
          41          52   1.6898205297202160     
           6          53  0.96411584456075905     
           7          54  0.96748196446312429     
           8          55  0.96820487603290117     
           9          56  0.96473711453605149     
          11          57  0.94933004660605325     
          12          58  0.95129233456126783     
          19          59  0.96527945417967631     
          20          60  0.96855046648461929     
          21          61  0.96852132653265155     
          22          62  0.96130110162777160     
          31          63  0.96513598571914971     
          32          64  0.96831311962030087     
          33          65  0.96747217528086438     
          34          66  0.96638232432041238     
          36          67  0.93625799762616624     
          38          68  0.85289582330442282     
          43          69  0.96706158899198447     
          44          70  0.96775239044762129     
          45          71  0.96824007335419271     
          46          72  0.96562304555266887     
