   -0.03437265
   -0.02803987
   -0.02994074
   -0.02616812
   -0.03569491
    0.00244511
    0.03589822
    0.03850517
    0.00675447
   -0.02917371
   -0.02466522
   -0.02689141
   -0.02564230
   -0.02820243
   -0.10956962
    0.27043719
   -0.01650249
   -0.03454758
    0.07447892
   -0.13858950
   -0.02378625
   -0.01180165
   -0.41993246
    0.08600015
    0.35479960
   -0.35206084
   -0.38483755
   -0.11348568
    0.27215478
   -0.02378008
   -0.06043267
    0.07265127
   -0.14689074
   -0.03684877
    0.07609911
   -0.41026699
    0.03371565
    0.03975492
    0.03912692
    0.04084566
    0.03634115
    0.09131778
    0.07744191
    0.03843758
    0.04129173
    0.03960386
    0.03783329
    0.01867955
    0.08710262
    0.07515210
    0.07763278
    0.34849341
    0.08555031
    0.07357903
