           1           2   1.4385514179126688     
           2           3   1.4433165763390290     
           1           4  0.11043486312108720     
           3           4   1.4344389836669018     
           2           5  0.11212288965846624     
           4           5   1.4488647061612321     
           1           6   1.4168190198014288     
           3           6  0.10953088962984983     
           5           6   1.4073730052253435     
           6           7  0.98641881200592785     
           7           8  0.95457098370346494     
           8           9  0.98660125210950089     
           9          10   1.4139168674007316     
          10          11   1.4435528955243715     
           9          12  0.10944300854329424     
          11          12   1.4397426892850649     
          10          13  0.11120338284665890     
          12          13   1.4380769377166851     
           9          14   1.4122298448898243     
          11          14  0.11167349188833585     
          13          14   1.4457012522605373     
           8          15  0.95332896520805310     
          15          16   1.2040194138112756     
          16          17   1.0198272357391949     
          17          18   1.5536913374880543     
          18          19   1.2721317130336052     
          19          20  0.99222000150393896     
          17          21  0.10865128179681900     
          19          21   1.5599732739508998     
          17          22   1.1441820310808111     
          21          22   1.2040347608075177     
          15          23  0.18689839728532398     
          16          23   1.6519027704997400     
          15          24  0.98918434301666081     
          24          25  0.90407357919649467     
          25          26   1.1715482386470519     
          25          27   1.7674478919961962     
          26          27  0.18350086815814007     
           7          28  0.96216377876452375     
          24          28  0.98880145262603902     
          28          29   1.1732817562734403     
          29          30   1.0217313865213589     
          30          31   1.5428634134655241     
          31          32   1.2729603554961701     
          32          33  0.98775807143668204     
          30          34  0.10233509046183464     
          32          34   1.5539816239853443     
          30          35   1.1608371876701808     
          34          35   1.2298836170251022     
          28          36  0.18025457938281936     
          29          36   1.6768837828217464     
           1          37  0.96670684518024474     
           2          38  0.97046628123775669     
           3          39  0.97085175509980959     
           4          40  0.97038014531910921     
           5          41  0.96647410691725322     
           7          42  0.93768121011539851     
           8          43  0.94885729166490629     
          10          44  0.96806693023714518     
          11          45  0.97035456716833102     
          12          46  0.97089441841338897     
          13          47  0.97071599068686321     
          14          48  0.96905161042331778     
          18          49  0.95763858402482749     
          21          50  0.96603797191293661     
          24          51  0.92646912876732035     
          26          52  0.85183600528062586     
          31          53  0.94905507860908811     
          34          54  0.96742692305970457     
