   -0.42986603
    0.27433614
   -0.01198965
   -0.02821994
   -0.02756452
   -0.02659077
   -0.02564350
   -0.01954647
   -0.12296497
    0.09612201
    0.35697932
   -0.35188794
   -0.39253813
   -0.11767928
    0.27362520
   -0.01799272
   -0.02046325
   -0.02651843
   -0.02467421
   -0.02498165
   -0.03451479
   -0.42463416
    0.03809005
   -0.00313560
   -0.03619836
    0.01774489
    0.01404415
   -0.03426739
   -0.02813518
   -0.02780232
   -0.03201136
   -0.03592676
   -0.04100524
    0.03463938
   -0.00536880
   -0.03468319
    0.01569760
    0.01358895
   -0.03334496
   -0.02814706
   -0.02759914
   -0.03177042
   -0.03332902
   -0.03756939
    0.03358524
    0.03812852
    0.03845884
    0.03904272
    0.04229833
    0.09071163
    0.34250365
    0.04530275
    0.03840074
    0.03830652
    0.04013521
    0.05478229
    0.08166575
    0.05093094
    0.03217033
    0.03284041
    0.03412218
    0.03909309
    0.03288023
    0.03054843
    0.05470674
    0.02746941
    0.03422774
    0.03427685
    0.03497163
    0.03444783
    0.03825552
    0.02943339
