           1           2   1.6902654399083106     
           2           3  0.97040011159504236     
           3           4   1.4027781618909938     
           4           5   1.4451265689371686     
           3           6  0.10965498130158592     
           5           6   1.4374121065387175     
           4           7  0.11028144896474794     
           6           7   1.4376213553920203     
           3           8   1.4020239061509319     
           5           8  0.11086330843756573     
           7           8   1.4456141973570484     
           1           9  0.18458743424745433     
           2           9   1.1991973996596867     
           9          10  0.97545143879657670     
          10          11  0.91958306173842608     
          11          12   1.1621541495885297     
          11          13   1.7688129827969135     
          12          13  0.18124277575880196     
          10          14  0.99595221248364196     
          14          15   1.1860613800422402     
          15          16  0.98162851133773921     
          16          17   1.3970408194585417     
          17          18   1.4477355147698714     
          16          19  0.10738222065762187     
          18          19   1.4359423883037776     
          17          20  0.11060861042581714     
          19          20   1.4385522624604861     
          16          21   1.3966552209366447     
          18          21  0.11024590922330993     
          20          21   1.4447949931054771     
          14          22  0.18234782558851581     
          15          22   1.6882139626079096     
          14          23  0.95361047540211108     
          23          24  0.98436636354220008     
          24          25   1.5167809171854347     
          25          26   1.2898561757523024     
          26          27   1.2482928654690963     
          27          28   1.2783292323601820     
          28          29   1.5595816291767295     
          29          30   1.3175470570211041     
          26          31   1.2744755066441478     
          28          31  0.11864465130634511     
          30          31   1.5616801246924816     
          25          32  0.11691974089677620     
          27          32   1.2826742458989147     
          24          33   1.3025900214367916     
          32          33   1.5523917273265120     
           9          34  0.96155622073979119     
          23          34  0.95844797855938646     
          34          35  0.98810935095272512     
          35          36   1.5217690375164976     
          36          37   1.2846124957001988     
          37          38   1.2495786994380973     
          38          39   1.2809793793649025     
          39          40   1.5571570535441266     
          40          41   1.3197958306432704     
          37          42   1.2776120294041358     
          39          42  0.11821480918675537     
          41          42   1.5587782308635194     
          36          43  0.11491217413008134     
          38          43   1.2778188286575520     
          35          44   1.2959095235432134     
          43          44   1.5613137993382118     
           4          45  0.96904381807137063     
           5          46  0.97020007700625244     
           6          47  0.97099156558161781     
           7          48  0.97001894417683876     
           8          49  0.96910401006815483     
          10          50  0.92084681304349347     
          12          51  0.85664465729772599     
          17          52  0.96828954633550457     
          18          53  0.97008382151905137     
          19          54  0.97096819606140339     
          20          55  0.97004069532844817     
          21          56  0.96376038148333809     
          23          57  0.94865941639505413     
          25          58  0.96464528582073661     
          28          59  0.96841831518579413     
          29          60  0.97099609584019042     
          30          61  0.97082014373406023     
          31          62  0.96794222920202944     
          32          63  0.96822521314035159     
          33          64  0.96404775314990221     
          34          65  0.95103350252771424     
          36          66  0.96457892630322262     
          39          67  0.96829135021880997     
          40          68  0.97089731585159333     
          41          69  0.97082112573744939     
          42          70  0.96775746956647779     
          43          71  0.96761875445947820     
          44          72  0.96811808595026849     
