   -0.03336410
   -0.02804541
   -0.02648574
   -0.04019268
    0.00719283
    0.01373051
   -0.03416727
   -0.02911938
   -0.03251792
   -0.00735917
    0.04154686
    0.04633643
   -0.00093262
   -0.03212313
   -0.02846017
   -0.03487637
    0.01620931
    0.01002214
   -0.03459989
   -0.02804863
   -0.02868695
   -0.03348482
   -0.11953814
    0.27406079
   -0.00947171
   -0.03971060
    0.00627500
   -0.03131113
   -0.03195788
   -0.02849471
   -0.03391191
    0.04351180
   -0.05108069
   -0.41489854
    0.09854528
    0.37232578
   -0.37326816
   -0.38842449
   -0.10578729
    0.27692037
    0.00095318
   -0.03853504
    0.00414895
    0.03547670
   -0.03638379
   -0.02959656
   -0.03220691
   -0.03104388
   -0.04506192
   -0.41754400
    0.03492181
    0.03520602
    0.03680608
    0.04715659
    0.03776975
    0.03786752
    0.03481335
    0.05052817
    0.07191310
    0.03368941
    0.03849811
    0.03787981
    0.02731099
    0.03184095
    0.03396091
    0.03593223
    0.04969246
    0.03908334
    0.03752347
    0.04014627
    0.04489677
    0.06313664
    0.34256113
    0.05082723
    0.04519787
    0.04237779
    0.04030457
    0.04159330
