           1           2   1.5555949540074889     
           2           3   1.3237824757539030     
           1           4  0.11837046186075958     
           3           4   1.5517256493940870     
           4           5   1.2844396916592402     
           1           6   1.2803287852355787     
           5           6   1.2514596219041523     
           6           7   1.2789981778323574     
           7           8   1.5516110315430121     
           8           9   1.3273313303985896     
           5          10   1.2504792800348448     
           7          10  0.11429915553819113     
           9          10   1.5177885354538885     
          10          11  0.99621980252282638     
          11          12  0.94396577384135849     
          12          13  0.98726708397192864     
          13          14   1.5268661340159406     
          14          15   1.3244184394384895     
          13          16  0.11440569858340328     
          15          16   1.5547302894414281     
          16          17   1.2785452659174630     
          13          18   1.2520338787882344     
          17          18   1.2528722059070412     
          18          19   1.2842230973686728     
          19          20   1.5536875797419971     
          20          21   1.3230302005710841     
          17          22   1.2800607948540845     
          19          22  0.11847231690386709     
          21          22   1.5565058472354816     
          12          23  0.96086220971873715     
          23          24   1.1949002287722175     
          24          25  0.99157639150930010     
          25          26   1.6297587953965649     
          26          27   1.1976493706033013     
          27          28   1.3263251492374992     
          28          29   1.4994303935527102     
          29          30   1.3804712691155225     
          28          31  0.11073315642085695     
          30          31   1.4754961263262916     
          27          32   1.2850207265249161     
          31          32   1.3782792628737259     
          25          33   1.1069851421117067     
          26          33  0.10031857265504746     
          32          33   1.1065528623467331     
          23          34  0.18792827841729981     
          24          34   1.6831167464575736     
          23          35  0.98423573975490763     
          35          36  0.91271679667583405     
          36          37   1.1278775125267193     
          36          38   1.7662372186945214     
          37          38  0.16541827547937926     
          11          39  0.95712412048686102     
          35          39  0.97196112963588854     
          39          40   1.2382658646183091     
          40          41  0.99073578438721688     
          41          42   1.6353876108351812     
          42          43   1.1944720836369704     
          43          44   1.2859402317037294     
          44          45   1.3792457474148798     
          45          46   1.4739179238574893     
          46          47   1.3818457078694264     
          43          48   1.3279350318113248     
          45          48  0.11042355512058329     
          47          48   1.4979269885839432     
          41          49   1.1078015354329380     
          44          49   1.1046340664106324     
          39          50  0.18940675029925433     
          40          50   1.6321896177676629     
           1          51  0.96794866272686986     
           2          52  0.97054964055718640     
           3          53  0.97076561797882421     
           4          54  0.96138330853079446     
           7          55  0.96773878757214704     
           8          56  0.96998564328033066     
           9          57  0.96679940553188115     
          11          58  0.95198752613918192     
          12          59  0.94475025612821817     
          14          60  0.96623182508280814     
          15          61  0.97010912367859037     
          16          62  0.96778887653884160     
          19          63  0.96224989108961911     
          20          64  0.97104975423860673     
          21          65  0.97067096934296360     
          22          66  0.96794268081330970     
          26          67  0.96128722789975163     
          28          68  0.96790717733481779     
          29          69  0.97068945456485300     
          30          70  0.97000942929905098     
          31          71  0.96828498960951925     
          35          72  0.94100952878093913     
          37          73  0.85771088684432972     
          42          74  0.96079233928808971     
          45          75  0.96822427779055809     
          46          76  0.96981220356652675     
          47          77  0.97044475599720426     
          48          78  0.96764506770813341     
