   -0.04146725
   -0.03540176
    0.01375213
   -0.03462807
   -0.02907829
   -0.02897993
   -0.03244475
    0.01677792
   -0.03656659
   -0.00298627
    0.04057034
    0.03430027
   -0.00260697
   -0.04226552
    0.01372458
   -0.03476292
   -0.02870595
   -0.02907968
   -0.03377710
    0.01273616
   -0.03365692
   -0.03345534
   -0.11420569
    0.26794392
    0.06936810
    0.00341409
   -0.11292478
   -0.07165815
    0.07546557
   -0.18752975
   -0.43599904
    0.09198346
    0.35790041
   -0.35377555
   -0.39427799
   -0.10881716
    0.26621752
    0.07090907
    0.01166493
   -0.11590766
   -0.07080491
    0.08031978
   -0.19645990
   -0.44437007
    0.03303982
    0.03162848
    0.03095823
    0.03098946
    0.03210733
    0.03856380
    0.05930434
    0.07642843
    0.06489148
    0.03226923
    0.03254496
    0.03325890
    0.03346946
    0.03448393
    0.03864422
    0.03434613
    0.05118880
    0.05712129
    0.07156472
    0.04689411
    0.05309037
    0.10989933
    0.34047847
    0.08009752
    0.05357187
    0.05604139
    0.04771722
    0.05495241
