           1           2   1.5572307292911984     
           2           3   1.2794719350620376     
           3           4   1.2796793375417561     
           4           5   1.5580314109432036     
           5           6   1.3191051591496035     
           4           7  0.11844744163591768     
           6           7   1.5598861956078678     
           3           8   1.2503916766419221     
           7           8   1.2765171802922315     
           2           9  0.11569943939774309     
           8           9   1.2846108089144364     
           1          10   1.2980299136615954     
           9          10   1.5231745771610798     
          10          11  0.98153312407134308     
          11          12  0.96345975480374468     
          12          13  0.98774481551261539     
          13          14   1.5255337759167289     
          14          15   1.2815793603392287     
          15          16   1.2787679488918120     
          16          17   1.5572521967439514     
          17          18   1.3212970958853356     
          16          19  0.11809457495537906     
          18          19   1.5556773080495607     
          15          20   1.2510372459686878     
          19          20   1.2821323811877607     
          14          21  0.11326853524574826     
          20          21   1.2754697049226467     
          13          22   1.2926945723995029     
          21          22   1.5653140780216503     
          12          23  0.95855884136455627     
          23          24   1.1905387104767413     
          24          25   1.0218594892321688     
          25          26   1.5005792143937033     
          26          27   1.0378750861623560     
          26          28   1.2821804473353193     
          25          29  0.13568463542841536     
          28          29   1.5941122975465585     
          25          30   1.0903135351437951     
          29          30   1.1462145270821489     
          23          31  0.17813654217203539     
          24          31   1.6509129850356283     
          23          32  0.98173764018090259     
          32          33  0.91664029645885392     
          33          34   1.1578404139470204     
          33          35   1.7732503251355065     
          34          35  0.18047829379185512     
          11          36  0.95183222318769956     
          32          36  0.99487216000540424     
          36          37   1.1917864077563192     
          37          38   1.0448092744148889     
          38          39   1.4869411182683134     
          39          40   1.0400153748868368     
          39          41   1.2871279468078969     
          38          42  0.13271564608590292     
          41          42   1.5898424116715666     
          38          43   1.0810332785560439     
          42          43   1.1474479890437608     
          36          44  0.17585184759310307     
          37          44   1.6239901960891885     
           1          45  0.96403831690288300     
           2          46  0.96825008560544623     
           4          47  0.96848632895264564     
           5          48  0.97111785419548990     
           6          49  0.97093665432201448     
           7          50  0.96798167719903727     
           9          51  0.96219384166468114     
          11          52  0.95377286515575121     
          12          53  0.95168711536421580     
          14          54  0.96545590736034848     
          16          55  0.96836362339294890     
          17          56  0.97090616612331537     
          18          57  0.97094372099991899     
          19          58  0.96831193126354176     
          21          59  0.96770915694293436     
          22          60  0.96754473872728286     
          27          61  0.96691447582333689     
          27          62  0.97113563985647122     
          27          63  0.97845116749498551     
          28          64  0.97351036016314973     
          29          65  0.96522720503180826     
          32          66  0.91122834124531815     
          34          67  0.85797080262017134     
          40          68  0.97433958211094429     
          40          69  0.97077508093246034     
          40          70  0.96455473694887428     
          41          71  0.97343988455767205     
          42          72  0.96493877779585246     
