   -0.03306126
   -0.03237792
    0.01339076
   -0.03323121
   -0.02833285
   -0.02824574
   -0.03361575
    0.01419172
   -0.04160294
   -0.00550570
    0.03363596
    0.04052854
   -0.00240763
   -0.04777889
    0.01311488
   -0.03707998
   -0.02953387
   -0.02896553
   -0.03262032
    0.01501350
   -0.03136647
   -0.03318415
   -0.11163687
    0.27819005
   -0.05660169
    0.09756665
   -0.18472676
    0.12398739
   -0.01682650
   -0.03581910
   -0.03329405
   -0.03236890
   -0.04785276
   -0.42518615
    0.09180833
    0.35438213
   -0.35321139
   -0.39707775
   -0.11928437
    0.27757953
   -0.05074265
    0.07998883
   -0.19338426
    0.12341611
   -0.00720265
   -0.03026625
   -0.03517944
   -0.03210175
   -0.04969172
   -0.42247778
    0.03539065
    0.04056979
    0.03656279
    0.03559158
    0.03541665
    0.03493991
    0.03037531
    0.05311829
    0.07681880
    0.03069545
    0.02775607
    0.03175578
    0.03325571
    0.03574891
    0.04141699
    0.06039275
    0.06933420
    0.03353642
    0.04274681
    0.04410239
    0.05138428
    0.10114337
    0.34328291
    0.05331080
    0.04466290
    0.04113838
    0.04271953
    0.04988115
