           1           2   1.5635298734071852     
           2           3   1.2755004370489560     
           3           4   1.2821016177876592     
           4           5   1.5554623195528683     
           5           6   1.3212915184712091     
           4           7  0.11812546529414336     
           6           7   1.5572151975193254     
           3           8   1.2501996664185846     
           7           8   1.2779558785352183     
           2           9  0.11358352317336730     
           8           9   1.2832250237973692     
           1          10   1.2949446937991143     
           9          10   1.5232661787791304     
          10          11  0.98829107125571813     
          11          12  0.96614533980588724     
          12          13  0.98262542621123661     
          13          14   1.5273388918107333     
          14          15   1.2781070362202833     
          15          16   1.2797591605815437     
          16          17   1.5567348298285306     
          17          18   1.3213014499355835     
          16          19  0.11801017415781778     
          18          19   1.5561653836499203     
          15          20   1.2520244141060184     
          19          20   1.2816813139342647     
          14          21  0.11346198214869278     
          20          21   1.2755167893156814     
          13          22   1.2917188310767682     
          21          22   1.5652385205221444     
          12          23  0.95004322074507364     
          23          24   1.1972275109590056     
          24          25  0.98526814613208480     
          25          26   1.6094977720749819     
          26          27   1.1293179474033970     
          27          28   1.0811296114540179     
          25          29   1.1648782646637166     
          28          29   1.2766039692039941     
          29          30   1.3332856339059256     
          30          31   1.4954148345760698     
          31          32   1.3849290191368262     
          28          33   1.3553523018089717     
          30          33  0.11512556870154618     
          32          33   1.4815915000857380     
          23          34  0.18454716012827754     
          24          34   1.6814203295878887     
          23          35  0.99356196538477104     
          35          36  0.91532332509406455     
          36          37   1.1600581302358279     
          36          38   1.7699091462337770     
          37          38  0.18047952770754758     
          11          39  0.95487012622257816     
          35          39  0.98405449759487462     
          39          40   1.1984814183091581     
          40          41  0.98006564345643321     
          41          42   1.6200914096952030     
          42          43   1.1140119211037660     
          43          44   1.0800437300519079     
          41          45   1.1615985341990982     
          44          45   1.2810149409594525     
          45          46   1.3377448207849278     
          46          47   1.4964300798960004     
          47          48   1.3852920641698383     
          44          49   1.3533752897972797     
          46          49  0.11639835687393797     
          48          49   1.4815924301587184     
          39          50  0.18728733734584346     
          40          50   1.6905168049727317     
           1          51  0.96232183456552267     
           2          52  0.96753748996153377     
           4          53  0.96813779639164776     
           5          54  0.97079111958626818     
           6          55  0.97075194067135906     
           7          56  0.96813689902112254     
           9          57  0.96504094224032910     
          11          58  0.95374568683274341     
          12          59  0.95408325022295626     
          14          60  0.96114390753887169     
          16          61  0.96841560749001343     
          17          62  0.97103765390372976     
          18          63  0.97095608081728380     
          19          64  0.96823843772275386     
          21          65  0.96729618286604124     
          22          66  0.96432881654365477     
          26          67  0.96353627904758732     
          30          68  0.96253653083435042     
          31          69  0.97050956554261492     
          32          70  0.97082345064456277     
          33          71  0.96688213799669387     
          35          72  0.91186405236719370     
          37          73  0.85591772561474233     
          42          74  0.96505381012847802     
          46          75  0.96843114717911638     
          47          76  0.97052040907546910     
          48          77  0.97092959579291238     
          49          78  0.96712023158922666     
