   -0.03786016
   -0.03460398
    0.01368415
   -0.03432044
   -0.02946448
   -0.02915420
   -0.03286789
    0.01698112
   -0.03381892
    0.00858718
    0.04852419
    0.04399603
    0.00704269
   -0.03560384
    0.01542024
   -0.03432396
   -0.02899545
   -0.02941132
   -0.03328312
    0.01397677
   -0.03214672
   -0.03343339
   -0.10880253
    0.27555897
   -0.06464566
    0.10791266
    0.00119853
   -0.03471769
   -0.03160747
   -0.03187454
   -0.02769155
   -0.03843195
   -0.18661451
    0.12464841
   -0.11714729
   -0.07892631
   -0.42172491
    0.09157062
    0.35153504
   -0.35352015
   -0.39593775
   -0.12057942
    0.27341254
   -0.06056311
    0.10420764
    0.00292846
   -0.03031581
   -0.02889015
   -0.03100493
   -0.02669931
   -0.03805372
   -0.18239136
    0.12357308
   -0.11761190
   -0.07088359
   -0.41897366
    0.04332864
    0.03364508
    0.03158198
    0.03104200
    0.03180025
    0.03478506
    0.03855887
    0.05503327
    0.06706469
    0.02590231
    0.03149266
    0.03122687
    0.03223121
    0.03397590
    0.03913059
    0.03488755
    0.04571825
    0.03343905
    0.03379340
    0.03824161
    0.05527496
    0.05893360
    0.06965042
    0.06703020
    0.03226063
    0.05824709
    0.34312895
    0.04740478
    0.03272369
    0.03328146
    0.03830491
    0.03497556
    0.05858120
    0.06731628
    0.06603556
    0.04211029
