           1           2   1.5647441783941987     
           2           3   1.2757741144397412     
           3           4   1.2820130389939532     
           4           5   1.5559623425251943     
           5           6   1.3210108252088288     
           4           7  0.11809009275472938     
           6           7   1.5576294448822521     
           3           8   1.2511834070083947     
           7           8   1.2788500450638014     
           2           9  0.11426765358725637     
           8           9   1.2814252103597885     
           1          10   1.2937168706671212     
           9          10   1.5274793529398418     
          10          11  0.98842063906356425     
          11          12  0.95354982277180000     
          12          13  0.98568230962034908     
          13          14   1.5288980438345554     
          14          15   1.2808411510472475     
          15          16   1.2790039353963505     
          16          17   1.5573634374711034     
          17          18   1.3210207302462260     
          16          19  0.11802696540295968     
          18          19   1.5559986263389687     
          15          20   1.2513367981130206     
          19          20   1.2821361452329600     
          14          21  0.11456021066791407     
          20          21   1.2755176613143060     
          13          22   1.2924989009671428     
          21          22   1.5652518848282218     
          12          23  0.96130250033383791     
          23          24   1.2064339869554042     
          24          25  0.97168192131576070     
          25          26   1.4751179104473675     
          26          27   1.0865241607296521     
          27          28   1.3683233555867347     
          28          29   1.4588271590099495     
          29          30   1.4298517562810478     
          28          31  0.10547548508983744     
          30          31   1.4303075610431868     
          27          32   1.3691472713601112     
          29          32  0.10591446884750325     
          31          32   1.4586270820133085     
          26          33   1.1023894639132694     
          26          34  0.11495793523963688     
          33          34   1.1241998499023418     
          34          35   1.0302983472411018     
          25          36   1.2615711637374099     
          34          36   1.5630534834661702     
          23          37  0.19132009820241933     
          24          37   1.6859178283767871     
          23          38  0.99059886572301770     
          38          39  0.90919790354933783     
          39          40   1.1589331466135266     
          39          41   1.7675500270055877     
          40          41  0.18019786491595391     
          11          42  0.95263074084487731     
          38          42  0.98413539468551070     
          42          43   1.1903665373191736     
          43          44  0.98072852017844969     
          44          45   1.4758956895663549     
          45          46   1.0825401870899591     
          46          47   1.3686814051981049     
          47          48   1.4573937759487974     
          48          49   1.4309415005580750     
          47          50  0.10544865211113150     
          49          50   1.4281225620994604     
          46          51   1.3638721523135970     
          48          51  0.10536801552562008     
          50          51   1.4587099319765751     
          45          52   1.1064464775348344     
          45          53  0.12014496901545332     
          52          53   1.1246327258943427     
          53          54   1.0298224388051878     
          44          55   1.2707512848882161     
          53          55   1.5599513581437399     
          42          56  0.18725447853396854     
          43          56   1.6905472490269118     
           1          57  0.96339046021693731     
           2          58  0.96807237644727651     
           4          59  0.96846862269891809     
           5          60  0.97110903889100486     
           6          61  0.97099971022254739     
           7          62  0.96822157544562926     
           9          63  0.96489859872149986     
          11          64  0.95402953762055587     
          12          65  0.95149394077674343     
          14          66  0.96419732697935523     
          16          67  0.96707363035294902     
          17          68  0.97103908456910437     
          18          69  0.97104206287696204     
          19          70  0.96832746078508747     
          21          71  0.96754720688986506     
          22          72  0.96844510562594721     
          28          73  0.96835066615839893     
          29          74  0.97068326565214957     
          30          75  0.97141804186956660     
          31          76  0.97047065464112559     
          32          77  0.96421356415088000     
          35          78  0.98282045729153888     
          35          79  0.96500696792890106     
          35          80  0.96976943958258177     
          36          81  0.97321282711516788     
          38          82  0.93071497419246552     
          40          83  0.85357312877248215     
          47          84  0.96843809500623124     
          48          85  0.97025386015076542     
          49          86  0.97092695180676658     
          50          87  0.96960876976477384     
          51          88  0.96576850360891509     
          54          89  0.98312150745944749     
          54          90  0.96491643716051578     
          54          91  0.97154627062156562     
          55          92  0.97432914352420608     
