    0.15076013
   -0.27356423
    0.03906645
   -0.06150309
   -0.02915443
   -0.03947397
   -0.03651016
   -0.00875732
    0.04295694
    0.04289410
   -0.00907099
   -0.03314285
   -0.03806473
   -0.02957150
   -0.06324225
    0.14538567
   -0.27154086
    0.03738830
   -0.11138631
    0.28091158
   -0.04708226
    0.15887276
   -0.22017754
   -0.05779073
   -0.02218148
    0.02937053
   -0.39907597
    0.08712786
    0.35565881
   -0.33959576
   -0.39623688
   -0.10446523
    0.28584089
   -0.04795864
    0.16053522
   -0.22117556
   -0.05750731
   -0.02611702
    0.03905357
   -0.39872341
    0.03808368
    0.04798487
    0.06397078
    0.04044160
    0.03835714
    0.03755583
    0.05490643
    0.08046303
    0.07405158
    0.04667998
    0.03980927
    0.03932115
    0.04142646
    0.04104595
    0.04694603
    0.06244842
    0.07035089
    0.06970770
    0.06341561
    0.35013065
    0.07124633
    0.06890427
