           1           2   1.0645475584321780     
           2           3  0.98096258123374735     
           1           4   1.3896777319541447     
           4           5   1.4273106551387369     
           5           6   1.4516794929632957     
           4           7  0.10041294868357344     
           6           7   1.4146660532658335     
           1           8   1.3106890075986721     
           5           8  0.10593446758947712     
           7           8   1.4486247318729679     
           8           9  0.99754812713847718     
           9          10  0.96336761841449081     
          10          11  0.99470387754615597     
          11          12   1.4333484126064662     
          12          13   1.4293568544252693     
          11          14  0.10620744859787752     
          13          14   1.4409662933674656     
          12          15  0.10329023722943842     
          14          15   1.4375005226043087     
          11          16   1.3275819903643562     
          15          16   1.3800181428667135     
          16          17   1.0587322344580996     
          17          18  0.98152029443456990     
          10          19  0.94134910396848592     
          19          20   1.2261163804205413     
          20          21  0.95505337905904586     
          21          22   1.5346540308345986     
          22          23  0.95964310071487047     
          22          24   1.2401586560752145     
          21          25  0.11633699257763427     
          24          25   1.6282860621830151     
          21          26   1.1640577654471875     
          25          26   1.2001626932641647     
          19          27  0.20292101745731708     
          20          27   1.6981353992448727     
          19          28  0.97782378729124952     
          28          29  0.90650802358036431     
          29          30   1.1796202649021614     
          29          31   1.7652642103039202     
          30          31  0.18650916640527354     
           9          32  0.93842147437352974     
          28          32  0.98908979168863242     
          32          33   1.2124518685856673     
          33          34  0.96116653513412909     
          34          35   1.5249678627947252     
          35          36  0.95931076953747030     
          35          37   1.2453672882862454     
          34          38  0.11568212862732111     
          37          38   1.6221844537436225     
          34          39   1.1672786759813931     
          38          39   1.2055902434304524     
          32          40  0.19417991624638331     
          33          40   1.7001899353123486     
           3          41  0.97666639132694866     
           3          42  0.97716964803224438     
           3          43  0.97927879408059493     
           4          44  0.96563307777467422     
           5          45  0.97090770582632113     
           6          46  0.97087534414573018     
           7          47  0.96037479759371491     
           9          48  0.93597793653783290     
          10          49  0.94713622866133296     
          12          50  0.96378569228290523     
          13          51  0.97062699663201180     
          14          52  0.97083969806448989     
          15          53  0.96524305328864457     
          18          54  0.97639309484188386     
          18          55  0.97675523295815259     
          18          56  0.97937034263799305     
          24          57  0.96080083568330166     
          25          58  0.96772125346264504     
          28          59  0.94677950298979963     
          30          60  0.84981342331572784     
          37          61  0.96066677966488512     
          38          62  0.96805488916603466     
