   -0.03702902
   -0.02699622
   -0.02987191
   -0.02709197
   -0.03036944
    0.00373998
    0.04178663
    0.03187987
   -0.00047283
   -0.03482256
   -0.02704358
   -0.02891339
   -0.02613603
   -0.03035883
   -0.10928007
    0.27341528
   -0.02296599
    0.01434574
   -0.10821468
   -0.05202478
   -0.01895569
   -0.02815058
   -0.43758846
    0.09129575
    0.35760827
   -0.35084384
   -0.39275806
   -0.11106596
    0.27631492
   -0.02713213
    0.01766168
   -0.10730502
   -0.04872085
   -0.01770902
   -0.03284639
   -0.42049928
    0.03164802
    0.03736980
    0.03692905
    0.03827251
    0.03698132
    0.07945788
    0.06388089
    0.03383213
    0.03793072
    0.03777533
    0.03950817
    0.03567925
    0.05549644
    0.06329028
    0.04875131
    0.04494355
    0.05186157
    0.09856806
    0.34243978
    0.06292693
    0.05366072
    0.05026684
    0.04532305
    0.05032487
