           1           2   1.4523187852476429     
           2           3   1.4315383838199971     
           1           4  0.11276426831933158     
           3           4   1.4465019844560167     
           2           5  0.11001598291609098     
           4           5   1.4347452214904572     
           1           6   1.4035330227321947     
           3           6  0.10967300052080174     
           5           6   1.4228996564902905     
           6           7  0.98323666597075299     
           7           8  0.95076580510497710     
           8           9  0.98897493364496758     
           9          10   1.4136780560001261     
          10          11   1.4419303254830260     
           9          12  0.10905858515337750     
          11          12   1.4405441404207349     
          10          13  0.10986914988139262     
          12          13   1.4354708208056317     
           9          14   1.4091197441196859     
          11          14  0.11163639246880523     
          13          14   1.4475529483753984     
           8          15  0.96305934278149052     
          15          16   1.2039873444108304     
          16          17   1.0040136089736154     
          17          18   1.5464966388957513     
          18          19   1.0265616995633857     
          18          20   1.2476180968653925     
          17          21  0.11011312632811687     
          20          21   1.6316321039256874     
          17          22   1.1347664227666592     
          21          22   1.1938000515612321     
          15          23  0.18446516551654601     
          16          23   1.6581982387741252     
          15          24  0.98888536981697106     
          24          25  0.90958551275109478     
          25          26   1.1672324376631851     
          25          27   1.7708626177223954     
          26          27  0.18380606585771600     
           7          28  0.97081120206737814     
          24          28  0.98419668980785557     
          28          29   1.1959339899740808     
          29          30  0.98416825989930490     
          30          31   1.5638103093569204     
          31          32   1.0251904098178148     
          31          33   1.2401780556623128     
          30          34  0.11537299947897603     
          33          34   1.6404798558092686     
          30          35   1.1329283907968117     
          34          35   1.1858109454400094     
          28          36  0.18776274489633851     
          29          36   1.6825933757546645     
           1          37  0.96783192085995318     
           2          38  0.97060769001214653     
           3          39  0.97101552557481674     
           4          40  0.97066966659258169     
           5          41  0.96542566082060821     
           7          42  0.94377926238345400     
           8          43  0.95066907694127856     
          10          44  0.96769476413063971     
          11          45  0.97058826917607999     
          12          46  0.97101356193281019     
          13          47  0.97040126514884228     
          14          48  0.96851887190680708     
          19          49  0.97347695735415007     
          19          50  0.98021715619573901     
          19          51  0.96467427510516690     
          20          52  0.96350835060213624     
          21          53  0.96908514614999985     
          24          54  0.92598914393972831     
          26          55  0.85626586434394003     
          32          56  0.96212698643247252     
          32          57  0.97880798915116485     
          32          58  0.98038767263650028     
          33          59  0.96298095685823748     
          34          60  0.96933815887333052     
