   -0.02283988
    0.48539125
   -0.20041342
   -0.22418355
   -0.20403369
   -0.01847457
   -0.02034959
   -0.01610858
   -0.02209573
    0.02625309
    0.04430760
    0.05015394
    0.02809266
   -0.02279332
    0.48584504
   -0.22522925
   -0.20052685
   -0.20413936
   -0.01814024
   -0.01976317
   -0.01477790
   -0.02003086
   -0.12888672
    0.27995148
   -0.02735985
   -0.03506962
   -0.05558521
    0.14730837
   -0.26330566
    0.03383838
   -0.06334772
   -0.01596924
   -0.40413976
    0.08456330
    0.34559008
   -0.35968807
   -0.38054376
   -0.11672238
    0.27485521
   -0.02820255
   -0.03475010
   -0.06665482
    0.14749564
   -0.26138632
    0.03392116
   -0.05338126
   -0.02105265
   -0.41123474
    0.06856679
    0.05781156
    0.05418246
    0.04907754
    0.06748444
    0.05456031
    0.06848565
    0.05848846
    0.05680669
    0.04928733
    0.03503686
    0.05287598
    0.04346672
    0.04571024
    0.06555881
    0.04712701
    0.06482263
    0.08346301
    0.34625968
    0.03462736
    0.04384834
    0.06663429
    0.04321509
    0.04498075
    0.05748924
    0.05374595
