           1           2  0.95197251618610312     
           2           3  0.95598557669372475     
           2           4  0.92784112517378836     
           2           5  0.94593467306392143     
           1           6   1.4141282489979705     
           6           7   1.4426951878128964     
           1           8  0.10506191102322424     
           7           8   1.4335997766189599     
           6           9  0.10899984622899922     
           8           9   1.4479277940168385     
           1          10   1.3837586713210168     
           7          10  0.10837261902655163     
           9          10   1.4096864468561772     
          10          11  0.99646384957401479     
          11          12  0.94767227967931933     
          12          13  0.99949557391007560     
          13          14   1.3868991977608793     
          14          15  0.95253538780314229     
          15          16  0.92666212491169409     
          15          17  0.95612769175398060     
          15          18  0.94620040326473753     
          14          19   1.4110911240289095     
          13          20  0.10844867245278433     
          19          20   1.4451463300777150     
          14          21  0.10433270509267326     
          20          21   1.4307830412072715     
          13          22   1.4060594550589773     
          19          22  0.10928483645637128     
          21          22   1.4510582729570836     
          12          23  0.95857465161564948     
          23          24   1.1546350765511062     
          24          25  0.98119903449040191     
          25          26   1.3713683374176953     
          26          27   1.4808162637121587     
          27          28   1.3379995485073510     
          28          29   1.0738273618884884     
          29          30  0.98195888241499218     
          28          31   1.3715462498949851     
          25          32   1.4050256704614721     
          27          32  0.10395029125414836     
          31          32   1.4455047601837747     
          23          33  0.17341863917400502     
          24          33   1.7172369946033574     
          23          34  0.99324372073730272     
          34          35  0.90564029933129109     
          35          36   1.1553478598523612     
          35          37   1.7857178576720503     
          36          37  0.18220805117330705     
          11          38  0.95494406233032525     
          34          38  0.99512454752442892     
          38          39   1.1887755813286449     
          39          40  0.96544304020644478     
          40          41   1.4067025130428910     
          41          42   1.4410753950978226     
          42          43   1.3689941828118788     
          43          44   1.0756143389021531     
          44          45  0.98197510674010435     
          41          46  0.10662341514871591     
          43          46   1.3422036758159639     
          40          47   1.3814130907746676     
          46          47   1.4777418610678292     
          38          48  0.18772076184707512     
          39          48   1.7056639581778010     
           6          49  0.96540170485630283     
           7          50  0.96877514722062397     
           8          51  0.96912646119894652     
           9          52  0.96423651428466184     
          11          53  0.95253560410776350     
          12          54  0.95316119656944820     
          19          55  0.96550127898794980     
          20          56  0.96872365383920334     
          21          57  0.96883013457152489     
          22          58  0.96636412567804242     
          26          59  0.96684087723751833     
          27          60  0.96716053488957232     
          30          61  0.97645494283890155     
          30          62  0.97657478445479418     
          30          63  0.97942796206938809     
          31          64  0.96470466173438507     
          32          65  0.96686390140698886     
          34          66  0.91593649622633444     
          36          67  0.85304002250568489     
          41          68  0.96750164090976520     
          42          69  0.96508142532549390     
          45          70  0.97929900020673721     
          45          71  0.97656936639607206     
          45          72  0.97645272275546113     
          46          73  0.96656988360902785     
          47          74  0.96806617926416516     
