   -0.43762524
    0.27191023
   -0.01610379
   -0.04474947
    0.01853849
   -0.10939977
   -0.04914631
    0.01956576
   -0.11053858
   -0.03712136
   -0.11562937
    0.09290910
    0.35816736
   -0.35642230
   -0.38950109
   -0.12377158
    0.27194917
   -0.02373389
   -0.03594342
    0.01995722
   -0.11032753
   -0.04600974
    0.02248676
   -0.11290425
   -0.05067936
   -0.42251399
    0.03723149
    0.00298076
   -0.03805418
   -0.02834903
   -0.03131670
   -0.02753951
   -0.03273327
    0.03412005
    0.00019851
   -0.02758641
   -0.02575866
   -0.02910856
   -0.02688536
   -0.03421273
    0.03103892
    0.04143577
    0.04661234
    0.05066667
    0.03526253
    0.05139053
    0.04829472
    0.04399198
    0.03870653
    0.09538946
    0.34052498
    0.04333585
    0.04618897
    0.04999694
    0.04591528
    0.03632833
    0.04561989
    0.05362848
    0.05095542
    0.05193507
    0.08638936
    0.03081944
    0.03524821
    0.03537850
    0.03865228
    0.04001411
    0.05466240
    0.03361649
    0.03892484
    0.03605352
    0.03672537
    0.02994738
