           1           2   1.6806755231856656     
           2           3  0.96743931774266989     
           3           4   1.3920464547877625     
           4           5   1.4232035302537689     
           5           6   1.0246327875521273     
           3           7  0.10429359813548000     
           5           7   1.4012797419653571     
           4           8  0.10315638735451983     
           7           8   1.4257540153617636     
           8           9   1.0253443906008697     
           3          10   1.4181058109940989     
           5          10  0.10513386526828966     
           8          10   1.3995434521029138     
           1          11  0.18843864913389219     
           2          11   1.2093416586897998     
          11          12  0.97996999171800769     
          12          13  0.91501755861813139     
          13          14   1.1600720127654554     
          13          15   1.7731589359183968     
          14          15  0.18129659840598347     
          12          16  0.98613131232318485     
          16          17   1.1641385356126372     
          17          18  0.99352127009083679     
          18          19   1.3921652081176608     
          19          20   1.4174885106688671     
          20          21   1.0250807927027468     
          18          22  0.10105634161865497     
          20          22   1.4094486134341115     
          19          23  0.10289431963436972     
          22          23   1.4148583554896881     
          23          24   1.0260167580076618     
          18          25   1.3948816529485197     
          20          25  0.10254539075754507     
          23          25   1.4101731548020306     
          16          26  0.17512307869726731     
          17          26   1.6941535364773221     
          16          27  0.97231039008844933     
          27          28  0.98989615186126290     
          28          29   1.4043711693148118     
          29          30   1.4507172070049588     
          28          31  0.10935969724487510     
          30          31   1.4330060936788378     
          29          32  0.11221864693888213     
          31          32   1.4442727596437506     
          28          33   1.4183001297173516     
          30          33  0.11007820201868417     
          32          33   1.4376369274443892     
          11          34  0.96447759525982213     
          27          34  0.94620864909900926     
          34          35  0.99170608925423676     
          35          36   1.4073069431810048     
          36          37   1.4493150836260413     
          35          38  0.10925622955713288     
          37          38   1.4346870961244760     
          36          39  0.11148210671703970     
          38          39   1.4403895685604680     
          35          40   1.4143943110484143     
          37          40  0.10957427254257066     
          39          40   1.4418786516305768     
           4          41  0.96720923351103616     
           6          42  0.98545965909013744     
           6          43  0.97598167064346419     
           6          44  0.96960965068761806     
           7          45  0.96758573689795024     
           9          46  0.97349728116969769     
           9          47  0.97010813674071039     
           9          48  0.98556156629942937     
          10          49  0.96853400233671660     
          12          50  0.93200603416444638     
          14          51  0.85794011080866195     
          19          52  0.96716477537589118     
          21          53  0.98287003541934381     
          21          54  0.96712787952275248     
          21          55  0.98028554254831646     
          22          56  0.96779911608333236     
          24          57  0.98102731932289777     
          24          58  0.98110089479236229     
          24          59  0.96628495856419927     
          25          60  0.96197931215833754     
          27          61  0.93751060987675239     
          29          62  0.96768247549149344     
          30          63  0.97079444610862475     
          31          64  0.97113665623953493     
          32          65  0.97058054314311126     
          33          66  0.96630880401276320     
          34          67  0.95228845780340365     
          36          68  0.96864403260491960     
          37          69  0.97062182396916374     
          38          70  0.97102488544854837     
          39          71  0.97066826626672176     
          40          72  0.96797217169178751     
