   -0.02169399
    0.48761098
   -0.20379265
   -0.21318353
   -0.20810078
   -0.01715902
   -0.01856925
   -0.01467649
   -0.02194219
    0.02472598
    0.04904370
    0.04180111
    0.00532079
   -0.03576407
    0.48538072
   -0.20003828
   -0.21361392
   -0.20441211
   -0.02452887
   -0.02348795
   -0.01949940
   -0.03491755
   -0.10042580
    0.28003325
   -0.02214589
    0.08181044
   -0.13951369
   -0.02946891
   -0.02522795
   -0.03073967
   -0.02496062
   -0.41279328
    0.09392288
    0.36795617
   -0.36343205
   -0.37967049
   -0.10792615
    0.28254730
   -0.02343194
   -0.02483719
   -0.02349048
   -0.02129930
   -0.02535681
    0.08582977
   -0.15971471
   -0.41371718
    0.06815615
    0.06009222
    0.05868707
    0.05200407
    0.06386797
    0.06746147
    0.06934007
    0.06082121
    0.06074164
    0.07516379
    0.07038443
    0.05470703
    0.04949197
    0.04962728
    0.08430137
    0.34842656
    0.05484158
    0.05368915
    0.05318390
    0.06256018
