           1           2  0.95085037212060208     
           2           3  0.95040184531487892     
           2           4  0.94341399053293562     
           2           5  0.93772305131577871     
           1           6   1.4082940222894935     
           6           7   1.4468028410143339     
           1           8  0.10571630746716863     
           7           8   1.4300649857005263     
           6           9  0.10866103092145075     
           8           9   1.4510926212283501     
           1          10   1.3886621352407218     
           7          10  0.10764029689170231     
           9          10   1.4040621951336729     
          10          11  0.99534158016985097     
          11          12  0.94643045884227917     
          12          13  0.99428081884933561     
          13          14   1.3894656572647064     
          14          15  0.94885078920884713     
          15          16  0.95504903278081354     
          15          17  0.93823467553503714     
          15          18  0.94411235283393791     
          14          19   1.4098810849278187     
          13          20  0.10793350710004079     
          19          20   1.4457651040699080     
          14          21  0.10384702463258053     
          20          21   1.4300345378143959     
          13          22   1.4042297718544055     
          19          22  0.10968007332202145     
          21          22   1.4503794642497487     
          12          23  0.96648368966789211     
          23          24   1.2201650060388025     
          24          25  0.96204431754615594     
          25          26   1.3777738904478005     
          26          27  0.99447930736292733     
          26          28   1.4077103908719160     
          25          29  0.10623115477697058     
          28          29   1.4427080519472189     
          29          30   1.4300146117865689     
          25          31   1.4014584442161642     
          28          31  0.10895454724324272     
          30          31   1.4443966140223043     
          23          32  0.19003189867922421     
          24          32   1.6754302360724553     
          23          33  0.97700256370022365     
          33          34  0.90638298272056683     
          34          35   1.1430328884894376     
          34          36   1.7838213566887215     
          35          36  0.17564025397311517     
          11          37  0.95785335431604357     
          33          37  0.98379584744293846     
          37          38   1.2108954917692214     
          38          39  0.95179939939621827     
          39          40   1.4046668591314937     
          40          41   1.4393811824921849     
          39          42  0.10846120426900767     
          41          42   1.4364189847612612     
          40          43  0.10958007257431254     
          42          43   1.4366514603898473     
          39          44   1.3873549418088453     
          41          44  0.10159684681238866     
          43          44   1.4159509385933875     
          44          45  0.97313912291431748     
          37          46  0.19260440474569046     
          38          46   1.6962545517657719     
           6          47  0.96575237319690199     
           7          48  0.96833015433806269     
           8          49  0.96837604776648245     
           9          50  0.96522119719666744     
          11          51  0.94863542509127852     
          12          52  0.95044935387090324     
          19          53  0.96513486474948995     
          20          54  0.96828878879009750     
          21          55  0.96821585381411668     
          22          56  0.95736768760082425     
          28          57  0.96531450451808509     
          29          58  0.96792195219925781     
          30          59  0.96896595642687899     
          31          60  0.96649821126920821     
          33          61  0.94135043427821108     
          35          62  0.85280853897017206     
          40          63  0.96638029261647340     
          41          64  0.96842152437105899     
          42          65  0.96798059188105401     
          43          66  0.96655869767865221     
