   -0.03298902
   -0.02773026
   -0.02908456
   -0.02650110
   -0.02971503
    0.00532752
    0.04178529
    0.03533870
    0.00178098
   -0.03563510
   -0.02869789
   -0.03049053
   -0.02682377
   -0.03656454
   -0.12167004
    0.27245211
   -0.02719859
   -0.03223667
   -0.06610396
    0.14968035
   -0.25906152
    0.03432699
   -0.05226637
   -0.01937263
   -0.42051244
    0.08694636
    0.35198397
   -0.36245155
   -0.38390640
   -0.11898765
    0.27347243
   -0.03304101
   -0.03069110
   -0.05117364
    0.14786309
   -0.26160994
    0.03560574
   -0.06609780
   -0.02547575
   -0.42417014
    0.03057716
    0.03622273
    0.03591458
    0.03753187
    0.03801413
    0.06713580
    0.05770277
    0.03890606
    0.03822557
    0.03712804
    0.03851615
    0.03419133
    0.04247745
    0.04090920
    0.04442850
    0.04260915
    0.06664297
    0.05821307
    0.05941599
    0.10304007
    0.33950751
    0.04308861
    0.05828960
    0.04230758
    0.04214414
    0.06478928
    0.04057061
    0.04519554
