           1           2   1.4485303905547831     
           2           3   1.4356106447880712     
           1           4  0.11195208626633041     
           3           4   1.4416650469585099     
           2           5  0.11064618751535571     
           4           5   1.4412479066711437     
           1           6   1.4092706056552731     
           3           6  0.10950306520761380     
           5           6   1.4165285604642304     
           6           7  0.98852028443935747     
           7           8  0.94689650921868085     
           8           9  0.98794345576828690     
           9          10   1.4181216609646317     
          10          11   1.4359016043545192     
           9          12  0.10961920617677912     
          11          12   1.4448950159428802     
          10          13  0.10967440733394473     
          12          13   1.4324716278629435     
           9          14   1.4053645398031263     
          11          14  0.11230784403947545     
          13          14   1.4514491441988415     
           8          15  0.97429578543030193     
          15          16   1.1641883130876727     
          16          17  0.99641376964630279     
          17          18   1.3966620738866360     
          18          19   1.4478050874195660     
          19          20   1.3666839685697980     
          20          21   1.0783934288920369     
          21          22  0.98235375103730160     
          18          23  0.10321948637121833     
          20          23   1.3359620665459122     
          17          24   1.3652659423766826     
          23          24   1.4885670040609442     
          15          25  0.17363855670308148     
          16          25   1.6926082966952904     
          15          26  0.98082093834128681     
          26          27  0.91706494897460533     
          27          28   1.1494014519461939     
          27          29   1.7809668507973155     
          28          29  0.18148189615737539     
           7          30  0.96071052341072893     
          26          30  0.98439475565980683     
          30          31   1.1973497459724942     
          31          32  0.97100096458094309     
          32          33   1.3744778855286857     
          33          34   1.4822618980575786     
          34          35   1.3390289182722650     
          35          36   1.0725108366145564     
          36          37  0.98394130296249926     
          33          38  0.10007678829896806     
          35          38   1.3734516704425308     
          32          39   1.4129988552760175     
          34          39  0.10577554792267647     
          38          39   1.4396603604196836     
          30          40  0.18536484107203122     
          31          40   1.6924867067106535     
           1          41  0.96780536186940957     
           2          42  0.97080927548798335     
           3          43  0.97115784604266742     
           4          44  0.97063482913727028     
           5          45  0.96793423539688894     
           7          46  0.95265290056781970     
           8          47  0.94483698924875603     
          10          48  0.96379257301433574     
          11          49  0.97063174082383430     
          12          50  0.97102418377010769     
          13          51  0.97057726992592752     
          14          52  0.96820942996050463     
          18          53  0.96497581721260206     
          19          54  0.96543962388447824     
          22          55  0.97639230177547809     
          22          56  0.97651338093611417     
          22          57  0.97930243333010847     
          23          58  0.96645233036224587     
          24          59  0.96675609700987042     
          26          60  0.92602477766504676     
          28          61  0.85874808466545638     
          33          62  0.96745657345116320     
          34          63  0.96650543613064632     
          37          64  0.97650903250518362     
          37          65  0.97644186238368480     
          37          66  0.97946827970502404     
          38          67  0.96536596739911917     
          39          68  0.96920656859654630     
