   -0.02649219
    0.48771284
   -0.20931132
   -0.21160277
   -0.20348645
   -0.02180662
   -0.02109992
   -0.01471838
   -0.02641436
    0.00897299
    0.04234366
    0.04533351
    0.02134655
   -0.03038733
    0.48376755
   -0.22236356
   -0.19895051
   -0.20974579
   -0.02151725
   -0.02324911
   -0.01712879
   -0.02668976
   -0.11324898
    0.27329364
   -0.02324377
   -0.04082643
    0.01847119
   -0.11142450
   -0.04919315
    0.02394504
   -0.11212818
   -0.04301774
   -0.41895198
    0.09536145
    0.36841409
   -0.34816975
   -0.40592794
   -0.11851280
    0.27779971
   -0.01723894
   -0.04386870
    0.01876909
   -0.11271065
   -0.05130224
    0.01977053
   -0.11218893
   -0.04405695
   -0.41160786
    0.07075044
    0.05982149
    0.06151810
    0.05166761
    0.05616234
    0.08232305
    0.06146578
    0.05555150
    0.05735465
    0.07495979
    0.03782570
    0.04793000
    0.04400817
    0.05238232
    0.03624206
    0.04584189
    0.05048412
    0.05324856
    0.03752608
    0.07876736
    0.34768904
    0.04066309
    0.04570441
    0.05550604
    0.04693824
    0.03934166
    0.05288255
    0.04933580
    0.04656432
    0.03682563
