           1           2  0.95034565944907357     
           2           3  0.94441461601715426     
           2           4  0.93761109069496407     
           2           5  0.95142724878281970     
           1           6   1.4124782334731334     
           6           7   1.4434240615038807     
           1           8  0.10564298758939102     
           7           8   1.4332268703714619     
           6           9  0.10853484436420838     
           8           9   1.4473524710616279     
           1          10   1.3852016539726903     
           7          10  0.10795567948398345     
           9          10   1.4089502904739613     
          10          11  0.99127341539949043     
          11          12  0.94824672672877008     
          12          13  0.98926202231834515     
          13          14   1.3948992296682516     
          14          15  0.95081805458167212     
          15          16  0.92439347930592375     
          15          17  0.95488393021032736     
          15          18  0.94795605601151534     
          14          19   1.3993944289920592     
          13          20  0.10618946372149293     
          19          20   1.4533684018664201     
          14          21  0.10497969238165940     
          20          21   1.4253103123081181     
          13          22   1.4009972080187636     
          19          22  0.11092476062340038     
          21          22   1.4550824797587223     
          12          23  0.96466596418726303     
          23          24   1.1945345496715964     
          24          25  0.96030604803643138     
          25          26   1.4096017586521898     
          26          27   1.4046306697383499     
          27          28   1.0250241899633508     
          25          29  0.10285819262524482     
          27          29   1.4189117403048483     
          26          30  0.10594234851989903     
          29          30   1.4099727826511330     
          30          31   1.0262474146190421     
          25          32   1.4056531035258970     
          27          32  0.10588868580893179     
          30          32   1.4111996110874210     
          23          33  0.18839564793093996     
          24          33   1.7002366946647196     
          23          34  0.98749628663363354     
          34          35  0.90753754882478954     
          35          36   1.1733476736006250     
          35          37   1.7460448122641887     
          36          37  0.17715149216186124     
          11          38  0.96841597648154720     
          34          38  0.97362997824285868     
          38          39   1.1989036396107220     
          39          40  0.95921457299987478     
          40          41   1.4080890547327205     
          41          42   1.4086771113553902     
          42          43   1.0252576662143653     
          40          44  0.10771907055307227     
          42          44   1.4156770999200907     
          41          45  0.10415402755872395     
          44          45   1.4145878160634715     
          45          46   1.0254836789070028     
          40          47   1.4060729048912959     
          42          47  0.10403199971418253     
          45          47   1.4083073793124492     
          38          48  0.18364815346626015     
          39          48   1.6922802954916492     
           6          49  0.96499978925311125     
           7          50  0.96833132480136686     
           8          51  0.96798681728332747     
           9          52  0.96526474428016740     
          11          53  0.94966761870810734     
          12          54  0.94902981685639864     
          19          55  0.96666658084884582     
          20          56  0.96880469956507653     
          21          57  0.96862286149397625     
          22          58  0.95746912578889143     
          26          59  0.96878379485929755     
          28          60  0.97382095547947745     
          28          61  0.98547563258868776     
          28          62  0.97051746413507323     
          29          63  0.96663315636659775     
          31          64  0.98398324140746829     
          31          65  0.97738055230856780     
          31          66  0.96699377749032300     
          32          67  0.96793177408861297     
          34          68  0.94204486969002466     
          36          69  0.85273199438074365     
          41          70  0.96691717367578311     
          43          71  0.98550885833832491     
          43          72  0.97148833988110228     
          43          73  0.97208848095954026     
          44          74  0.96842560397884347     
          46          75  0.97374905231222719     
          46          76  0.97006704467012872     
          46          77  0.98522401823166739     
          47          78  0.96707963844175171     
