   -0.03370760
   -0.02650165
   -0.02482634
   -0.02956089
    0.01360559
    0.01586656
   -0.03363852
   -0.03255516
   -0.03862936
   -0.00648624
    0.03700721
    0.04177634
    0.00060390
   -0.02697522
   -0.02553061
   -0.03252152
    0.01705455
    0.01106604
   -0.03949184
   -0.02967648
   -0.02889598
   -0.03116803
   -0.11633977
    0.27813959
   -0.00284657
   -0.01181544
   -0.01841432
    0.00401040
    0.54659226
   -0.37885471
   -0.37960416
   -0.02342721
   -0.03080602
   -0.39613669
    0.09139529
    0.34878728
   -0.36027895
   -0.38216367
   -0.10975410
    0.27408717
   -0.00297610
   -0.02642196
   -0.02146025
    0.00482697
    0.54771701
   -0.37499432
   -0.37893995
   -0.01899603
   -0.01756781
   -0.40029225
    0.03667730
    0.03702122
    0.03905466
    0.04610061
    0.03978150
    0.03574681
    0.02423616
    0.07601387
    0.06343533
    0.03931010
    0.04234372
    0.04126363
    0.01840368
    0.02607912
    0.03653678
    0.03868360
    0.08032552
    0.08931167
    0.08466708
    0.05150095
    0.06494680
    0.35064203
    0.05516315
    0.08790857
    0.08766724
    0.06689849
