           1           2   1.5579310469017265     
           2           3   1.3216077912522479     
           1           4  0.11882985987919861     
           3           4   1.5549998928068749     
           4           5   1.2832253899581150     
           1           6   1.2783679439573490     
           5           6   1.2494819482056692     
           6           7   1.2829722773867129     
           7           8   1.5492343813551388     
           8           9   1.3287189283837479     
           5          10   1.2556823197114333     
           7          10  0.11473613188617929     
           9          10   1.5217841507071812     
          10          11  0.98690809978608074     
          11          12  0.95849230061136703     
          12          13  0.98968226572607942     
          13          14   1.5233703278221757     
          14          15   1.3268274532767657     
          13          16  0.11486984792497970     
          15          16   1.5532759080932168     
          16          17   1.2790972747199982     
          13          18   1.2541489486941095     
          17          18   1.2517911452715462     
          18          19   1.2834239614958518     
          19          20   1.5539390556461221     
          20          21   1.3223085853951448     
          17          22   1.2805912595488216     
          19          22  0.11768146745182621     
          21          22   1.5567833978533172     
          12          23  0.94952515593940878     
          23          24   1.1927538463859855     
          24          25  0.95967302645243979     
          25          26   1.4019426031098261     
          26          27   1.4510845300657735     
          27          28   1.3856901147643947     
          28          29  0.95871590361463566     
          29          30   1.4560302562984602     
          29          31   1.4550119944998010     
          30          31  0.36594393094662397     
          26          32  0.10561987918658772     
          28          32   1.3797543315660041     
          25          33   1.3912958426669799     
          27          33  0.10405109839229756     
          32          33   1.4589677501614493     
          23          34  0.18965363473825497     
          24          34   1.7131861078946753     
          23          35  0.99353346092648964     
          35          36  0.90230859890946502     
          36          37   1.1618175917042437     
          36          38   1.7785045043221939     
          37          38  0.18295689027914921     
          11          39  0.94155212564051816     
          35          39  0.99679228294344036     
          39          40   1.2103005655963996     
          40          41  0.95043970234386810     
          41          42   1.3951181722295698     
          42          43   1.4545325485355678     
          43          44   1.3837130448778379     
          44          45  0.95607438489333385     
          45          46   1.4588995404805809     
          45          47   1.4559060668075072     
          46          47  0.36808902153337919     
          42          48  0.10543201131390328     
          44          48   1.3866819764302578     
          41          49   1.4020937691968198     
          43          49  0.10629598439646339     
          48          49   1.4514934947702964     
          39          50  0.19610012224750029     
          40          50   1.7065793752437362     
           1          51  0.96775733577502676     
           2          52  0.97038319947355711     
           3          53  0.97055274216015475     
           4          54  0.95781859958384907     
           7          55  0.96748342749321026     
           8          56  0.97030613585481396     
           9          57  0.96095413137633157     
          11          58  0.94618940786832439     
          12          59  0.94948081712909804     
          14          60  0.96675046510026541     
          15          61  0.96967794926466466     
          16          62  0.96752366403328083     
          19          63  0.96226000578384729     
          20          64  0.97048374291271133     
          21          65  0.97057732635991767     
          22          66  0.96772866138844327     
          26          67  0.96403798265018348     
          27          68  0.95854443539167411     
          32          69  0.95920773927697600     
          33          70  0.96557986980667443     
          35          71  0.92178181742987064     
          37          72  0.85052848832605021     
          42          73  0.96483614711117860     
          43          74  0.95865214706942825     
          48          75  0.95869485601146898     
          49          76  0.96628525547633326     
