   -0.02913208
    0.48470144
   -0.21886123
   -0.20652060
   -0.19738529
   -0.01875434
   -0.02029080
   -0.01661028
   -0.02197838
    0.01605201
    0.04035373
    0.03617611
    0.00501773
   -0.03305295
    0.48608307
   -0.19224804
   -0.19860384
   -0.23173786
   -0.02145964
   -0.01870730
   -0.01293579
   -0.02743586
   -0.15644761
    0.27894476
   -0.01639003
   -0.03868555
   -0.02404004
   -0.04337320
    0.17670762
   -0.21228623
   -0.04211457
   -0.37712140
    0.07278316
    0.34566003
   -0.35523805
   -0.34741474
   -0.12643684
    0.27687832
   -0.01101560
   -0.03221208
    0.17840221
   -0.21195553
   -0.04620519
   -0.02889300
   -0.04050669
   -0.40327757
    0.07106842
    0.06128007
    0.05615735
    0.03727328
    0.08679083
    0.10144092
    0.07137733
    0.06386443
    0.06735483
    0.06560228
    0.04881019
    0.06119511
    0.07221952
    0.07532083
    0.06759532
    0.34196253
    0.08448829
    0.06698993
    0.05055624
    0.03022031
