           1           2  0.95035047688040164     
           2           3  0.93302827183717041     
           2           4  0.94205755591250384     
           2           5  0.95905624493196162     
           1           6   1.4210170378998106     
           6           7   1.4369675589132123     
           1           8  0.10686691816959291     
           7           8   1.4401329233923466     
           6           9  0.10777098824983194     
           8           9   1.4391217305308635     
           1          10   1.3771720319646021     
           7          10  0.10855126208617034     
           9          10   1.4190607536068633     
          10          11  0.98982205151755531     
          11          12  0.95706920671580098     
          12          13  0.99045282230781684     
          13          14   1.3729646316634467     
          14          15  0.94940824406421365     
          15          16  0.96095288831515757     
          15          17  0.95779203654088418     
          15          18  0.91453455766231750     
          14          19   1.4231215997373912     
          13          20  0.10818567332501988     
          19          20   1.4337185956662974     
          14          21  0.10722046482497918     
          20          21   1.4437621327846484     
          13          22   1.4220120578711613     
          19          22  0.10585081427086319     
          21          22   1.4329524477809248     
          12          23  0.95035022478907316     
          23          24   1.1266728153774987     
          24          25  0.97590569250155534     
          25          26   1.3948938910749935     
          26          27   1.4427548439039779     
          25          28  0.10623886709570114     
          27          28   1.4396978390277715     
          28          29   1.3916087820920053     
          29          30  0.96977250991616359     
          25          31   1.3996435693657898     
          27          31  0.10882996313545990     
          29          31   1.4003447316135853     
          23          32  0.16831469422399256     
          24          32   1.7566776608507204     
          23          33  0.99203770854153095     
          33          34  0.90062972476653436     
          34          35   1.1579721929500952     
          34          36   1.8032798293363044     
          35          36  0.17232431652285438     
          11          37  0.96581811143442109     
          33          37  0.97856878469340580     
          37          38   1.1859508109712591     
          38          39  0.96517568435614975     
          39          40   1.4103244773337582     
          40          41   1.3973436655868030     
          41          42  0.97015945421354088     
          39          43  0.10768692993296775     
          41          43   1.3939800100357607     
          40          44  0.10946043219025917     
          43          44   1.4388148372151810     
          39          45   1.3983950913714809     
          44          45   1.4424631419476883     
          37          46  0.18757448431832999     
          38          46   1.7116418631761461     
           6          47  0.96498714729752744     
           7          48  0.96835038779278526     
           8          49  0.96858679051803409     
           9          50  0.96258786431646237     
          11          51  0.94072623443416548     
          12          52  0.94237971405517684     
          19          53  0.96462547895118289     
          20          54  0.96778507056186780     
          21          55  0.96750800252163782     
          22          56  0.95925218411341151     
          26          57  0.96440124997320198     
          27          58  0.96797395420456733     
          28          59  0.96545077713973537     
          31          60  0.96260227185360026     
          33          61  0.92677805925409995     
          35          62  0.83811401896009852     
          40          63  0.96243506536481760     
          43          64  0.96626417990042612     
          44          65  0.96917589189857511     
          45          66  0.96555104527336466     
