   -0.03295701
   -0.02723999
   -0.02614303
   -0.03719706
    0.00766545
    0.01669375
   -0.03459737
   -0.02977239
   -0.02991171
   -0.00179539
    0.04159900
    0.04214756
   -0.00183681
   -0.03586652
   -0.03036969
   -0.03327746
    0.01689216
    0.01612953
   -0.02792304
   -0.02551151
   -0.02689175
   -0.03285658
   -0.10644150
    0.27102067
    0.08897763
   -0.06239631
   -0.04556835
    0.12193284
    0.11203961
   -0.19689225
   -0.15863844
   -0.38791852
    0.08514181
    0.35288230
   -0.34854939
   -0.39309510
   -0.10298262
    0.26314407
    0.09817284
   -0.03915776
   -0.04132692
    0.13119125
    0.11187814
   -0.19786108
   -0.18071273
   -0.40959119
    0.03805649
    0.03700841
    0.03498344
    0.03160971
    0.03994821
    0.03664791
    0.01968456
    0.08224640
    0.07155247
    0.02519647
    0.03655041
    0.03972448
    0.03467097
    0.03629656
    0.03628220
    0.03700197
    0.05007219
    0.06651148
    0.08460827
    0.34969993
    0.07449832
    0.06492003
