           1           2   1.5549586439064205     
           2           3   1.3250896752734413     
           1           4  0.11857053082295019     
           3           4   1.5512575366660399     
           4           5   1.2859774248832769     
           1           6   1.2809718899413081     
           5           6   1.2558196999455700     
           6           7   1.2750162107004810     
           7           8   1.5600680810561776     
           8           9   1.3171855402300685     
           5          10   1.2451748398067433     
           7          10  0.11410948263859572     
           9          10   1.5352397209222874     
          10          11  0.98306696846627095     
          11          12  0.95501403455496481     
          12          13  0.98551490763406002     
          13          14   1.5194364300837075     
          14          15   1.3315689204354864     
          13          16  0.11498724549561794     
          15          16   1.5480237963020771     
          16          17   1.2834198942300348     
          13          18   1.2567146690694191     
          17          18   1.2496575313032841     
          18          19   1.2804686014657214     
          19          20   1.5568381399860853     
          20          21   1.3202036751046906     
          17          22   1.2775105878168223     
          19          22  0.11882235729200764     
          21          22   1.5591313425104596     
          12          23  0.94755030858648404     
          23          24   1.2147026349414618     
          24          25  0.94997042875116355     
          25          26   1.5228005225896519     
          26          27   1.3381023994875436     
          25          28  0.12844877265656862     
          27          28   1.4810709594813571     
          28          29   1.1086232002379557     
          29          30   2.7985289781918334     
          25          31   1.1522200201407640     
          28          31   1.0943509710472148     
          23          32  0.20260193844678048     
          24          32   1.7082235428140151     
          23          33  0.99479640727993968     
          33          34  0.89985210029028351     
          34          35   1.1751574262528557     
          34          36   1.7693086600531964     
          35          36  0.18679691060862422     
          11          37  0.96146250441512326     
          33          37  0.98541959735379292     
          37          38   1.1964872601020580     
          38          39   1.0061501852798709     
          39          40   1.5039657578400711     
          40          41   1.3506254604303261     
          39          42  0.12438285249315684     
          41          42   1.4718112999642374     
          42          43   1.1094621978186197     
          43          44   2.7965937551745181     
          39          45   1.1249957860627988     
          42          45   1.0928975159393766     
          37          46  0.19081230118056330     
          38          46   1.6650738679177390     
           1          47  0.96784469174301291     
           2          48  0.97046006529339857     
           3          49  0.97075231950085317     
           4          50  0.96287887516459036     
           7          51  0.96762700765198761     
           8          52  0.97034811298613799     
           9          53  0.96368192797941532     
          11          54  0.94305844257639149     
          12          55  0.94645958133303687     
          14          56  0.96866730852433802     
          15          57  0.97023408832466251     
          16          58  0.96766667866159517     
          19          59  0.95921431899179677     
          20          60  0.97073200464128351     
          21          61  0.97047771759766577     
          22          62  0.96779975370028892     
          26          63  0.97182681992532327     
          27          64  0.97176500571931279     
          33          65  0.93058375753697398     
          35          66  0.85064760372755577     
          40          67  0.96983042623858950     
          41          68  0.97204791483474873     
