   -0.03436371
   -0.02638351
   -0.02820903
   -0.02602804
   -0.02858421
   -0.00157301
    0.03281857
    0.03687900
   -0.00277286
   -0.03966878
   -0.02976238
   -0.03047041
   -0.02803286
   -0.03456405
   -0.11386456
    0.27663614
   -0.02691228
    0.02734455
   -0.11290299
   -0.03680804
   -0.02853065
   -0.03166484
   -0.02979856
   -0.42762703
    0.09413927
    0.35546347
   -0.36548190
   -0.38129382
   -0.11719474
    0.27673036
   -0.02285382
   -0.02328831
   -0.03213663
   -0.02958957
   -0.03926077
    0.01893654
   -0.11215510
   -0.43274932
    0.03066663
    0.03811428
    0.03868150
    0.03964972
    0.03077857
    0.05903256
    0.07785210
    0.04160156
    0.03654161
    0.03490492
    0.03796719
    0.05589867
    0.06403390
    0.04367846
    0.04891508
    0.03750258
    0.03724584
    0.03923376
    0.02900299
    0.09379317
    0.34273721
    0.03623899
    0.03530216
    0.03516087
    0.03687515
    0.05894849
    0.05400078
    0.04121916
