           1           2   1.4422587338135515     
           2           3   1.4407555505269429     
           1           4  0.11030533207485775     
           3           4   1.4354869976750084     
           2           5  0.11142019020462045     
           4           5   1.4484466523400412     
           1           6   1.4148323986198079     
           3           6  0.10938671372550425     
           5           6   1.4088652976072267     
           6           7  0.98810894237347413     
           7           8  0.96214780170803516     
           8           9  0.98382159321969942     
           9          10   1.4215072198703098     
          10          11   1.4357895181314821     
           9          12  0.10943876007496536     
          11          12   1.4450847111350897     
          10          13  0.10997580790170160     
          12          13   1.4327488512333841     
           9          14   1.4044723562959127     
          11          14  0.11288906535985789     
          13          14   1.4519642768952665     
           8          15  0.95001766488845851     
          15          16   1.2051917650421826     
          16          17  0.96085069617437180     
          17          18   1.3713103857462208     
          18          19   1.0290758510974589     
          18          20   1.4152355636626914     
          17          21  0.10846801748415348     
          20          21   1.4416138703726380     
          18          22  0.10747257590381307     
          21          22   1.4383235926920808     
          17          23   1.4123611043338700     
          20          23  0.10789251027693575     
          22          23   1.4356133687126440     
          15          24  0.18759205851509964     
          16          24   1.6874595717762890     
          15          25  0.99293509319639506     
          25          26  0.91350388106468006     
          26          27   1.1508905760415435     
          26          28   1.7824331078697557     
          27          28  0.17943223168569655     
           7          29  0.96251916076410793     
          25          29  0.98354832726708119     
          29          30   1.1997296603556706     
          30          31  0.96405513429471146     
          31          32   1.3990453117452728     
          32          33   1.4496595305974238     
          31          34  0.10617168191454587     
          33          34   1.4265858077959335     
          32          35  0.11056963824936986     
          34          35   1.4536077941468983     
          31          36   1.3850554000266777     
          33          36  0.10705308020310363     
          35          36   1.4051364450032486     
          36          37   1.0259597250275059     
          29          38  0.18670720432632099     
          30          38   1.6901115001927818     
           1          39  0.96832565260631065     
           2          40  0.97055742031862768     
           3          41  0.97097772660971204     
           4          42  0.97057555894433833     
           5          43  0.96756536078463151     
           7          44  0.94912035017818230     
           8          45  0.95126560619814771     
          10          46  0.96233862405483894     
          11          47  0.97086578021611314     
          12          48  0.97107602855845210     
          13          49  0.97043179123629075     
          14          50  0.96569391978530139     
          19          51  0.96766812927510881     
          19          52  0.98551964966424244     
          19          53  0.96823051822510786     
          20          54  0.96766910312589238     
          21          55  0.97078563546139873     
          22          56  0.97008544858385792     
          23          57  0.96764651093845133     
          25          58  0.92205734584676557     
          27          59  0.85631489283763806     
          32          60  0.96941389683854395     
          33          61  0.97018096817519450     
          34          62  0.97086111605272252     
          35          63  0.96889057762805442     
          37          64  0.97805414200840435     
          37          65  0.96914810392304951     
          37          66  0.97134674137447030     
