           1           2   1.9768418657235785     
           2           3   1.0090468858347823     
           3           4  0.99587072993527259     
           4           5   1.4099506559326958     
           5           6   1.4513594826377554     
           4           7  0.10178448841432194     
           6           7   1.3899878696383694     
           7           8   1.0467750340955659     
           8           9   1.3891067358235354     
           9          10   1.4516551264130579     
           8          11  0.10567392133487483     
          10          11   1.4346027344879186     
           9          12  0.10852515042417395     
          11          12   1.4346430630614009     
           8          13   1.3890930489725977     
          10          13  0.10850208578418682     
          12          13   1.4515940701511099     
           5          14  0.10509237071676179     
           7          14   1.3830607456374708     
           4          15   1.4016307486010067     
           6          15  0.10671245404654764     
          14          15   1.4606109465249213     
           1          16  0.97530157563718101     
           1          17  0.97640940348990135     
           2          18  0.96729093325185711     
           3          19  0.95999370732359968     
           3          20  0.96736075987725856     
           5          21  0.96858263646751519     
           6          22  0.96852414542436138     
           9          23  0.96885876911739199     
          10          24  0.97097329817320532     
          11          25  0.97168771909790952     
          12          26  0.97097302321780976     
          13          27  0.96884716859979836     
          14          28  0.96849503160873751     
          15          29  0.96921457064397099     
