   -0.03252216
   -0.03049030
    0.01384747
   -0.03297056
   -0.02907426
   -0.02871065
   -0.03518862
    0.01460089
   -0.04714345
   -0.00406486
    0.03674647
    0.04310764
    0.00839478
   -0.03436029
    0.01822878
   -0.03275957
   -0.02805529
   -0.02834133
   -0.03283525
    0.01579579
   -0.03071048
   -0.02783037
   -0.16001005
    0.27330082
   -0.02481486
   -0.03714272
   -0.03257130
    0.01480063
   -0.03276520
   -0.02577570
   -0.02561446
   -0.03205829
    0.01546655
   -0.02889611
   -0.40586155
    0.07374829
    0.34840450
   -0.35127858
   -0.35200432
   -0.12435985
    0.27247931
   -0.02322190
   -0.02712783
    0.01407174
   -0.03246373
   -0.02769444
   -0.02711147
   -0.03374750
    0.01470855
   -0.03373606
   -0.04044346
   -0.41290311
    0.04437542
    0.04249493
    0.03534957
    0.03272305
    0.03232592
    0.03166084
    0.02997544
    0.08403264
    0.04523889
    0.03365701
    0.03413294
    0.03324126
    0.03299373
    0.03383914
    0.03622508
    0.02191032
    0.03061183
    0.04329842
    0.03769614
    0.03705908
    0.03750628
    0.03844733
    0.04322750
    0.07124583
    0.33681353
    0.04689500
    0.03720500
    0.03511267
    0.03491732
    0.03591416
    0.04187032
    0.05696114
