           1           2   1.5541768222658807     
           2           3   1.2823310542860380     
           3           4   1.2786538093786930     
           4           5   1.5593340038409504     
           5           6   1.3182006947341196     
           4           7  0.11850253439252234     
           6           7   1.5604653093113803     
           3           8   1.2486809919008393     
           7           8   1.2757587429504591     
           2           9  0.11702768946816787     
           8           9   1.2873908082467029     
           1          10   1.3026217355163199     
           9          10   1.5166832612037628     
          10          11  0.98783409628377561     
          11          12  0.94641028792558468     
          12          13  0.99552062263970031     
          13          14   1.5289328648307072     
          14          15   1.2793937212810649     
          15          16   1.2800551589821270     
          16          17   1.5562493467124137     
          17          18   1.3222292961044102     
          16          19  0.11797001654775922     
          18          19   1.5547004763531016     
          15          20   1.2517803517909771     
          19          20   1.2832967514939593     
          14          21  0.11229227532999816     
          20          21   1.2734176468907017     
          13          22   1.2883513532073247     
          21          22   1.5688770316111567     
          12          23  0.94489139720955462     
          23          24   1.1646228871916942     
          24          25  0.96300665468226065     
          25          26   1.2831263269862088     
          26          27   1.5603656072620615     
          27          28   1.2776369458997929     
          28          29   1.2807073833188443     
          29          30   1.5569854575326592     
          30          31   1.3199770795594996     
          29          32  0.11810741349620049     
          31          32   1.5579931710349613     
          28          33   1.2501517389197485     
          32          33   1.2774630697753608     
          25          34   1.5141707517561063     
          27          34  0.11410164433922851     
          33          34   1.2815811276121676     
          23          35  0.17914560083159847     
          24          35   1.7252321073443360     
          23          36  0.98015081751105826     
          36          37  0.90140196517845550     
          37          38   1.1646284415640979     
          37          39   1.7950312990239781     
          38          39  0.17352890265310358     
          11          40  0.96912248691614522     
          36          40  0.99160551360599714     
          40          41   1.1646596318853617     
          41          42  0.98510614134386976     
          42          43   1.5069924822010639     
          43          44   1.2857886285332714     
          44          45   1.2767955062965757     
          45          46   1.5580378675657371     
          46          47   1.3200194681581601     
          45          48  0.11786432483012155     
          47          48   1.5558687561826985     
          44          49   1.2488234552800286     
          48          49   1.2817896213126392     
          43          50  0.11228655087318165     
          49          50   1.2760465485025472     
          42          51   1.2756828334883694     
          50          51   1.5636871308842291     
          40          52  0.17731837529786521     
          41          52   1.7061788263745219     
           1          53  0.96574073290467999     
           2          54  0.96736675663193261     
           4          55  0.96824381351703293     
           5          56  0.97098185951237170     
           6          57  0.97098901483702893     
           7          58  0.96836358440269310     
           9          59  0.96497239352155084     
          11          60  0.93907605543903960     
          12          61  0.95638733154118472     
          14          62  0.96506804412456904     
          16          63  0.96827218673227800     
          17          64  0.97093354526290543     
          18          65  0.97098809720572921     
          19          66  0.96834849730287731     
          21          67  0.96794678099921549     
          22          68  0.96794051690562399     
          26          69  0.96942579913415905     
          27          70  0.96681105587745897     
          29          71  0.96800966542507139     
          30          72  0.97047409421871866     
          31          73  0.97030616167492012     
          32          74  0.96792135536896995     
          34          75  0.96595075472489267     
          36          76  0.92236365183443725     
          38          77  0.84136120043121565     
          43          78  0.96567200339022752     
          45          79  0.96806291206318962     
          46          80  0.97061737868283826     
          47          81  0.97072670074892486     
          48          82  0.96811425139004281     
          50          83  0.96688080408437149     
          51          84  0.96304041136745755     
