   -0.02830094
   -0.02522358
   -0.02832903
   -0.02640846
   -0.03058940
    0.01313917
    0.05077920
    0.03588036
   -0.00247543
   -0.03244434
   -0.02554282
   -0.02763914
   -0.02616126
   -0.03378740
   -0.10277827
    0.26903329
   -0.00132779
   -0.03967007
    0.00427588
   -0.03066555
   -0.03132876
   -0.02858211
   -0.03615639
    0.03578384
   -0.04511684
   -0.45413092
    0.07787428
    0.35277333
   -0.36733254
   -0.37186012
   -0.12319336
    0.27900171
    0.00093166
   -0.02851321
    0.00701406
    0.04280236
   -0.03634421
   -0.02858242
   -0.03172590
   -0.02959971
   -0.08786991
   -0.41565190
    0.03630080
    0.03866450
    0.03707977
    0.03719426
    0.03265602
    0.06145254
    0.05951785
    0.03620223
    0.04399827
    0.04077541
    0.03921132
    0.03638789
    0.05211666
    0.04365792
    0.04214987
    0.04387281
    0.04603251
    0.07496345
    0.36868068
    0.06870602
    0.04417506
    0.04066888
    0.03918629
    0.04439162
