           1           2   1.4428502573409878     
           2           3   1.4403870721870005     
           1           4  0.11102322922696513     
           3           4   1.4369349187073881     
           2           5  0.11164717594908084     
           4           5   1.4467811586634722     
           1           6   1.4150347739726408     
           3           6  0.10947137337168340     
           5           6   1.4107569792059733     
           6           7  0.98935882700754285     
           7           8  0.95417316028800614     
           8           9  0.98941818264287174     
           9          10   1.4092663841633395     
          10          11   1.4478740213500088     
           9          12  0.10916138061782936     
          11          12   1.4358011376267672     
          10          13  0.11151244368702458     
          12          13   1.4405551228548517     
           9          14   1.4134973037123273     
          11          14  0.11007626008622395     
          13          14   1.4420765991707589     
           8          15  0.95423575474483158     
          15          16   1.2749547766458103     
          16          17  0.99343489334490009     
          17          18   1.6354763016882201     
          18          19   1.1936043723022700     
          19          20   1.3272417634227354     
          20          21   1.4983803710283115     
          21          22   1.3820846046280830     
          20          23  0.11087411440879907     
          22          23   1.4739481656183890     
          19          24   1.2877422632896627     
          23          24   1.3793106570785090     
          17          25   1.1073160359963174     
          18          25  0.10019686994362625     
          24          25   1.1011055727921160     
          15          26  0.18832390547134797     
          16          26   1.5804602171644111     
          15          27  0.96744503513935542     
          27          28  0.88041154125971688     
          28          29   1.2147353451554810     
          28          30   1.7724304950690610     
          29          30  0.18259522986162163     
           7          31  0.95824223919720930     
          27          31   1.0024438201227834     
          31          32   1.1614180202455744     
          32          33   1.0233870801752643     
          33          34   1.6119551363723685     
          34          35   1.2061070694697238     
          35          36   1.2825613893265475     
          36          37   1.3796408978506927     
          37          38   1.4736294756133919     
          38          39   1.3801116590477867     
          35          40   1.3231601254562362     
          37          40  0.11017962640231962     
          39          40   1.5007525061369613     
          33          41   1.0968296820395032     
          36          41   1.1004575416902271     
          31          42  0.17047122767513223     
          32          42   1.6749011791542525     
           1          43  0.96857975458597356     
           2          44  0.97060654858809303     
           3          45  0.97109617621236721     
           4          46  0.97075567326104184     
           5          47  0.96873812915443691     
           7          48  0.95246897114781937     
           8          49  0.94907433664079344     
          10          50  0.96803273514187504     
          11          51  0.97018940975814494     
          12          52  0.97077473472201825     
          13          53  0.97046349873773541     
          14          54  0.96789818974942077     
          18          55  0.96115483722488382     
          20          56  0.96746727898212947     
          21          57  0.97025342452101371     
          22          58  0.96963929809043869     
          23          59  0.96816457229646180     
          27          60  0.93238948708695457     
          29          61  0.75610515550121926     
          34          62  0.95826567587469325     
          37          63  0.96829563806076313     
          38          64  0.96997356730427420     
          39          65  0.97050773581822425     
          40          66  0.96745193707448884     
