   -0.03812669
   -0.03556191
    0.01150066
   -0.03445176
   -0.02897587
   -0.02833280
   -0.03476564
    0.01450978
   -0.04517256
   -0.00032027
    0.03570881
    0.04243095
    0.00757059
   -0.04215077
    0.01349787
   -0.03696430
   -0.02985737
   -0.02973216
   -0.03361403
    0.01353883
   -0.03254226
   -0.02981627
   -0.11728785
    0.27624384
   -0.07131084
    0.10907644
   -0.11835341
   -0.19753928
    0.11026505
   -0.11606897
   -0.07687736
   -0.42453614
    0.08678369
    0.35347988
   -0.35818263
   -0.38601989
   -0.12205753
    0.27626924
   -0.06527093
    0.12962974
   -0.12056659
   -0.19387815
    0.11158162
   -0.11768651
   -0.08296468
   -0.44140976
    0.04252255
    0.03906187
    0.03434859
    0.03354059
    0.03391736
    0.03426981
    0.03350183
    0.05983691
    0.06276167
    0.03122697
    0.03302225
    0.03142396
    0.03174762
    0.03340894
    0.03809237
    0.03632383
    0.05472713
    0.06457344
    0.07370177
    0.06284793
    0.05499839
    0.06194379
    0.03630941
    0.10136752
    0.33914783
    0.06833051
    0.06405206
    0.08061437
    0.06549644
    0.06353432
    0.05703000
    0.04062616
