           1           2   1.5539282215683525     
           2           3   1.2817686142402775     
           3           4   1.2788272447712798     
           4           5   1.5590518035450822     
           5           6   1.3182777946276536     
           4           7  0.11852122848116171     
           6           7   1.5606026113225979     
           3           8   1.2486481260166991     
           7           8   1.2756015204911122     
           2           9  0.11656364746236909     
           8           9   1.2878029774943029     
           1          10   1.3001056954737078     
           9          10   1.5186083141591293     
          10          11  0.98896024670127125     
          11          12  0.94416094974160214     
          12          13  0.98976173106679666     
          13          14   1.5205287048729608     
          14          15   1.2863962263376014     
          15          16   1.2767241085685157     
          16          17   1.5593453413348954     
          17          18   1.3191613714348533     
          16          19  0.11812817598634814     
          18          19   1.5577609623415158     
          15          20   1.2493362014153970     
          19          20   1.2804607526258767     
          14          21  0.11597391029262147     
          20          21   1.2790754554525339     
          13          22   1.2993562793004438     
          21          22   1.5591374779561320     
          12          23  0.96175374535375113     
          23          24   1.2021236285012742     
          24          25  0.97152137190501009     
          25          26   1.5413088815805247     
          26          27   1.0291731595518827     
          26          28   1.1158302600571439     
          26          29  0.13015381034529688     
          28          29   1.1067253715896705     
          29          30   1.0283814234297930     
          25          31   1.2447541060954068     
          29          31   1.5890330480564583     
          23          32  0.18967440055329088     
          24          32   1.6931697917266826     
          23          33  0.98625032537983104     
          33          34  0.91730966499716504     
          34          35   1.1542461753979234     
          34          36   1.7785217568313942     
          35          36  0.18271795890998049     
          11          37  0.97309789917788914     
          33          37  0.97991174494243982     
          37          38   1.1614350428242044     
          38          39   1.0288811877836359     
          39          40   1.5046737281302380     
          40          41   1.0349919296907732     
          40          42   1.1358380090729714     
          40          43  0.11662116700763503     
          42          43   1.0941402745437927     
          43          44   1.0296596715990420     
          39          45   1.2223477168365968     
          43          45   1.6086745381320160     
          37          46  0.16593208385472463     
          38          46   1.6644870472803162     
           1          47  0.96401902493837865     
           2          48  0.96763970858976545     
           4          49  0.96830417071195940     
           5          50  0.97093577824613098     
           6          51  0.97087256123051258     
           7          52  0.96822710046353622     
           9          53  0.96509863097001003     
          11          54  0.94448935115511001     
          12          55  0.95369547991604520     
          14          56  0.96340008466522731     
          16          57  0.96722723570835523     
          17          58  0.97103070290490834     
          18          59  0.97106178826909328     
          19          60  0.96835683800163375     
          21          61  0.96771897698125020     
          22          62  0.96751650252680022     
          27          63  0.97691089907972528     
          27          64  0.97861532533316442     
          27          65  0.95696753556749525     
          30          66  0.97122631442412044     
          30          67  0.98388677913571221     
          30          68  0.96836443228237357     
          31          69  0.97490369945381095     
          33          70  0.92669496626545989     
          35          71  0.85910143627608027     
          41          72  0.96942910330887067     
          41          73  0.96085249135780437     
          41          74  0.97542697146654889     
          44          75  0.96814716679669111     
          44          76  0.96972671282839107     
          44          77  0.98353141808227096     
          45          78  0.97021271832835199     
