   -0.03355447
   -0.02865820
   -0.02772115
   -0.03200194
    0.01374378
    0.01727076
   -0.03390497
   -0.02787974
   -0.03053820
    0.00713043
    0.04859071
    0.04775402
    0.00179490
   -0.02772002
   -0.02749442
   -0.03446875
    0.01656108
    0.01128434
   -0.03304408
   -0.02768286
   -0.02856829
   -0.03377332
   -0.11762133
    0.27992754
   -0.02157023
    0.05812356
   -0.12234020
   -0.03070443
   -0.02589349
   -0.02700450
   -0.02714368
   -0.39951723
    0.09541235
    0.34901940
   -0.36983782
   -0.37316165
   -0.11853428
    0.28167571
   -0.02568976
   -0.02397288
   -0.02733087
   -0.02622425
   -0.03174083
    0.04786795
   -0.12212881
   -0.39613726
    0.03512603
    0.03322495
    0.03229144
    0.02848265
    0.03691041
    0.03809956
    0.03621013
    0.06163865
    0.06498114
    0.03104674
    0.03912269
    0.03742372
    0.02775757
    0.03184630
    0.03346067
    0.03547639
    0.05652700
    0.04883824
    0.05226414
    0.05141189
    0.06182697
    0.34991960
    0.05727757
    0.05017104
    0.04977927
    0.05629263
