           1           2   1.5577625553075720     
           2           3   1.3215008144068408     
           1           4  0.11846362285485947     
           3           4   1.5553016445597494     
           4           5   1.2823566443830869     
           1           6   1.2788445011505860     
           5           6   1.2522091300854046     
           6           7   1.2803851635772556     
           7           8   1.5514777729852687     
           8           9   1.3278709346898379     
           5          10   1.2513951849108866     
           7          10  0.11442653837447221     
           9          10   1.5218128921321574     
          10          11  0.99369506359649751     
          11          12  0.94787128281696242     
          12          13  0.99028816551349763     
          13          14   1.5287235631548943     
          14          15   1.3225274531348041     
          13          16  0.11389731636109249     
          15          16   1.5561094398434139     
          16          17   1.2779132512626277     
          13          18   1.2489224905858209     
          17          18   1.2538879236718674     
          18          19   1.2836960819813183     
          19          20   1.5531472095327270     
          20          21   1.3232723446896364     
          17          22   1.2798230406843285     
          19          22  0.11842198802039468     
          21          22   1.5563647476477107     
          12          23  0.95063754863363592     
          23          24   1.2002090810439690     
          24          25  0.95101423531450413     
          25          26   1.4033113755149982     
          26          27  0.96907420676813905     
          26          28   1.4195079081161566     
          25          29  0.10825621623499793     
          28          29   1.4393143389028280     
          26          30  0.10221287431876486     
          29          30   1.4328816798972497     
          25          31   1.3956083416397584     
          28          31  0.11016057817956672     
          30          31   1.4429353442892903     
          23          32  0.19091999642263413     
          24          32   1.7130480083349429     
          23          33  0.98519954490439665     
          33          34  0.90311422563938204     
          34          35   1.1489423343651497     
          34          36   1.7910886568886573     
          35          36  0.18219001028418258     
          11          37  0.94731627472937352     
          33          37  0.99085763264010818     
          37          38   1.1939274133168201     
          38          39  0.94971819027314519     
          39          40   1.3975143301438759     
          40          41   1.4425520928525848     
          39          42  0.10798088500282149     
          41          42   1.4347728419112868     
          40          43  0.10965446360626772     
          42          43   1.4359657183753101     
          39          44   1.3995951876147743     
          41          44  0.10219424329324205     
          43          44   1.4234570148158199     
          44          45  0.96483469407246503     
          37          46  0.18848864398893717     
          38          46   1.7230352931301565     
           1          47  0.96798165115561041     
           2          48  0.97070347765811538     
           3          49  0.97101161176131079     
           4          50  0.96094508304166470     
           7          51  0.96784970282964178     
           8          52  0.97012079678062624     
           9          53  0.96338769667164692     
          11          54  0.94609042226441498     
          12          55  0.94632741985514535     
          14          56  0.96411820753826816     
          15          57  0.97006851387268944     
          16          58  0.96776713323775454     
          19          59  0.96165438395928293     
          20          60  0.97101437777984290     
          21          61  0.97068116595208553     
          22          62  0.96796726257103671     
          28          63  0.96733629043747893     
          29          64  0.96801022170727946     
          30          65  0.96831794160868412     
          31          66  0.96467941335954022     
          33          67  0.94061091799026242     
          35          68  0.85053185034239709     
          40          69  0.96577025270403860     
          41          70  0.96853170254197996     
          42          71  0.96784895622973699     
          43          72  0.96758448988311763     
