    0.13957481
   -0.27997521
    0.03634064
   -0.06741315
   -0.03234085
   -0.04055259
   -0.03853262
   -0.02535514
    0.03448658
    0.05069046
   -0.01123996
   -0.03124561
   -0.03989063
   -0.02860294
   -0.06273387
    0.15023231
   -0.26463554
    0.03678976
   -0.09053320
    0.27770735
   -0.00982195
   -0.02425228
    0.48741369
   -0.20018298
   -0.20782090
   -0.20626812
   -0.02187411
   -0.02243514
   -0.01981486
   -0.02392135
   -0.40245510
    0.08915398
    0.35594356
   -0.36426150
   -0.37527494
   -0.09828757
    0.27701254
   -0.00080681
   -0.01802962
   -0.02007816
   -0.02327457
   -0.02132588
   -0.02489528
    0.48710958
   -0.21782022
   -0.19376137
   -0.20487603
   -0.40177616
    0.04280531
    0.04001135
    0.07372803
    0.04386899
    0.04330030
    0.04443222
    0.04649938
    0.07451349
    0.05767340
    0.03426126
    0.03801774
    0.03965571
    0.04491674
    0.03975500
    0.07291432
    0.04992149
    0.06879531
    0.05746012
    0.05514094
    0.05684958
    0.09599562
    0.33932527
    0.05983008
    0.05432789
    0.05685194
    0.06305945
