           1           2   1.0576667489136684     
           2           3  0.97843186582984876     
           1           4   1.3808691356637068     
           4           5   1.4353505042435899     
           5           6   1.4420222776303195     
           4           7  0.10219242022482483     
           6           7   1.4281873159349816     
           1           8   1.3241409118896041     
           5           8  0.10589067355082731     
           7           8   1.4318311105391195     
           8           9  0.99724278979089120     
           9          10  0.94655944574016060     
          10          11   1.0005502764937939     
          11          12   1.4354593272034710     
          12          13   1.4265095393934795     
          11          14  0.10491361473514439     
          13          14   1.4406477618200293     
          12          15  0.10161377592358120     
          14          15   1.4387701853606480     
          11          16   1.3175134615586479     
          15          16   1.3755393926594897     
          16          17   1.0764541937787144     
          17          18  0.97645590798958892     
          10          19  0.94867041201432434     
          19          20   1.2292237805643738     
          20          21  0.93979294716111572     
          21          22   1.3853653532739134     
          22          23  0.94976592357934386     
          23          24  0.95030363105389637     
          23          25  0.94628080149156590     
          23          26  0.94389782256996746     
          22          27   1.4157239794891610     
          21          28  0.11068152536701731     
          27          28   1.4410223324445188     
          22          29  0.10661637271347725     
          28          29   1.4374095414733299     
          21          30   1.4101467470963573     
          27          30  0.11061238894482388     
          29          30   1.4424363964505296     
          19          31  0.19909166961671029     
          20          31   1.7009665865234838     
          19          32  0.99961820461567852     
          32          33  0.91267705233071250     
          33          34   1.1431204098142389     
          33          35   1.7891047347663844     
          34          35  0.17969529833187120     
           9          36  0.95651242222776045     
          32          36  0.97090458817767245     
          36          37   1.2204579402102909     
          37          38  0.94478499036235530     
          38          39   1.3961975466297258     
          39          40   1.4525995904024549     
          38          41  0.10922999708615261     
          40          41   1.4272834224668980     
          39          42  0.11226180290464585     
          41          42   1.4519898592187359     
          38          43   1.3988375748623512     
          40          43  0.10524529412946924     
          42          43   1.4020811056100273     
          43          44  0.95145759591649615     
          44          45  0.92755364358142778     
          44          46  0.96333857327062122     
          44          47  0.94562086498792963     
          36          48  0.19617158745856275     
          37          48   1.7027617876964367     
           3          49  0.97601582138654730     
           3          50  0.97689640084777096     
           3          51  0.97314261016802139     
           4          52  0.96493211898622300     
           5          53  0.97044950670640262     
           6          54  0.97003405728144987     
           7          55  0.96656820664230036     
           9          56  0.94497091360967256     
          10          57  0.95138484716315341     
          12          58  0.96754146181368494     
          13          59  0.97071954692351770     
          14          60  0.97079317171848778     
          15          61  0.96489522464246869     
          18          62  0.97695245732534075     
          18          63  0.97768366333606738     
          18          64  0.97607121683101106     
          27          65  0.96501834816555099     
          28          66  0.96880003666846848     
          29          67  0.96845015109111721     
          30          68  0.96665963826119905     
          32          69  0.93001326226151704     
          34          70  0.85850611662472964     
          39          71  0.96630178443285730     
          40          72  0.96840796659467387     
          41          73  0.96885218896801228     
          42          74  0.96649609153360139     
