   -0.03256878
   -0.02792113
   -0.02968628
   -0.02570971
   -0.03383982
    0.01052789
    0.04855517
    0.03846279
    0.00462629
   -0.03331337
   -0.02692990
   -0.02970932
   -0.02748254
   -0.03423650
   -0.10406301
    0.25855415
    0.06996414
    0.01039039
   -0.11102063
   -0.07012593
    0.08055849
   -0.18462027
   -0.48014622
    0.08139733
    0.35832037
   -0.36911535
   -0.37090223
   -0.10663466
    0.26545098
    0.06953890
    0.01280619
   -0.11594295
   -0.06902551
    0.08153673
   -0.20616874
   -0.43716332
    0.02909163
    0.03362336
    0.03366206
    0.03867387
    0.05954958
    0.05830860
    0.06162545
    0.03720951
    0.03974796
    0.03910897
    0.03879748
    0.02984475
    0.05349369
    0.07640251
    0.06169874
    0.05248867
    0.05927668
    0.06826618
    0.36598914
    0.07984338
    0.05761105
    0.05510850
    0.04963788
    0.05657673
