           1           2   1.4456678672851191     
           2           3   1.4372288201026215     
           1           4  0.11145548234557803     
           3           4   1.4407144093774908     
           2           5  0.11183158371992843     
           4           5   1.4423091976444551     
           1           6   1.4112746886142324     
           3           6  0.10909155009809728     
           5           6   1.4154342396349273     
           6           7  0.98449139687195864     
           7           8  0.94822761741114525     
           8           9  0.98686522648666541     
           9          10   1.4080849044604513     
          10          11   1.4472095486164100     
           9          12  0.10950661008774253     
          11          12   1.4366854304092278     
          10          13  0.11107529664520512     
          12          13   1.4397735909715852     
           9          14   1.4147060886887561     
          11          14  0.11042197029132665     
          13          14   1.4424711629111997     
           8          15  0.96487500850145635     
          15          16   1.2462319512355942     
          16          17   1.0596980804352860     
          17          18   1.4702597035116622     
          18          19   1.0420103566434200     
          18          20   1.2971556050939559     
          17          21  0.13296270196681109     
          20          21   1.5773075183432912     
          17          22   1.0841167093508750     
          21          22   1.1573330182285386     
          15          23  0.17360190512052137     
          16          23   1.5355557852835728     
          15          24  0.96804814972059294     
          24          25  0.88397434582542522     
          25          26   1.2043573561224421     
          25          27   1.7720979297043857     
          26          27  0.17873449753796999     
           7          28  0.96468408207079559     
          24          28   1.0045030788626654     
          28          29   1.1834969105582838     
          29          30   1.0431758205563912     
          30          31   1.4925020098531983     
          31          32   1.0405347690983839     
          31          33   1.2816774823367103     
          30          34  0.13304928669530461     
          33          34   1.5960470410476266     
          30          35   1.0751548596031677     
          34          35   1.1399179113319617     
          28          36  0.17916606268706531     
          29          36   1.6351346879627309     
           1          37  0.96869554468337449     
           2          38  0.97090123199952716     
           3          39  0.97124408515683880     
           4          40  0.97066434697464532     
           5          41  0.96029806277097229     
           7          42  0.95263174325778877     
           8          43  0.95159658285340143     
          10          44  0.96844720494017178     
          11          45  0.97039496310184759     
          12          46  0.97090949588002029     
          13          47  0.97066671811264271     
          14          48  0.96817731297880949     
          19          49  0.98444237274607449     
          19          50  0.96384281713462372     
          19          51  0.96396481642259846     
          20          52  0.97267307331859831     
          21          53  0.96444808558074968     
          24          54  0.93513012709464005     
          26          55  0.76761007596574160     
          32          56  0.97454647654523441     
          32          57  0.96345439776400632     
          32          58  0.97132663399956787     
          33          59  0.97317155302044800     
          34          60  0.96480951814450955     
