   -0.03804873
   -0.03218081
    0.01331399
   -0.03343159
   -0.02814266
   -0.02774921
   -0.03468130
    0.01395237
   -0.03666802
    0.00149508
    0.04152852
    0.04354664
    0.00689600
   -0.03256353
    0.01810395
   -0.03231433
   -0.02756423
   -0.02783863
   -0.03309105
    0.01503219
   -0.03265370
   -0.03370384
   -0.10823407
    0.26793147
   -0.02971849
   -0.04869697
   -0.05304873
    0.07783430
   -0.11069875
    0.08620618
   -0.42350038
    0.08870821
    0.35184999
   -0.34791662
   -0.39428696
   -0.11295030
    0.27416559
   -0.02234388
   -0.04775155
   -0.05288565
    0.08116842
   -0.11694287
    0.07163306
   -0.40262110
    0.03512169
    0.04110498
    0.03605960
    0.03555031
    0.03617045
    0.03570564
    0.02354769
    0.08149139
    0.06826575
    0.03992765
    0.03627231
    0.03475483
    0.03441420
    0.03468128
    0.03716448
    0.02098429
    0.04399726
    0.06635965
    0.07066394
    0.34807815
    0.04514408
    0.06340239
