           1           2   1.5706637416454925     
           2           3   1.2721136599148641     
           3           4   1.2832723307409086     
           4           5   1.5544013667901906     
           5           6   1.3231496648864236     
           4           7  0.11814763847027421     
           6           7   1.5548747239118064     
           3           8   1.2536008365100197     
           7           8   1.2817915300989340     
           2           9  0.11226778459306944     
           8           9   1.2738219885605990     
           1          10   1.2848687753557961     
           9          10   1.5375593770923575     
          10          11  0.98269716554876430     
          11          12  0.95693500703560441     
          12          13  0.98676907520225177     
          13          14   1.5290714990928207     
          14          15   1.2803175220508911     
          15          16   1.2793041745130900     
          16          17   1.5571487989167063     
          17          18   1.3214845295085207     
          16          19  0.11818799973129122     
          18          19   1.5556509564922936     
          15          20   1.2514081675613553     
          19          20   1.2823516864780826     
          14          21  0.11374079294390127     
          20          21   1.2751169004157903     
          13          22   1.2922771309611540     
          21          22   1.5658619046661926     
          12          23  0.94982486597120686     
          23          24   1.1984550643329466     
          24          25   1.0293483492648416     
          25          26   1.5325543963116359     
          26          27   1.3027940440199619     
          27          28   1.5382691914693924     
          28          29   1.0245633652047417     
          25          30   1.1550706116784102     
          28          30   1.2077204557263677     
          23          31  0.18285014730407675     
          24          31   1.6468772053678156     
          23          32   1.0007293309851792     
          32          33  0.89908766822328823     
          33          34   1.1754439201682030     
          33          35   1.7625977043348748     
          34          35  0.18571288482757262     
          11          36  0.96290558024030837     
          32          36  0.98010098022990411     
          36          37   1.1926812752422808     
          37          38  0.97812588483168206     
          38          39   1.5689165392438444     
          39          40   1.2815380082638326     
          38          41  0.10193747214870835     
          40          41   1.5616644908241333     
          41          42   1.0204160483809224     
          38          43   1.1684601498143288     
          41          43   1.1842694694586855     
          36          44  0.19092459592453678     
          37          44   1.6982743141799990     
           1          45  0.96806534822221080     
           2          46  0.96733253136473252     
           4          47  0.96821545805581477     
           5          48  0.97079929029808343     
           6          49  0.97074167697419456     
           7          50  0.96803676214673340     
           9          51  0.96203286179696512     
          11          52  0.94335325944217163     
          12          53  0.95323095399731628     
          14          54  0.96485205789776429     
          16          55  0.96813268388664464     
          17          56  0.97081573646623809     
          18          57  0.97088746404453485     
          19          58  0.96827403292320113     
          21          59  0.96784170406966985     
          22          60  0.96921034258500460     
          26          61  0.95674395808004431     
          27          62  0.96248222265503269     
          32          63  0.93716566321503691     
          34          64  0.85182505911561102     
          39          65  0.96134899794778894     
          40          66  0.96216888776002418     
