   -0.04041833
   -0.02727956
   -0.02818746
   -0.02385586
   -0.02879405
   -0.00610271
    0.03620527
    0.04109224
    0.00107754
   -0.03306752
   -0.02742090
   -0.02760755
   -0.02571842
   -0.02686497
   -0.14486699
    0.27225665
   -0.03216114
    0.01869635
   -0.06020250
   -0.09362872
   -0.03544874
   -0.02737246
   -0.02813497
   -0.03432385
   -0.42196260
    0.07661428
    0.34807743
   -0.35149369
   -0.35608782
   -0.11972318
    0.27500782
   -0.02668140
   -0.03341876
   -0.03192806
   -0.02701387
   -0.03088944
    0.02742940
   -0.05731198
   -0.10289958
   -0.42351076
    0.03119235
    0.03801755
    0.03870417
    0.04216080
    0.03663159
    0.08674628
    0.05616242
    0.03118438
    0.03639694
    0.03642863
    0.03971978
    0.04970885
    0.04803312
    0.04342764
    0.03935497
    0.03733409
    0.02592537
    0.04044371
    0.04027886
    0.04379685
    0.03479240
    0.07118008
    0.33657489
    0.02562885
    0.03397919
    0.03750340
    0.04293093
    0.04396768
    0.04316672
    0.05319497
    0.03555759
    0.03779585
