           1           2   1.4501829984313688     
           2           3   1.4333312701688592     
           1           4  0.11262890495188589     
           3           4   1.4450187896151210     
           2           5  0.11031055880801358     
           4           5   1.4362473405045564     
           1           6   1.4048251538558787     
           3           6  0.10932119260401431     
           5           6   1.4206505915700707     
           6           7  0.98260170212435560     
           7           8  0.96668102138568468     
           8           9  0.98510459798657790     
           9          10   1.4131983670044777     
          10          11   1.4426581861207048     
           9          12  0.10917787413236126     
          11          12   1.4385837679855997     
          10          13  0.11144114185468158     
          12          13   1.4398608116234246     
           9          14   1.4141357720323340     
          11          14  0.11116461001151837     
          13          14   1.4425107310758674     
           8          15  0.94106610239273769     
          15          16   1.1870864814596469     
          16          17  0.96133534914900198     
          17          18   1.3777101884591461     
          18          19   1.0134713676423068     
          19          20   1.0003443458499814     
          18          21   1.4105039783853619     
          17          22  0.10713070462322163     
          21          22   1.4476458527480041     
          18          23  0.10847387479924883     
          22          23   1.4338095785672178     
          17          24   1.4065863106407468     
          21          24  0.10972661840830555     
          23          24   1.4416513093031553     
          15          25  0.18442270626484042     
          16          25   1.7012412447016454     
          15          26  0.98754104304377610     
          26          27  0.89507653108314611     
          27          28   1.1560118312506920     
          27          29   1.7923958169627312     
          28          29  0.17047124953605364     
           7          30  0.96531606602898512     
          26          30  0.98556855964577805     
          30          31   1.1866883726646360     
          31          32  0.96871725360764660     
          32          33   1.3945693065289451     
          33          34   1.4484553389016952     
          32          35  0.10541396081770074     
          34          35   1.4255643879206310     
          33          36  0.10997317076213578     
          35          36   1.4555133045378832     
          32          37   1.3835567059072571     
          34          37  0.10698747358601549     
          36          37   1.4031052291098318     
          37          38   1.0149562852640162     
          38          39   1.0010750586653101     
          30          40  0.18428457034853626     
          31          40   1.6923497982010243     
           1          41  0.96774562303144240     
           2          42  0.97057806393391766     
           3          43  0.97086584885403304     
           4          44  0.97034684100364410     
           5          45  0.96363182483792476     
           7          46  0.93880343235961805     
           8          47  0.95471465450591086     
          10          48  0.96539516492098687     
          11          49  0.97084021528099640     
          12          50  0.97101570208579191     
          13          51  0.97043626457895549     
          14          52  0.96667117218273413     
          19          53  0.97106209301740565     
          19          54  0.97197351145209543     
          20          55  0.98581367514263796     
          20          56  0.98777312200893430     
          20          57  0.98071677203910312     
          21          58  0.96752140471261483     
          22          59  0.97038613233744320     
          23          60  0.96960435295901393     
          24          61  0.96724233079128630     
          26          62  0.93861546968881093     
          28          63  0.84808602929847043     
          33          64  0.96402098894667887     
          34          65  0.97022342858751842     
          35          66  0.97063555785496070     
          36          67  0.96735699156917843     
          38          68  0.96582790775745686     
          38          69  0.97280125339225276     
          39          70  0.97871645998528944     
          39          71  0.98637340150501873     
          39          72  0.98706668939170428     
