   -0.02796368
   -0.02516900
   -0.02776853
   -0.02590274
   -0.02695742
    0.00941302
    0.04061935
    0.03566906
    0.00318288
   -0.03404696
   -0.02835868
   -0.03117179
   -0.02740987
   -0.03667954
   -0.11869226
    0.27402373
   -0.03688601
   -0.01677874
   -0.01834057
    0.02783540
   -0.11126313
   -0.06896679
   -0.41610266
    0.08606738
    0.35319977
   -0.35270815
   -0.39252441
   -0.11729680
    0.27469394
   -0.03873370
   -0.02148827
   -0.01882352
    0.02716339
   -0.10988865
   -0.06367243
   -0.41557523
    0.03603671
    0.03817035
    0.03645539
    0.03527994
    0.02244928
    0.06275473
    0.08614585
    0.03624567
    0.03763418
    0.03610797
    0.03765143
    0.03493232
    0.05735028
    0.05909269
    0.06122994
    0.05644346
    0.05930318
    0.08041483
    0.34361392
    0.05145007
    0.05817628
    0.05543008
    0.06199849
    0.03293457
