           1           2   1.4414276033259636     
           2           3   1.4416685187040861     
           1           4  0.11062568651831259     
           3           4   1.4355898779475986     
           2           5  0.11187533407424116     
           4           5   1.4486834490455827     
           1           6   1.4162604181268323     
           3           6  0.10951946867521176     
           5           6   1.4093002388847262     
           6           7  0.99062251215567609     
           7           8  0.94991341596820433     
           8           9  0.99007736602204799     
           9          10   1.4174832944472657     
          10          11   1.4380049006848019     
           9          12  0.10947400945164847     
          11          12   1.4439130971070440     
          10          13  0.11013129027282080     
          12          13   1.4333979230997755     
           9          14   1.4054708662222308     
          11          14  0.11216342141603380     
          13          14   1.4502849662560111     
           8          15  0.96682261712740813     
          15          16   1.1665427909882014     
          16          17  0.99114084381694423     
          17          18   1.5734355476236292     
          18          19   1.2058440176204908     
          18          20  0.10456970160455596     
          19          20   1.1502378938311988     
          20          21   1.0393679627294043     
          17          22   1.2195437867420316     
          20          22   1.6192681785206826     
          15          23  0.17736383808982945     
          16          23   1.6968667003242612     
          15          24  0.98785168075620811     
          24          25  0.90926979253709805     
          25          26   1.1683345979692554     
          25          27   1.7672133732456221     
          26          27  0.18322582200166063     
           7          28  0.95527711828182826     
          24          28  0.98600694907048658     
          28          29   1.2016182978266403     
          29          30  0.96031090092098359     
          30          31   1.6044239819348258     
          31          32   1.1870472736060984     
          31          33  0.10442328521244756     
          32          33   1.1582665457165791     
          33          34   1.0394369074738647     
          30          35   1.2207469003809961     
          33          35   1.6129929622816646     
          28          36  0.19002019128706160     
          29          36   1.6992863452461218     
           1          37  0.96800892929022353     
           2          38  0.97062267639463007     
           3          39  0.97114952409069089     
           4          40  0.97091531081061877     
           5          41  0.96902373932276620     
           7          42  0.95281661100268977     
           8          43  0.93913586492506451     
          10          44  0.96648178924247097     
          11          45  0.97064173890410455     
          12          46  0.97109568401053015     
          13          47  0.97063099473746128     
          14          48  0.96749901582867204     
          18          49  0.96887293324384682     
          21          50  0.97778627798896811     
          21          51  0.96411985358714758     
          21          52  0.97445978595084737     
          22          53  0.95617675982576422     
          24          54  0.92539171955710731     
          26          55  0.85533099519393430     
          31          56  0.96989420852576869     
          34          57  0.97148194321923353     
          34          58  0.97879428132485535     
          34          59  0.96599290217804890     
          35          60  0.96248980442350607     
