   -0.03212750
   -0.02940345
   -0.02935076
   -0.03504099
    0.01523047
    0.01924155
   -0.03309036
   -0.02676205
   -0.03399583
    0.01071040
    0.04179391
    0.04698241
    0.00534197
   -0.03613054
   -0.02838622
   -0.03359483
    0.01741016
    0.01735005
   -0.03056708
   -0.02777255
   -0.02858366
   -0.03240043
   -0.12889749
    0.27387425
   -0.02028504
   -0.02689037
   -0.03174133
    0.08455952
   -0.15536778
   -0.03427024
   -0.02410798
   -0.40414553
    0.09053924
    0.35074306
   -0.36980304
   -0.37770210
   -0.13234833
    0.27734317
   -0.02061019
   -0.02570974
   -0.03168218
    0.08740208
   -0.14964830
   -0.03200172
   -0.01963057
   -0.38989528
    0.03591218
    0.03301534
    0.02858931
    0.02099307
    0.03795287
    0.03718254
    0.03875847
    0.07262932
    0.05376838
    0.04152340
    0.03573080
    0.03711512
    0.02939389
    0.03334534
    0.03344834
    0.03495426
    0.04466174
    0.06271503
    0.06249627
    0.05626819
    0.05989043
    0.34837487
    0.04481618
    0.06292766
    0.06482844
    0.06212981
