           1           2   1.5546956867746777     
           2           3   1.3249888755816748     
           1           4  0.11801496018128725     
           3           4   1.5515386297478826     
           4           5   1.2882603444975440     
           1           6   1.2819454844038769     
           5           6   1.2581816158703101     
           6           7   1.2726067415646740     
           7           8   1.5613562033242310     
           8           9   1.3174608998687767     
           5          10   1.2407635168714188     
           7          10  0.11423948506010795     
           9          10   1.5326056036670499     
          10          11  0.99641957694452743     
          11          12  0.95935531948916886     
          12          13  0.99393786727838629     
          13          14   1.5189015596664839     
          14          15   1.3302715595109393     
          13          16  0.11494308378571731     
          15          16   1.5498009715013992     
          16          17   1.2812641960396118     
          13          18   1.2537033438466130     
          17          18   1.2508608297788590     
          18          19   1.2822148633157930     
          19          20   1.5540526961937269     
          20          21   1.3215434381301621     
          17          22   1.2790039533701059     
          19          22  0.11808058605721808     
          21          22   1.5577589973403045     
          12          23  0.93865799964316676     
          23          24   1.2158452991587665     
          24          25  0.94691821967059231     
          25          26   1.4060538351568237     
          26          27   1.4422304634085308     
          27          28   1.4078834284591750     
          28          29  0.98834196718552603     
          26          30  0.10872622381026496     
          28          30   1.4089689368036391     
          25          31   1.4027326785198646     
          27          31  0.10875954287847259     
          30          31   1.4413008475838560     
          23          32  0.19786868288131343     
          24          32   1.7063748630164646     
          23          33  0.96974294150521134     
          33          34  0.91501432921172055     
          34          35   1.1524964459673486     
          34          36   1.7790600993615571     
          35          36  0.18270153968442027     
          11          37  0.94234044584522414     
          33          37  0.98718409838048760     
          37          38   1.1631943051345204     
          38          39  0.97216796185122234     
          39          40   1.3919548484854412     
          40          41   1.4484042861228608     
          41          42   1.4044593016305669     
          42          43  0.99301224027228485     
          40          44  0.10695737867443418     
          42          44   1.4060567826195303     
          39          45   1.3968646386196846     
          41          45  0.10701147102405677     
          44          45   1.4467403439594839     
          37          46  0.17674619012973605     
          38          46   1.7271318460214853     
           1          47  0.96801236918026956     
           2          48  0.97081049139789310     
           3          49  0.97125164198809122     
           4          50  0.96583014536743272     
           7          51  0.96781225150024464     
           8          52  0.97026760764628317     
           9          53  0.96190776809522460     
          11          54  0.93590108195054422     
          12          55  0.94661082772003113     
          14          56  0.96186895634596359     
          15          57  0.97029322452387379     
          16          58  0.96777524368882362     
          19          59  0.95874716742873611     
          20          60  0.97096534011423175     
          21          61  0.97067575511691262     
          22          62  0.96791873086085589     
          26          63  0.96730391796516213     
          27          64  0.96667975790561211     
          30          65  0.96648157923455003     
          31          66  0.96664912117457680     
          33          67  0.94782859310280720     
          35          68  0.85184474326455462     
          40          69  0.96685186983235227     
          41          70  0.96651497804483766     
          44          71  0.96634063767383571     
          45          72  0.96565586674308013     
