    0.14987852
   -0.25950207
    0.03586932
   -0.06390552
   -0.03009041
   -0.04181475
   -0.03549144
   -0.01990823
    0.04262380
    0.03767903
   -0.02654716
   -0.03789616
   -0.04043046
   -0.02927066
   -0.06487560
    0.14093624
   -0.27476906
    0.04163718
   -0.09902498
    0.27737041
   -0.00734946
   -0.03501663
   -0.02665342
   -0.04736431
    0.17239447
   -0.22070209
   -0.03992970
   -0.42409063
    0.09190308
    0.35408464
   -0.35564036
   -0.39147129
   -0.10255063
    0.27520702
   -0.00840409
   -0.05348886
    0.17098649
   -0.22717475
   -0.04736797
   -0.02393593
   -0.01890639
   -0.41686478
    0.05263312
    0.03894900
    0.06511069
    0.04272392
    0.03964906
    0.03631701
    0.02864539
    0.08756380
    0.05515970
    0.03642000
    0.04201506
    0.04552766
    0.04645062
    0.04336897
    0.04355820
    0.06629436
    0.04731827
    0.05208614
    0.06427157
    0.06623073
    0.09885649
    0.34295906
    0.05823954
    0.06206848
    0.05362725
    0.06382352
