           1           2   1.0772944662524115     
           2           3  0.97918714844117571     
           1           4   1.3722788782153743     
           4           5   1.4416439426753607     
           5           6   1.4386593659583720     
           4           7  0.10196448732640440     
           6           7   1.4267385845242893     
           1           8   1.3208955695574280     
           5           8  0.10538194890409802     
           7           8   1.4385273606419664     
           8           9  0.98752241330045631     
           9          10  0.95471585760428956     
          10          11  0.99244867553843163     
          11          12   1.4332710797993642     
          12          13   1.4280594695899855     
          11          14  0.10559108996415896     
          13          14   1.4407405461794791     
          12          15  0.10173542895725175     
          14          15   1.4371025922019216     
          11          16   1.3216603505568045     
          15          16   1.3793557046277307     
          16          17   1.0649292100079766     
          17          18  0.97914513622346222     
          10          19  0.96273854100284628     
          19          20   1.2091919996224112     
          20          21  0.96821986659123960     
          21          22   1.3995474529324978     
          22          23   1.4455936034994101     
          21          24  0.10833128067408936     
          23          24   1.4369001903351182     
          24          25   1.3946682548482361     
          25          26  0.96196922999234491     
          21          27   1.4061531971370211     
          23          27  0.10893058812305111     
          25          27   1.4015207501212579     
          19          28  0.18871996443563921     
          20          28   1.6862400403820363     
          19          29  0.99041357776499994     
          29          30  0.91350094630709189     
          30          31   1.1566590218483501     
          30          32   1.7754536640307435     
          31          32  0.18151640514220743     
           9          33  0.95351539496897120     
          29          33  0.99278748922122806     
          33          34   1.2104955830448059     
          34          35  0.96165648967607709     
          35          36   1.4019686707205992     
          36          37   1.4026143651710179     
          37          38  0.95589074662603246     
          35          39  0.10903205051506790     
          37          39   1.3953273620652842     
          36          40  0.10988588051086531     
          39          40   1.4398381091190411     
          35          41   1.4085507087290885     
          40          41   1.4409789996462739     
          33          42  0.19071367646742596     
          34          42   1.6909509512946623     
           3          43  0.97669398905343974     
           3          44  0.97608127737417705     
           3          45  0.97922695648367963     
           4          46  0.96528268614430390     
           5          47  0.97075221940046941     
           6          48  0.97094024782844279     
           7          49  0.96404775725785985     
           9          50  0.95036480016272284     
          10          51  0.95235023649779649     
          12          52  0.96750213459354106     
          13          53  0.97027263701153299     
          14          54  0.97029223338704784     
          15          55  0.96463694508832476     
          18          56  0.97570112646524165     
          18          57  0.97656285827663725     
          18          58  0.97475835595808080     
          22          59  0.96800296390092688     
          23          60  0.96902316946694778     
          24          61  0.96661513735763527     
          27          62  0.96413428744507446     
          29          63  0.91447930531379862     
          31          64  0.85607486524378607     
          36          65  0.96107951880825804     
          39          66  0.96680874258656146     
          40          67  0.96892345663247004     
          41          68  0.96728796831518071     
