   -0.03393042
   -0.02744559
   -0.03012808
   -0.02941139
   -0.03871279
   -0.00264101
    0.03447280
    0.03725956
    0.00514206
   -0.02886177
   -0.02466162
   -0.02761475
   -0.02742668
   -0.03110125
   -0.11649024
    0.27636961
   -0.01875014
   -0.01450914
   -0.04513716
    0.17241384
   -0.22005117
   -0.04956571
   -0.03454664
   -0.40991776
    0.08766696
    0.34914507
   -0.36291570
   -0.38043679
   -0.10429172
    0.27467611
   -0.01955780
   -0.02995667
   -0.04787213
    0.17339852
   -0.21752744
   -0.04584140
   -0.02187500
   -0.41170478
    0.05597359
    0.03980676
    0.03686705
    0.03898188
    0.03982726
    0.07992562
    0.07388082
    0.04162751
    0.04102797
    0.03853172
    0.03544559
    0.02114647
    0.07135143
    0.06837592
    0.06280597
    0.04076314
    0.07083964
    0.34664719
    0.04540641
    0.06643898
    0.06731181
    0.05935549
