           1           2   1.4510587536815300     
           2           3   1.4330843929787422     
           1           4  0.11279205112025073     
           3           4   1.4450715800418048     
           2           5  0.11001104034343057     
           4           5   1.4356388180332702     
           1           6   1.4058266008380738     
           3           6  0.10917336769259967     
           5           6   1.4196112161923586     
           6           7  0.98287722316579540     
           7           8  0.96670485304160603     
           8           9  0.98629152364142447     
           9          10   1.4162132385251562     
          10          11   1.4417573790618226     
           9          12  0.10969544634301658     
          11          12   1.4416521420813651     
          10          13  0.11097952557113008     
          12          13   1.4358247322745037     
           9          14   1.4107375680573506     
          11          14  0.11166455711391961     
          13          14   1.4479987193767332     
           8          15  0.95169344592204630     
          15          16   1.1972345671799816     
          16          17  0.96452905638268127     
          17          18   1.4061095441271836     
          18          19   1.4442107161646096     
          19          20   1.3967974333440187     
          20          21  0.96330688265133690     
          18          22  0.10941728902273191     
          20          22   1.3920719549313867     
          17          23   1.4000682132616020     
          19          23  0.10934394015983004     
          22          23   1.4464798678322661     
          15          24  0.18862512503326170     
          16          24   1.7024419185326656     
          15          25  0.99036504587644136     
          25          26  0.90500013466636020     
          26          27   1.1559463388923099     
          26          28   1.7836798548599391     
          27          28  0.18159562722658640     
           7          29  0.94459297236240247     
          25          29  0.99894733539711766     
          29          30   1.2116703145010934     
          30          31  0.95361296825504782     
          31          32   1.4032692270227520     
          32          33   1.4439353091062510     
          33          34   1.3934907436090058     
          34          35  0.96579313029947633     
          32          36  0.11014269482207817     
          34          36   1.3957824076436833     
          31          37   1.4073641647484889     
          33          37  0.11037254448305664     
          36          37   1.4436519372111034     
          29          38  0.19349794160688380     
          30          38   1.6982866439270323     
           1          39  0.96607039845377107     
           2          40  0.97031190525263356     
           3          41  0.97094270128706017     
           4          42  0.97068520447806150     
           5          43  0.96451083465701304     
           7          44  0.95284048293993207     
           8          45  0.94992397303688081     
          10          46  0.96779316040838015     
          11          47  0.97036392997076171     
          12          48  0.97099037875217498     
          13          49  0.97088060733655535     
          14          50  0.96602344785211458     
          18          51  0.96612758209886096     
          19          52  0.96524341823249526     
          22          53  0.96599922085991441     
          23          54  0.96753011084490093     
          25          55  0.92254279336969902     
          27          56  0.85361807190611749     
          32          57  0.96592967944508823     
          33          58  0.96556337307681439     
          36          59  0.96532682861427843     
          37          60  0.96782611529181106     
