    0.14486181
   -0.27332479
    0.03827711
   -0.06377904
   -0.02887215
   -0.03605110
   -0.03342042
   -0.01376850
    0.04307931
    0.04091586
   -0.01543295
   -0.03417736
   -0.04108275
   -0.02945993
   -0.06331096
    0.14802547
   -0.26157558
    0.03575671
   -0.10081143
    0.26971731
    0.09460839
   -0.06968551
   -0.04526138
    0.11704159
    0.54694021
   -0.34476061
   -0.37874468
   -0.11344128
   -0.36655078
    0.07433548
    0.34293822
   -0.36308226
   -0.31151263
   -0.09782008
    0.26959974
    0.09355268
   -0.07096370
   -0.04681571
    0.11567625
    0.54695661
   -0.37916990
   -0.34610161
   -0.12329744
   -0.36852997
    0.05994829
    0.04661302
    0.04104010
    0.04184468
    0.04307165
    0.04838638
    0.05508476
    0.08610451
    0.09897063
    0.02341027
    0.03988132
    0.04402013
    0.04580647
    0.06650268
    0.04849471
    0.04292171
    0.05571333
    0.09293390
    0.03633379
    0.32832378
    0.06067237
    0.09244328
