           1           2   1.0590499595328975     
           2           3  0.98313244863358618     
           1           4   1.3819065694245825     
           4           5   1.4347141579871927     
           5           6   1.4446639333345073     
           4           7  0.10380102775480747     
           6           7   1.4253074674118740     
           1           8   1.3240228057041825     
           5           8  0.10595349919866411     
           7           8   1.4383566142138111     
           8           9  0.98706628213030845     
           9          10  0.95442658834177996     
          10          11  0.98813558556613779     
          11          12   1.4413736905162366     
          12          13   1.4234485091730338     
          11          14  0.10527974837707503     
          13          14   1.4422407174904222     
          12          15  0.10158004131775031     
          14          15   1.4378904045333405     
          11          16   1.3166307972063631     
          15          16   1.3760662922690083     
          16          17   1.0763273953498087     
          17          18  0.97992963104015374     
          10          19  0.94800268381883535     
          19          20   1.2104282301556644     
          20          21  0.95357629654431031     
          21          22   1.4946876912547786     
          22          23   1.3517931649122841     
          21          24  0.12146438542649500     
          23          24   1.4817430555575628     
          24          25  0.99156079020782695     
          25          26   1.4587994260381532     
          25          27   1.4243754028670828     
          26          27  0.37076946129052363     
          21          28   1.1666484957196905     
          24          28   1.1302562252035722     
          19          29  0.20540249859463067     
          20          29   1.7140926743547493     
          19          30  0.99167686568570068     
          30          31  0.89477581786193894     
          31          32   1.1275399177726868     
          31          33   1.8313059925413544     
          32          33  0.17087862433533663     
           9          34  0.94384494756553416     
          30          34  0.98647419461018138     
          34          35   1.2276111570334065     
          35          36  0.93652186615672772     
          36          37   1.5094284155766839     
          37          38   1.3432442311289792     
          36          39  0.12383394241702197     
          38          39   1.4885128496935096     
          39          40  0.99244820896150598     
          40          41   1.4242473148276467     
          40          42   1.4580805199273521     
          41          42  0.36999830116172105     
          36          43   1.1647198880824057     
          39          43   1.1225049130319629     
          34          44  0.21147856084030509     
          35          44   1.7142670666023272     
           3          45  0.97975919077007712     
           3          46  0.97629282868249367     
           3          47  0.97591481310419903     
           4          48  0.96522346362702316     
           5          49  0.97052237072873204     
           6          50  0.96990329030739730     
           7          51  0.96264096720214509     
           9          52  0.94630001988440771     
          10          53  0.94366266272486077     
          12          54  0.96864625577564190     
          13          55  0.97070450302996902     
          14          56  0.97052877118501191     
          15          57  0.96502388448395915     
          18          58  0.97914628396118231     
          18          59  0.97623527845473346     
          18          60  0.97578283178368286     
          22          61  0.97225191015699819     
          23          62  0.96682525009502551     
          30          63  0.94057390346105119     
          32          64  0.86075297564219744     
          37          65  0.97242879108316127     
          38          66  0.96683501479068124     
