   -0.03388280
   -0.02970499
   -0.02862333
   -0.03837223
    0.01509168
    0.01631271
   -0.03402072
   -0.02728872
   -0.02910897
    0.00928600
    0.05186041
    0.04818288
    0.00522170
   -0.03062192
   -0.02943917
   -0.03573275
    0.01636740
    0.01139153
   -0.03341833
   -0.02788013
   -0.02867426
   -0.03408254
   -0.12574136
    0.27303548
   -0.02525887
   -0.03807330
    0.01743240
   -0.11186597
   -0.05002647
    0.02040864
   -0.11028059
   -0.04424347
   -0.40931736
    0.09511055
    0.35408182
   -0.36819321
   -0.38458353
   -0.11999124
    0.27462978
   -0.02473960
   -0.04248991
    0.02079936
   -0.11155709
   -0.05261440
    0.01761046
   -0.11149524
   -0.04009634
   -0.41025827
    0.03160928
    0.02958298
    0.03312289
    0.04392744
    0.03545219
    0.03510457
    0.02934072
    0.04334586
    0.06547293
    0.02614958
    0.03366753
    0.03583692
    0.03076504
    0.03264275
    0.03310037
    0.03437917
    0.04746861
    0.05524080
    0.04358356
    0.04778566
    0.03565545
    0.04502227
    0.05318745
    0.04461351
    0.02768474
    0.05435376
    0.34535038
    0.03095725
    0.04577691
    0.04921567
    0.05015366
    0.03421014
    0.05398925
    0.05110156
    0.04278838
    0.04321503
