           1           2   1.5550257286432727     
           2           3   1.3246511603624656     
           1           4  0.11836861412689606     
           3           4   1.5511071438610575     
           4           5   1.2855528173165944     
           1           6   1.2811203803471265     
           5           6   1.2518093489339654     
           6           7   1.2784264695207970     
           7           8   1.5528507019076789     
           8           9   1.3273479441393041     
           5          10   1.2500262201090202     
           7          10  0.11425946010022331     
           9          10   1.5195303281230332     
          10          11  0.99540694179893474     
          11          12  0.94939419029548122     
          12          13  0.99093361424706905     
          13          14   1.5238986305806481     
          14          15   1.3266610091971156     
          13          16  0.11444069611300274     
          15          16   1.5527690667069884     
          16          17   1.2794443461608160     
          13          18   1.2523851380948994     
          17          18   1.2529442381083202     
          18          19   1.2836883469914797     
          19          20   1.5542382342223890     
          20          21   1.3225128970447437     
          17          22   1.2793689375022406     
          19          22  0.11857219723002113     
          21          22   1.5570554491015416     
          12          23  0.95542781693902745     
          23          24   1.1833860006996830     
          24          25  0.96765109004987004     
          25          26   1.4039746373726842     
          26          27   1.4099597336708334     
          27          28   1.0257154576015173     
          25          29  0.10261190518264350     
          27          29   1.4143067232771163     
          26          30  0.10393160511504727     
          29          30   1.4111855045159198     
          30          31   1.0253132386710531     
          25          32   1.4004427570659101     
          27          32  0.10451187291180820     
          30          32   1.4135056079030459     
          23          33  0.18465915065470245     
          24          33   1.7092291022598842     
          23          34  0.98301888521200509     
          34          35  0.91329567610954987     
          35          36   1.1514577635728178     
          35          37   1.7712890800363350     
          36          37  0.17864834591632195     
          11          38  0.94975549953870553     
          34          38  0.98346477797954712     
          38          39   1.1977253837150996     
          39          40  0.95413498835277466     
          40          41   1.4074890159652536     
          41          42   1.4113384871065955     
          42          43   1.0255229591887738     
          40          44  0.10237742482526759     
          42          44   1.4098399315168462     
          41          45  0.10566152114441787     
          44          45   1.4176247936046187     
          45          46   1.0257404099937744     
          40          47   1.4061405802928657     
          42          47  0.10589861457878827     
          45          47   1.4044453509730226     
          38          48  0.19071070292365033     
          39          48   1.7079194999220189     
           1          49  0.96818548410648653     
           2          50  0.97089805733274259     
           3          51  0.97096559160688500     
           4          52  0.96004180640827519     
           7          53  0.96795492960123841     
           8          54  0.97025462080790537     
           9          55  0.96743924360815259     
          11          56  0.95248892183951728     
          12          57  0.94467853973975413     
          14          58  0.96726526690109593     
          15          59  0.97046545768765813     
          16          60  0.96799256592804372     
          19          61  0.96125948545493023     
          20          62  0.97098419717940443     
          21          63  0.97071768831048311     
          22          64  0.96804858294158447     
          26          65  0.96750923802055766     
          28          66  0.96576019876032571     
          28          67  0.98282156133720522     
          28          68  0.98024094852339783     
          29          69  0.96723618055303318     
          31          70  0.98322970030718015     
          31          71  0.96673672526538623     
          31          72  0.97995424363332551     
          32          73  0.96728396380117099     
          34          74  0.94424066094564374     
          36          75  0.85334618500149106     
          41          76  0.96883353439955733     
          43          77  0.98384667130745973     
          43          78  0.97827003933442014     
          43          79  0.96753085354300106     
          44          80  0.96682494267814012     
          46          81  0.96951250012460000     
          46          82  0.97341959424035118     
          46          83  0.98549373103434890     
          47          84  0.96787074965018483     
