   -0.02805233
   -0.03157422
    0.01505148
   -0.03329681
   -0.02923344
   -0.02881965
   -0.03315483
    0.01784989
   -0.03520754
    0.01232457
    0.04344259
    0.04182894
    0.00606991
   -0.04293771
    0.01691436
   -0.03398076
   -0.02867809
   -0.02933327
   -0.03346581
    0.01422256
   -0.03204769
   -0.02547366
   -0.11682296
    0.27506971
   -0.02537151
    0.01101226
   -0.03235091
   -0.02598767
   -0.02710504
   -0.03307866
    0.01426745
   -0.03415112
   -0.02789160
   -0.02427881
   -0.41093854
    0.09029975
    0.35242610
   -0.37014877
   -0.37437427
   -0.11679946
    0.27580479
   -0.02734243
   -0.02726349
   -0.02916810
   -0.03506073
    0.01445518
    0.00844579
   -0.03565578
   -0.02908837
   -0.02976227
   -0.03406637
   -0.41004033
    0.02336009
    0.03528388
    0.03257846
    0.03137472
    0.03175753
    0.03373206
    0.03670001
    0.06329912
    0.07391587
    0.03518058
    0.03387680
    0.03258928
    0.03203510
    0.03271332
    0.03534465
    0.02168761
    0.03112659
    0.03663543
    0.03553985
    0.03631276
    0.03869185
    0.03921224
    0.03496768
    0.06728511
    0.34409777
    0.03780942
    0.03871830
    0.03833996
    0.03876916
    0.03783045
    0.03524310
    0.03650890
