           1           2   1.5686627488287521     
           2           3   1.2732696603250133     
           3           4   1.2836232600380457     
           4           5   1.5544626626488935     
           5           6   1.3222850709819376     
           4           7  0.11793302517569032     
           6           7   1.5562289871459019     
           3           8   1.2514874194410945     
           7           8   1.2800679773575052     
           2           9  0.11290749498851736     
           8           9   1.2798373774337710     
           1          10   1.2893560485622497     
           9          10   1.5282562268775624     
          10          11  0.99356634121795973     
          11          12  0.94735901209267914     
          12          13  0.98691129294101898     
          13          14   1.5167061037841731     
          14          15   1.2890471435510582     
          15          16   1.2753058906919270     
          16          17   1.5609872956583859     
          17          18   1.3179359510536712     
          16          19  0.11842238301760757     
          18          19   1.5592236881137496     
          15          20   1.2482794157927541     
          19          20   1.2789895219112011     
          14          21  0.11738565109129367     
          20          21   1.2822121885027604     
          13          22   1.3048633529856830     
          21          22   1.5538953914038465     
          12          23  0.96432937995101087     
          23          24   1.1930747387568021     
          24          25  0.95309770932483295     
          25          26   1.2444859416511356     
          26          27   1.2809395306194666     
          27          28   1.5556235317946772     
          28          29   1.3207166196134685     
          27          30  0.11843405407464172     
          29          30   1.5567178329216949     
          26          31   1.2528976662575890     
          30          31   1.2791537226658325     
          25          32  0.11574530897033053     
          31          32   1.2779198462797310     
          32          33   1.5570557234389490     
          25          34   1.5242210280541220     
          33          34   1.3203060184105333     
          23          35  0.18861114464461698     
          24          35   1.7081918448601563     
          23          36  0.98107682122104201     
          36          37  0.90515607184370350     
          37          38   1.1481267058284703     
          37          39   1.7898302323492896     
          38          39  0.18258105033186392     
          11          40  0.95339071444871548     
          36          40  0.99115244177519102     
          40          41   1.2004209065153491     
          41          42  0.94929108907304138     
          42          43   1.5215562486089764     
          43          44   1.3203779512239551     
          42          45  0.11574025837965332     
          44          45   1.5567097158704286     
          45          46   1.2776652929453520     
          42          47   1.2488805793512845     
          46          47   1.2532115822455201     
          47          48   1.2807937851241757     
          48          49   1.5536664002575757     
          49          50   1.3225256506257079     
          46          51   1.2793784738244391     
          48          51  0.11846740690038482     
          50          51   1.5564523569002358     
          40          52  0.19196336079935533     
          41          52   1.7079175461934333     
           1          53  0.96584975377249827     
           2          54  0.96796093849447828     
           4          55  0.96841401821416484     
           5          56  0.97109716354979370     
           6          57  0.97102145179943811     
           7          58  0.96829879218913995     
           9          59  0.96474275033372336     
          11          60  0.95376145550907521     
          12          61  0.94475336213663308     
          14          62  0.96529974890405956     
          16          63  0.96825446963618644     
          17          64  0.97096109794444818     
          18          65  0.97105001113994405     
          19          66  0.96838322981061664     
          21          67  0.96799150497619013     
          22          68  0.96675400737376527     
          27          69  0.96335951527579355     
          28          70  0.97054348429127379     
          29          71  0.97057204897668337     
          30          72  0.96803394889522021     
          32          73  0.96793439716344887     
          33          74  0.96966627983952225     
          34          75  0.96955922648468884     
          36          76  0.94103630827023876     
          38          77  0.85489289156374160     
          43          78  0.96867375333411876     
          44          79  0.96835993686600141     
          45          80  0.96789631804489840     
          48          81  0.96586789165902776     
          49          82  0.97051786247450111     
          50          83  0.97071950586781330     
          51          84  0.96802345028997028     
