   -0.03079656
   -0.03062212
    0.01618904
   -0.03250401
   -0.02764181
   -0.02739591
   -0.03270317
    0.01761185
   -0.03335370
    0.01112985
    0.04521272
    0.04029981
    0.00359980
   -0.04074505
    0.01616215
   -0.03359902
   -0.02845532
   -0.02857296
   -0.03372299
    0.01378507
   -0.03270181
   -0.03581173
   -0.11290498
    0.27538448
   -0.00836767
   -0.01683781
   -0.02046353
   -0.02281842
    0.48578643
   -0.19946515
   -0.20314439
   -0.21144634
   -0.02524782
   -0.02845716
   -0.39492019
    0.08495095
    0.34743076
   -0.36010163
   -0.37898939
   -0.11438491
    0.27826815
   -0.00715040
   -0.01891357
   -0.02091069
   -0.02180804
    0.48648487
   -0.20767012
   -0.19827064
   -0.20589060
   -0.02242515
   -0.02621597
   -0.39251199
    0.03427959
    0.04151390
    0.03615155
    0.03519622
    0.03503725
    0.03185548
    0.02445443
    0.04532066
    0.06670425
    0.04579861
    0.03711592
    0.03380954
    0.03362989
    0.03440576
    0.03929499
    0.03148205
    0.07361135
    0.07163476
    0.06963252
    0.05028959
    0.06779629
    0.35016811
    0.06779554
    0.07225045
    0.06487377
    0.05154433
