           1           2   1.5582824109290478     
           2           3   1.2800080043082314     
           3           4   1.2804003492250595     
           4           5   1.5578555818204896     
           5           6   1.3192285151826519     
           4           7  0.11829409174136471     
           6           7   1.5594316504880441     
           3           8   1.2482752864451720     
           7           8   1.2768704374641664     
           2           9  0.11578056876971024     
           8           9   1.2872873263971316     
           1          10   1.2985418183186008     
           9          10   1.5190160222172022     
          10          11  0.99533706472394023     
          11          12  0.94419326722078245     
          12          13  0.98877784062042351     
          13          14   1.5327272613954190     
          14          15   1.2775391789374360     
          15          16   1.2801764258573656     
          16          17   1.5565667838531634     
          17          18   1.3219196716451374     
          16          19  0.11820685196535385     
          18          19   1.5554146372047082     
          15          20   1.2528312294642840     
          19          20   1.2824585715895800     
          14          21  0.11375093100835836     
          20          21   1.2738658920718258     
          13          22   1.2882763121266134     
          21          22   1.5679235781213716     
          12          23  0.95628142564767182     
          23          24   1.1999485002703307     
          24          25  0.94866910449741071     
          25          26   1.4132521712891173     
          26          27   1.4387018271852940     
          25          28  0.10619171426892804     
          27          28   1.4183223680355159     
          28          29  0.95003015067273611     
          29          30  0.95396042792669111     
          29          31  0.95188041058391948     
          29          32  0.93554575898585490     
          26          33  0.11169549656798777     
          28          33   1.4081955088730300     
          25          34   1.4007673336040272     
          27          34  0.11024554727302702     
          33          34   1.4480465486688834     
          23          35  0.19547606943108323     
          24          35   1.7204819699750449     
          23          36  0.99498774393404132     
          36          37  0.90588925140916521     
          37          38   1.1622055104306377     
          37          39   1.7795333607782617     
          38          39  0.18355852166714928     
          11          40  0.95292007166141424     
          36          40  0.99269323729834291     
          40          41   1.1947837316201286     
          41          42  0.94965853303977199     
          42          43   1.4177671506864657     
          43          44   1.4357954016429131     
          42          45  0.10591518705212002     
          44          45   1.4222238048868876     
          45          46  0.94982021815493045     
          46          47  0.94230518225040305     
          46          48  0.95843860767233890     
          46          49  0.94218651569043044     
          43          50  0.11056819597046831     
          45          50   1.4036243307564198     
          42          51   1.3927494023124403     
          44          51  0.11017646803190620     
          50          51   1.4542865795390676     
          40          52  0.19232843255450729     
          41          52   1.7221196815460817     
           1          53  0.96780620982425991     
           2          54  0.96745748866078718     
           4          55  0.96815698915390769     
           5          56  0.97083170210206282     
           6          57  0.97082555063819365     
           7          58  0.96837692397748343     
           9          59  0.96541355964729036     
          11          60  0.95504523406270181     
          12          61  0.95064707112967484     
          14          62  0.96029979589695491     
          16          63  0.96801075440486162     
          17          64  0.97087680989343184     
          18          65  0.97093597779843521     
          19          66  0.96829333594697031     
          21          67  0.96750955814253714     
          22          68  0.96849215911260134     
          26          69  0.96527102207389159     
          27          70  0.96480726689353602     
          33          71  0.96507253835390427     
          34          72  0.96780305778202691     
          36          73  0.91982405045514681     
          38          74  0.85107432891465917     
          43          75  0.96621377171758960     
          44          76  0.96477765637602531     
          50          77  0.96592272224510489     
          51          78  0.96721651194796010     
