   -0.03337478
   -0.02962415
   -0.02921178
   -0.03669195
    0.01684573
    0.01859991
   -0.03353905
   -0.02839731
   -0.03592429
    0.01029216
    0.04919092
    0.04092504
   -0.00537312
   -0.03349227
   -0.03002399
   -0.03452598
    0.01526459
    0.00913435
   -0.03326956
   -0.02777501
   -0.02849832
   -0.03314176
   -0.13292957
    0.27813884
   -0.02241154
    0.02085494
   -0.10279447
   -0.03677445
   -0.02885705
   -0.03091233
   -0.02508153
   -0.43062466
    0.09468320
    0.35503560
   -0.34988268
   -0.39696988
   -0.12795295
    0.28289037
   -0.03087782
   -0.02639096
   -0.03138883
   -0.02876016
   -0.03717729
    0.02236699
   -0.11735608
   -0.40588473
    0.03276682
    0.03084513
    0.03309458
    0.04135572
    0.03551131
    0.03299479
    0.03139352
    0.04936764
    0.04376226
    0.03031134
    0.03662282
    0.03867226
    0.02906588
    0.03590596
    0.03609759
    0.03679793
    0.05698170
    0.03542474
    0.04603579
    0.03733523
    0.03495255
    0.03442521
    0.03427347
    0.09450819
    0.34322931
    0.02995100
    0.03800959
    0.03678921
    0.03842300
    0.04638754
    0.05186552
    0.06851006
