           1           2   1.5532306329668246     
           2           3   1.3268645422438434     
           1           4  0.11839557267150697     
           3           4   1.5489944995920164     
           4           5   1.2899859887173937     
           1           6   1.2825920287654511     
           5           6   1.2587272538460008     
           6           7   1.2714827766039405     
           7           8   1.5625666244790770     
           8           9   1.3158108191805438     
           5          10   1.2382341847479625     
           7          10  0.11402581755524539     
           9          10   1.5347052837523552     
          10          11  0.99715013328012558     
          11          12  0.95413968467056443     
          12          13  0.99561342096545780     
          13          14   1.5185120741933460     
          14          15   1.3296270747821395     
          13          16  0.11505183909910235     
          15          16   1.5503037420078754     
          16          17   1.2799170425802744     
          13          18   1.2518245934920458     
          17          18   1.2512065335821125     
          18          19   1.2834963636984098     
          19          20   1.5516309594754720     
          20          21   1.3233654271934292     
          17          22   1.2799676567820195     
          19          22  0.11796421346409280     
          21          22   1.5560685774967824     
          12          23  0.95127507640258868     
          23          24   1.2086273285510598     
          24          25  0.95820964299928091     
          25          26   1.3776594919257408     
          26          27   1.0259319844891559     
          26          28   1.4137022781288024     
          25          29  0.10882689351980172     
          28          29   1.4419330161914976     
          26          30  0.10726163149196563     
          29          30   1.4377270875977337     
          25          31   1.4120685194056404     
          28          31  0.10906899940963329     
          30          31   1.4376949802539698     
          23          32  0.18811754710666906     
          24          32   1.6908258962383416     
          23          33  0.96688898424172331     
          33          34  0.92602537742010482     
          34          35   1.1674771116685514     
          34          36   1.7590923667463527     
          35          36  0.18223334391680759     
          11          37  0.94985682986280129     
          33          37  0.99665398749707979     
          37          38   1.1733529333529946     
          38          39  0.95420940778660324     
          39          40   1.4110705887883241     
          40          41   1.4367270529183305     
          39          42  0.10792492208819957     
          41          42   1.4374031568456296     
          40          43  0.10853568379126707     
          42          43   1.4433976594853148     
          39          44   1.3713497109799122     
          41          44  0.10776902285879261     
          43          44   1.4129108043613854     
          44          45   1.0300393967178612     
          37          46  0.17794586878792312     
          38          46   1.7266325473699231     
           1          47  0.96820933116178653     
           2          48  0.97087762114309406     
           3          49  0.97095319646734235     
           4          50  0.96292952986802827     
           7          51  0.96796607662915524     
           8          52  0.97060582694802067     
           9          53  0.96147564063677304     
          11          54  0.94008015973889592     
          12          55  0.94654747627460645     
          14          56  0.96446400358956419     
          15          57  0.97018486860010777     
          16          58  0.96767884910908231     
          19          59  0.95698485276459766     
          20          60  0.97074230569479147     
          21          61  0.97047468745880827     
          22          62  0.96777596243584518     
          27          63  0.97211637218631064     
          27          64  0.96774377301694381     
          27          65  0.98484262984252102     
          28          66  0.96774509088317906     
          29          67  0.97090504869877758     
          30          68  0.97019310227634492     
          31          69  0.96952372370670936     
          33          70  0.91778542126366203     
          35          71  0.85589188222831647     
          40          72  0.96973590314110303     
          41          73  0.97006877635149258     
          42          74  0.97080056090196343     
          43          75  0.96769968247593730     
          45          76  0.98389697688080080     
          45          77  0.97278524671351407     
          45          78  0.95777310260878612     
