   -0.02972725
   -0.02677176
   -0.02861319
   -0.02500756
   -0.02815832
    0.01382889
    0.04599879
    0.04555218
    0.01137673
   -0.02931634
   -0.02619801
   -0.02887055
   -0.02598816
   -0.03296995
   -0.11140390
    0.27213329
   -0.01854652
   -0.03984437
   -0.02732454
   -0.06629736
    0.14561744
   -0.26730279
    0.03559135
   -0.05333781
   -0.40827340
    0.08798103
    0.35051112
   -0.37074917
   -0.37658352
   -0.11637433
    0.27160460
   -0.01880852
   -0.05503303
    0.14812068
   -0.26479675
    0.03523097
   -0.06543808
   -0.02985763
   -0.03648838
   -0.40655256
    0.02825941
    0.03556903
    0.03625020
    0.03855411
    0.03732204
    0.06135152
    0.05620081
    0.03294438
    0.03604106
    0.03460563
    0.03665283
    0.04884839
    0.03875418
    0.04337819
    0.04055241
    0.04475102
    0.03878409
    0.06585354
    0.05447901
    0.06624545
    0.34559304
    0.04782242
    0.06558244
    0.04117076
    0.04400530
    0.04116102
    0.04232408
    0.04803034
