           1           2   1.4475224672893525     
           2           3   1.4363693186324316     
           1           4  0.11153785187629428     
           3           4   1.4406028502203623     
           2           5  0.11086649147009070     
           4           5   1.4428067187377218     
           1           6   1.4100396687252892     
           3           6  0.10942585125585290     
           5           6   1.4145449078127292     
           6           7  0.98999873361745783     
           7           8  0.95449718574445708     
           8           9  0.98905826462181612     
           9          10   1.4148189655951033     
          10          11   1.4425336822153429     
           9          12  0.10924532536926233     
          11          12   1.4403728397714286     
          10          13  0.11083658383775209     
          12          13   1.4371046562280332     
           9          14   1.4108227024261266     
          11          14  0.11203295819264007     
          13          14   1.4467170558439373     
           8          15  0.95185456763779808     
          15          16   1.2059217723021431     
          16          17  0.95207210267632059     
          17          18   1.3850081724435970     
          18          19   1.4492243620335206     
          17          20  0.10103170769813745     
          19          20   1.4339692620462474     
          20          21   1.3764772985644984     
          21          22   1.0654822912044617     
          22          23  0.98365620783857033     
          17          24   1.4379203123195528     
          19          24  0.10837985581741647     
          21          24   1.3467977708328696     
          15          25  0.19398341737988667     
          16          25   1.7066392260942109     
          15          26  0.98840581371264780     
          26          27  0.90710470935350784     
          27          28   1.1504258211431500     
          27          29   1.7828086652196082     
          28          29  0.18151620104721139     
           7          30  0.95344627717029695     
          26          30  0.98395782815828148     
          30          31   1.1895933539064241     
          31          32  0.96596135881154133     
          32          33   1.4305024266087563     
          33          34   1.3512921958494295     
          34          35   1.0688596527016536     
          35          36  0.98322596072920232     
          32          37  0.10052313696683918     
          34          37   1.3711056588573138     
          33          38  0.10750863832112735     
          37          38   1.4360178456315704     
          32          39   1.3835786897809665     
          38          39   1.4490190536814591     
          30          40  0.18626559128546438     
          31          40   1.7079782218510229     
           1          41  0.96903166417039899     
           2          42  0.97087686200915657     
           3          43  0.97117214894183079     
           4          44  0.97058707704819547     
           5          45  0.96845496477691295     
           7          46  0.95245858474338974     
           8          47  0.95314196202532675     
          10          48  0.96854032334215345     
          11          49  0.97077405464678823     
          12          50  0.97124055557355271     
          13          51  0.97082885915729311     
          14          52  0.96362786898664476     
          18          53  0.96991852863606576     
          19          54  0.96976836102314457     
          20          55  0.96609367172007821     
          23          56  0.97673268295203874     
          23          57  0.97652430203668650     
          23          58  0.97920657594661009     
          24          59  0.96649750824123404     
          26          60  0.94358555027369984     
          28          61  0.85364911104392993     
          33          62  0.96561601354743876     
          36          63  0.97933767028496177     
          36          64  0.97666102895476981     
          36          65  0.97665990508117839     
          37          66  0.96614407154405646     
          38          67  0.96984477068067187     
          39          68  0.96918410693550616     
