           1           2  0.98939307970855239     
           2           3   1.0580270287805063     
           3           4   1.4155155544203584     
           4           5   1.3987547760047891     
           5           6   1.4421869200574047     
           6           7  0.99394275680550248     
           7           8   1.0103646595331430     
           8           9   1.9761643686685049     
           6          10   1.3712696255170975     
           3          11   1.2596424563902091     
          10          11   1.4201280729570915     
          11          12   1.0603506827769897     
          12          13  0.98887387220966927     
           1          14  0.97602488001018717     
           1          15  0.97599433245801104     
           1          16  0.97938262264976783     
           4          17  0.96546794852969875     
           5          18  0.96924787433841186     
           7          19  0.96820941640350799     
           7          20  0.96044092889843324     
           8          21  0.96724216575025546     
           9          22  0.97654585831106144     
           9          23  0.97533978356653339     
          10          24  0.96361883257335257     
          13          25  0.97601710506325401     
          13          26  0.97590087830950878     
          13          27  0.97935668000557907     
