    0.14432105
   -0.26810303
    0.03765349
   -0.06453444
   -0.03142812
   -0.04107968
   -0.03327208
   -0.01345447
    0.04561830
    0.03672315
   -0.02168503
   -0.03528470
   -0.03857374
   -0.03266634
   -0.06671122
    0.13804079
   -0.27853607
    0.03918065
   -0.10942385
    0.27547380
   -0.03967382
    0.07294830
   -0.16280358
    0.06693128
   -0.05245450
   -0.42730487
    0.09430292
    0.37076825
   -0.36141258
   -0.39911113
   -0.11451620
    0.27355053
   -0.04905623
    0.06902778
   -0.15966950
    0.06630941
   -0.05402882
   -0.41412132
    0.04714942
    0.03932671
    0.06343531
    0.04055238
    0.03884032
    0.03764671
    0.03347954
    0.08937762
    0.06673308
    0.06549037
    0.04454985
    0.03924122
    0.03888871
    0.06160014
    0.04433143
    0.04234170
    0.05811836
    0.05781398
    0.05807252
    0.06035219
    0.34575271
    0.05124969
    0.05689508
    0.05681653
