           1           2   1.0659627746133167     
           2           3  0.98227647843274868     
           1           4   1.3796040234783491     
           4           5   1.4354605829503622     
           5           6   1.4438492176242019     
           4           7  0.10196777914274821     
           6           7   1.4238055891124264     
           1           8   1.3215087448011125     
           5           8  0.10612620332609111     
           7           8   1.4408956493518272     
           8           9  0.98938781497760075     
           9          10  0.95132028055161044     
          10          11  0.99010665198445802     
          11          12   1.4340792940579399     
          12          13   1.4280435072476148     
          11          14  0.10660132228577832     
          13          14   1.4431134442910922     
          12          15  0.10342698284607503     
          14          15   1.4340139976438488     
          11          16   1.3274614492131427     
          15          16   1.3820248022060284     
          16          17   1.0546149861583931     
          17          18  0.98218966267510699     
          10          19  0.95741969446970199     
          19          20   1.2285546408055414     
          20          21  0.99147008249751756     
          21          22   1.5549682123707629     
          22          23   1.1536126718238942     
          22          24  0.14640079072708775     
          23          24   1.1319738343269534     
          21          25   1.2534705345640824     
          24          25   1.6222454621729028     
          19          26  0.18645205915443702     
          20          26   1.6415822748259552     
          19          27  0.97577726999570735     
          27          28  0.90693757367183370     
          28          29   1.1522549954337356     
          28          30   1.7549498909036088     
          29          30  0.17078180119322639     
           9          31  0.96012717380221757     
          27          31  0.98959864000850628     
          31          32   1.2000614294078258     
          32          33  0.97776511225460438     
          33          34   1.5601196273930500     
          34          35   1.1520053398127008     
          34          36  0.14797637330236277     
          35          36   1.1367025149954397     
          33          37   1.2576336467121416     
          36          37   1.6168133603163759     
          31          38  0.19058702200497288     
          32          38   1.6932240930295985     
           3          39  0.97662184438666644     
           3          40  0.97629589917710868     
           3          41  0.97937884733977498     
           4          42  0.96555439681806299     
           5          43  0.97090449435574744     
           6          44  0.97080076017046568     
           7          45  0.96804069253824454     
           9          46  0.94600683830718735     
          10          47  0.95179634849647865     
          12          48  0.96172690898600921     
          13          49  0.97019726579591781     
          14          50  0.97082384460128968     
          15          51  0.96543642246977246     
          18          52  0.97948765570363228     
          18          53  0.97630011528137806     
          18          54  0.97637589173053208     
          22          55  0.96514586860427898     
          24          56  0.96578159538508113     
          25          57  0.97310200863427576     
          27          58  0.94429234200266421     
          29          59  0.85495256466446601     
          34          60  0.96613327675360927     
          36          61  0.96578974020850572     
          37          62  0.97341426389378649     
