   -0.04102137
   -0.03502814
    0.01299442
   -0.03001765
   -0.02487665
   -0.02615524
   -0.03506679
    0.01249639
   -0.04469272
   -0.00781736
    0.03479366
    0.05078453
    0.00954171
   -0.03506610
    0.01803720
   -0.03261699
   -0.02716659
   -0.02752106
   -0.03297301
    0.01544736
   -0.03224277
   -0.03290362
   -0.12407143
    0.27940725
    0.00240112
   -0.02704370
   -0.02037089
    0.00638020
    0.54715512
   -0.38319582
   -0.38022668
   -0.01622260
   -0.00625930
   -0.39620974
    0.09296808
    0.35360390
   -0.34773496
   -0.39025166
   -0.10922770
    0.27428475
    0.00375741
   -0.01594555
   -0.01785763
    0.00480674
    0.54697576
   -0.38110954
   -0.38246505
   -0.01947569
   -0.02224906
   -0.41346157
    0.03129957
    0.04419496
    0.04462051
    0.04255039
    0.03912485
    0.03336313
    0.03893125
    0.05000949
    0.04740410
    0.03583354
    0.03586127
    0.03598761
    0.03597276
    0.03620628
    0.03967130
    0.02614548
    0.05040719
    0.08528524
    0.08905299
    0.07925880
    0.09074063
    0.34776524
    0.06446288
    0.08495391
    0.08728826
    0.05631741
