           1           2   1.5612114584964560     
           2           3   1.2772278092885465     
           3           4   1.2818188957337140     
           4           5   1.5560910189470487     
           5           6   1.3203881190019529     
           4           7  0.11810413463387659     
           6           7   1.5579893465066492     
           3           8   1.2482414414352363     
           7           8   1.2779757241950256     
           2           9  0.11401565523955202     
           8           9   1.2845521518200897     
           1          10   1.2950881499804854     
           9          10   1.5202611888338726     
          10          11  0.99097629503313844     
          11          12  0.95081531941334407     
          12          13  0.99239704928887962     
          13          14   1.5283462391828961     
          14          15   1.2804203562982845     
          15          16   1.2793446052493336     
          16          17   1.5571352949158217     
          17          18   1.3214928188593702     
          16          19  0.11814965014763268     
          18          19   1.5555855127928024     
          15          20   1.2514082806957900     
          19          20   1.2824730979489081     
          14          21  0.11341940634150087     
          20          21   1.2748720053344860     
          13          22   1.2908186568706719     
          21          22   1.5662331172751749     
          12          23  0.95503609994095640     
          23          24   1.1767206522500457     
          24          25  0.97063694988355931     
          25          26   1.3914166935696708     
          26          27   1.4583748249124100     
          27          28   1.3797269814562207     
          28          29  0.96140950131479685     
          29          30   1.4524384973003170     
          29          31   1.4555391710075829     
          30          31  0.36407568872556850     
          26          32  0.10309101939611769     
          28          32   1.3821098727404268     
          25          33   1.3951728828196641     
          27          33  0.10538838955735957     
          32          33   1.4552767293384412     
          23          34  0.18241238618914468     
          24          34   1.7158924955046617     
          23          35  0.98907473302917037     
          35          36  0.90767821988829156     
          36          37   1.1694777448262828     
          36          38   1.7758275977524753     
          37          38  0.18377873948017620     
          11          39  0.95656992312390898     
          35          39  0.98910802770057082     
          39          40   1.2143448579112968     
          40          41  0.95387424193968284     
          41          42   1.3945689618755719     
          42          43   1.4575673343922819     
          43          44   1.3784765134467976     
          44          45  0.96310930164033670     
          45          46   1.4531620781460188     
          45          47   1.4531741108154066     
          46          47  0.36345947473047030     
          42          48  0.10565830644246628     
          44          48   1.3832584559448406     
          41          49   1.4029442874729041     
          43          49  0.10313075985496604     
          48          49   1.4522719696870827     
          39          50  0.19611143897675337     
          40          50   1.6983010709840083     
           1          51  0.96769683080125102     
           2          52  0.96707607999331113     
           4          53  0.96746690934281010     
           5          54  0.97028787520676596     
           6          55  0.97049469014525525     
           7          56  0.96821968271470316     
           9          57  0.96249895516723005     
          11          58  0.95237636277220239     
          12          59  0.95414884655815091     
          14          60  0.96560747341506592     
          16          61  0.96815802036234033     
          17          62  0.97073195004265267     
          18          63  0.97078517138662546     
          19          64  0.96816618029077461     
          21          65  0.96766127003968205     
          22          66  0.96819331973499534     
          26          67  0.96617745145719502     
          27          68  0.95927550192860178     
          32          69  0.95866970774146099     
          33          70  0.96421729057840677     
          35          71  0.92370749187612777     
          37          72  0.85207139144831512     
          42          73  0.96617199698808898     
          43          74  0.95905169513624466     
          48          75  0.95888611978424509     
          49          76  0.96726807068461307     
