   -0.02059061
    0.48606161
   -0.19906592
   -0.20328747
   -0.22287751
   -0.01715078
   -0.01952595
   -0.01579160
   -0.02219076
    0.02594665
    0.04751400
    0.04797385
    0.02488917
   -0.02201179
    0.48564884
   -0.19889680
   -0.22532443
   -0.20567529
   -0.01806233
   -0.01963527
   -0.01449063
   -0.02460978
   -0.11242493
    0.27923985
   -0.02938369
    0.09954413
   -0.16868631
   -0.03216342
   -0.02000345
   -0.02637959
   -0.02517950
   -0.39933250
    0.08754983
    0.35238414
   -0.33959468
   -0.38998130
   -0.11309557
    0.27932673
   -0.02991101
   -0.02676398
   -0.02814998
   -0.02086539
   -0.03151786
    0.10201010
   -0.16388575
   -0.39812094
    0.07070699
    0.05981657
    0.05632849
    0.04417072
    0.07249434
    0.06596222
    0.06847663
    0.05819476
    0.05628961
    0.06365605
    0.06778134
    0.05842815
    0.05495888
    0.04728727
    0.06293962
    0.35330007
    0.04474467
    0.05393904
    0.05799600
    0.06906646
