           1           2  0.95178817318973274     
           2           3  0.95724705553960454     
           2           4  0.94633910424027967     
           2           5  0.92865867795277490     
           1           6   1.4123994278721543     
           6           7   1.4443042343101737     
           1           8  0.10472782652096946     
           7           8   1.4317727335178825     
           6           9  0.10920570105276969     
           8           9   1.4500021413076707     
           1          10   1.3876514504884156     
           7          10  0.10883503916034784     
           9          10   1.4076663316753990     
          10          11  0.99377876122015985     
          11          12  0.95343493662632373     
          12          13  0.99328597101944938     
          13          14   1.3854318287713203     
          14          15  0.95227522405139498     
          15          16  0.95814883439772169     
          15          17  0.92654882731269395     
          15          18  0.94422424689036644     
          14          19   1.4130628367319802     
          13          20  0.10832702448544566     
          19          20   1.4428720998699753     
          14          21  0.10510643324852174     
          20          21   1.4338735459285756     
          13          22   1.4105235434297054     
          19          22  0.10905080783988783     
          21          22   1.4470541123158529     
          12          23  0.95224109379954369     
          23          24   1.2014450434493915     
          24          25  0.95012247222620694     
          25          26   1.3761144218815795     
          26          27  0.97550712051249377     
          26          28   1.4054237681018469     
          25          29  0.10767076255030625     
          28          29   1.4409594364003728     
          26          30  0.10045734524420756     
          29          30   1.4332087992410014     
          25          31   1.4046459991407656     
          28          31  0.10912915435475112     
          30          31   1.4416407446173720     
          23          32  0.19454653574842656     
          24          32   1.7136689814469888     
          23          33  0.98738232372035284     
          33          34  0.90215539770228437     
          34          35   1.1798208717766683     
          34          36   1.7739623063467111     
          35          36  0.18862761256549396     
          11          37  0.95341030162653684     
          33          37  0.98739077998213431     
          37          38   1.1967480514479654     
          38          39  0.95175235050952067     
          39          40   1.4040098483843553     
          40          41   1.4418606889596939     
          39          42  0.10753086559288717     
          41          42   1.4323503569899290     
          40          43  0.10893912251720587     
          42          43   1.4420840204568279     
          39          44   1.3760054172903107     
          41          44  0.10023030783603477     
          43          44   1.4040034472607537     
          44          45  0.97968067191879527     
          37          46  0.19235382238612281     
          38          46   1.7156859932855653     
           6          47  0.96515319513895714     
           7          48  0.96857283853085063     
           8          49  0.96887839054751868     
           9          50  0.96711468429780967     
          11          51  0.95139397510666779     
          12          52  0.95187696049018244     
          19          53  0.96546661898106356     
          20          54  0.96870479075093052     
          21          55  0.96889366589706205     
          22          56  0.96064221680720641     
          28          57  0.96533245230504783     
          29          58  0.96820576548196302     
          30          59  0.96844602395557233     
          31          60  0.96791138978583358     
          33          61  0.94352791382969348     
          35          62  0.84729194896722904     
          40          63  0.96808615062632719     
          41          64  0.96857826359281329     
          42          65  0.96826847690023332     
          43          66  0.96518111983961097     
