   -0.02168972
    0.48576713
   -0.19910617
   -0.20625324
   -0.22571994
   -0.01818370
   -0.01931657
   -0.01389396
   -0.02592013
    0.02138607
    0.04997781
    0.04960908
    0.02459902
   -0.01917734
    0.48633518
   -0.19968131
   -0.22123946
   -0.19929663
   -0.01691155
   -0.01985072
   -0.01687907
   -0.02306120
   -0.12054117
    0.28021127
   -0.02819781
    0.05431050
   -0.08621064
   -0.03297060
   -0.02584402
   -0.02776676
   -0.02929764
   -0.39087185
    0.09362957
    0.34750918
   -0.37721401
   -0.35517303
   -0.11759310
    0.27807776
   -0.02336234
   -0.02640171
   -0.02631106
   -0.02441358
   -0.03073154
    0.05599524
   -0.11165220
   -0.39708100
    0.06789783
    0.05875506
    0.06226714
    0.07060854
    0.06731948
    0.07606273
    0.07162631
    0.05943446
    0.05498794
    0.04249386
    0.06196849
    0.05176857
    0.04900790
    0.03854081
    0.06083482
    0.35119408
    0.04187404
    0.05046378
    0.05255509
    0.06074604
