           1           2  0.95218754518188176     
           2           3  0.95824303196651539     
           2           4  0.94354518816611543     
           2           5  0.92637381335727065     
           1           6   1.4149369892000325     
           6           7   1.4406990859231394     
           1           8  0.10585833170472410     
           7           8   1.4367977211085683     
           6           9  0.10848919450975385     
           8           9   1.4424033493315276     
           1          10   1.3830791350821297     
           7          10  0.10789003208699656     
           9          10   1.4146903649739364     
          10          11  0.99108315524158441     
          11          12  0.95572105516902761     
          12          13  0.99332406494809733     
          13          14   1.3874014883488206     
          14          15  0.95078984283458412     
          15          16  0.94931588915603027     
          15          17  0.92995902009163089     
          15          18  0.95643063832541697     
          14          19   1.4145209427584482     
          13          20  0.10902110066865750     
          19          20   1.4429842198858227     
          14          21  0.10524390935292136     
          20          21   1.4333495380935590     
          13          22   1.4097018334891556     
          19          22  0.10922927842413285     
          21          22   1.4483826934047879     
          12          23  0.95068933296351277     
          23          24   1.1900154971711303     
          24          25  0.95551147739976383     
          25          26   1.3880120175931512     
          26          27  0.99619719534847562     
          26          28   1.4120584707011146     
          25          29  0.10592212787768306     
          28          29   1.4442776554608721     
          26          30  0.10099743768165935     
          29          30   1.4282151093969166     
          25          31   1.3990543517925067     
          28          31  0.10880734841739199     
          30          31   1.4449670964870027     
          23          32  0.18791264012014974     
          24          32   1.7195032309832010     
          23          33  0.98986042371705663     
          33          34  0.90400934385672627     
          34          35   1.1452735212035661     
          34          36   1.7867952087730565     
          35          36  0.18071118809730005     
          11          37  0.94941570522427809     
          33          37  0.98469720901135882     
          37          38   1.2017203962697935     
          38          39  0.95273894751798749     
          39          40   1.3993270860326574     
          40          41   1.4426163864407695     
          39          42  0.10792892806632177     
          41          42   1.4325462661178088     
          40          43  0.10935933132244972     
          42          43   1.4395060320831714     
          39          44   1.3980123980945121     
          41          44  0.10217967231944955     
          43          44   1.4178363621972367     
          44          45  0.97812987183754085     
          37          46  0.19302989023192901     
          38          46   1.7101242015021350     
           6          47  0.96550792274956687     
           7          48  0.96855973850907151     
           8          49  0.96805280776630975     
           9          50  0.95801792414798181     
          11          51  0.95226842990421923     
          12          52  0.95138956979223122     
          19          53  0.96499239881151400     
          20          54  0.96862253252918962     
          21          55  0.96903001424836765     
          22          56  0.96759988991649293     
          28          57  0.96605359916351174     
          29          58  0.96793086325254574     
          30          59  0.96895352666496404     
          31          60  0.96709105874122914     
          33          61  0.94363966784785847     
          35          62  0.85021508277880875     
          40          63  0.96713525894490004     
          41          64  0.96867408601500582     
          42          65  0.96771261070762538     
          43          66  0.96634632242900742     
