   -0.02940870
    0.48412873
   -0.22033646
   -0.20672232
   -0.19612732
   -0.01865717
   -0.01901452
   -0.01449113
   -0.01955928
    0.01648997
    0.03862817
    0.03339285
    0.00312593
   -0.03336204
    0.48559792
   -0.19636202
   -0.19204629
   -0.23333447
   -0.02124117
   -0.01792885
   -0.01268082
   -0.02990258
   -0.14732504
    0.27956914
   -0.04187031
    0.09131206
    0.49186137
   -0.18838894
   -0.17602416
   -0.19953624
   -0.13079633
    0.08193548
   -0.06676735
   -0.36851949
    0.07116462
    0.34778329
   -0.35197948
   -0.35126055
   -0.11595897
    0.27813905
   -0.03541293
    0.09427178
    0.49232855
   -0.19357686
   -0.18308058
   -0.19385907
   -0.13273506
    0.07915098
   -0.06385176
   -0.39140898
    0.07189283
    0.06312599
    0.06555053
    0.03584803
    0.09160410
    0.10469420
    0.07271450
    0.06577494
    0.07145675
    0.06833416
    0.09022317
    0.07169591
    0.06851474
    0.34527615
    0.08229025
    0.05565109
