           1           2  0.95081620163419145     
           2           3  0.93131525663544068     
           2           4  0.94179260650072127     
           2           5  0.96028903503455132     
           1           6   1.4222996395272900     
           6           7   1.4353475058976948     
           1           8  0.10761867965521256     
           7           8   1.4427581291533802     
           6           9  0.10718400867754589     
           8           9   1.4349169467144258     
           1          10   1.3740992917164412     
           7          10  0.10784845676814636     
           9          10   1.4244174788604220     
          10          11  0.98876272582327296     
          11          12  0.95955802424706249     
          12          13  0.98802533227071399     
          13          14   1.3745263579286264     
          14          15  0.94907969173009377     
          15          16  0.95995041561896344     
          15          17  0.96057925038448222     
          15          18  0.91358486128118221     
          14          19   1.4217839406743444     
          13          20  0.10831985017015308     
          19          20   1.4345853291344814     
          14          21  0.10694611078001415     
          20          21   1.4429856858635375     
          13          22   1.4222936149899270     
          19          22  0.10595296838968808     
          21          22   1.4332176825630443     
          12          23  0.94839206744415205     
          23          24   1.1338443960286944     
          24          25  0.99383274150611356     
          25          26   1.5043665514633215     
          26          27  0.95218198567607382     
          27          28  0.95797122477548535     
          27          29  0.96583157525985586     
          27          30  0.94401269019200895     
          26          31   1.1516675697599714     
          26          32  0.14029553656167082     
          31          32   1.1514241638970144     
          25          33   1.2643631311325279     
          32          33   1.6051394030482293     
          23          34  0.17162212141954908     
          24          34   1.7485432261178757     
          23          35  0.99155171677693577     
          35          36  0.89631157778136195     
          36          37   1.1657041933130947     
          36          38   1.8020260814480846     
          37          38  0.17463698360946159     
          11          39  0.96060017790710361     
          35          39  0.97807799721327615     
          39          40   1.1992673492861921     
          40          41  0.96566157295772237     
          41          42   1.5275674514010344     
          42          43  0.95566693672539782     
          43          44  0.95525509075592852     
          43          45  0.96183286453682737     
          43          46  0.94528709128292188     
          42          47   1.1400806451781671     
          42          48  0.14450777253286376     
          47          48   1.1576248638844160     
          41          49   1.2737501137491298     
          48          49   1.5931759463981523     
          39          50  0.19625182426870935     
          40          50   1.7127781669179378     
           6          51  0.96485292048009619     
           7          52  0.96805646488610519     
           8          53  0.96761490272613770     
           9          54  0.96665779202975621     
          11          55  0.94123073243887678     
          12          56  0.94397093679832045     
          19          57  0.96442737186833349     
          20          58  0.96751648181417049     
          21          59  0.96693553442803160     
          22          60  0.95943850988859714     
          32          61  0.96046616140238217     
          33          62  0.96686781527745835     
          35          63  0.93281323267370764     
          37          64  0.83134298412855534     
          48          65  0.96161453053327883     
          49          66  0.97270149174765896     
