   -0.03123525
   -0.03159508
    0.01463836
   -0.03319410
   -0.02932432
   -0.02898243
   -0.03389240
    0.01615811
   -0.03640051
    0.01180773
    0.04717185
    0.04664210
    0.01116110
   -0.03575839
    0.01724504
   -0.03341076
   -0.02925690
   -0.02962168
   -0.03374302
    0.01453111
   -0.03230082
   -0.03402424
   -0.11119829
    0.27496346
   -0.06222227
    0.07033206
   -0.17152142
    0.05533250
   -0.01176802
   -0.10796210
   -0.40978055
    0.08810538
    0.35144145
   -0.36940235
   -0.38454597
   -0.12109775
    0.27543417
   -0.06222194
    0.06687569
   -0.16923097
    0.05281694
   -0.00665504
   -0.11022672
   -0.40674800
    0.03582927
    0.03981835
    0.03424439
    0.03237269
    0.03191872
    0.03039525
    0.02813990
    0.06169198
    0.05276622
    0.03391256
    0.03315986
    0.03137805
    0.03118267
    0.03287750
    0.03737481
    0.04408561
    0.05904147
    0.05626801
    0.05504671
    0.05228955
    0.04565746
    0.06564967
    0.34593013
    0.04807536
    0.05418434
    0.05287508
    0.07101684
    0.04548180
