           1           2   1.5625200430432067     
           2           3   1.2772760302623600     
           3           4   1.2816244688158980     
           4           5   1.5565484585258176     
           5           6   1.3205210287853808     
           4           7  0.11809544799430151     
           6           7   1.5579266364321487     
           3           8   1.2499978167884336     
           7           8   1.2785418302644254     
           2           9  0.11518940312245304     
           8           9   1.2833535174615107     
           1          10   1.2950582429335122     
           9          10   1.5247764197144762     
          10          11  0.99005381785936841     
          11          12  0.95246453678490184     
          12          13  0.98999066157982551     
          13          14   1.5284843183357597     
          14          15   1.2801245814876836     
          15          16   1.2795787752269423     
          16          17   1.5568248333659525     
          17          18   1.3216570568547272     
          16          19  0.11798914842641159     
          18          19   1.5552888451942199     
          15          20   1.2515196292382604     
          19          20   1.2827165299124041     
          14          21  0.11355773963774923     
          20          21   1.2746484813776799     
          13          22   1.2912137795199286     
          21          22   1.5665851570989557     
          12          23  0.95239466974358999     
          23          24   1.2039036189314603     
          24          25  0.96503042389180560     
          25          26   1.5647923941522299     
          26          27   1.1479309416727428     
          26          28  0.14869357811903819     
          27          28   1.1260021461794865     
          25          29   1.2334754736799873     
          28          29   1.5852344489648094     
          29          30   1.0306474014569942     
          23          31  0.19459602268902881     
          24          31   1.7016378103305154     
          23          32  0.98805719149463400     
          32          33  0.90850163995359312     
          33          34   1.1510261286302461     
          33          35   1.7759403441866284     
          34          35  0.18041699832512995     
          11          36  0.95541800705147695     
          32          36  0.98367826801057756     
          36          37   1.1851354974862198     
          37          38  0.97939875160530521     
          38          39   1.5633559483356629     
          39          40   1.1504211837880007     
          39          41  0.14632637308205237     
          40          41   1.1217172731432168     
          38          42   1.2258696869189827     
          41          42   1.5876783968771377     
          42          43   1.0357275047672105     
          36          44  0.18570232287124311     
          37          44   1.7056365890037997     
           1          45  0.96813153210710501     
           2          46  0.96753697536863770     
           4          47  0.96829028788052030     
           5          48  0.97101912436398896     
           6          49  0.97102633187458021     
           7          50  0.96848658680010269     
           9          51  0.96611743845977771     
          11          52  0.95088288716962666     
          12          53  0.95385317663213809     
          14          54  0.96553341681128391     
          16          55  0.96833255467745172     
          17          56  0.97103457885085753     
          18          57  0.97109572827413282     
          19          58  0.96839871324068239     
          21          59  0.96784260638326036     
          22          60  0.96464974253796021     
          26          61  0.96583782436223853     
          28          62  0.96561273201083142     
          30          63  0.97742038956414479     
          30          64  0.98341586316566187     
          30          65  0.96803327835200970     
          32          66  0.94341986600049432     
          34          67  0.85345863877009343     
          39          68  0.96575785417581028     
          41          69  0.96566161274336759     
          43          70  0.96907137901842721     
          43          71  0.96931649838130818     
          43          72  0.98480274500649689     
