   -0.01995414
    0.48624447
   -0.20000881
   -0.22893547
   -0.19741943
   -0.01748359
   -0.02063394
   -0.01708573
   -0.02406364
    0.02687008
    0.05148806
    0.03752567
    0.00733698
   -0.02986765
    0.48545778
   -0.21935093
   -0.21373856
   -0.19486694
   -0.01989484
   -0.01968964
   -0.01509327
   -0.02623992
   -0.11739663
    0.26899583
   -0.08508140
   -0.05528277
   -0.05947651
   -0.05467176
   -0.10433826
   -0.45389095
    0.07600213
    0.34716923
   -0.36967585
   -0.36720300
   -0.12556061
    0.27917681
   -0.08578951
   -0.05568890
   -0.05973445
   -0.05426305
   -0.10269111
   -0.40758585
    0.07021103
    0.05879222
    0.05580181
    0.04688842
    0.06976171
    0.06181046
    0.07214991
    0.06376345
    0.06602906
    0.05949279
    0.06670325
    0.05694382
    0.04322151
    0.05521003
    0.03953974
    0.03085418
    0.03510907
    0.03245366
    0.03399352
    0.03514448
    0.03469457
    0.06655342
    0.36690680
    0.04117158
    0.06566005
    0.03617161
    0.05932246
    0.02436289
    0.04268244
    0.02889690
    0.03534991
    0.03176904
    0.03434082
    0.03463343
