           1           2  0.95159793105992052     
           2           3  0.95627197086549587     
           2           4  0.92234405236950745     
           2           5  0.95308691544725077     
           1           6   1.4133880046860976     
           6           7   1.4436284449006134     
           1           8  0.10450793631148118     
           7           8   1.4317093331551178     
           6           9  0.10905604190571047     
           8           9   1.4502850650927723     
           1          10   1.3866206712436939     
           7          10  0.10878478757627330     
           9          10   1.4068971450773089     
          10          11  0.99423236597995857     
          11          12  0.94763755324461141     
          12          13  0.99121329137509717     
          13          14   1.3822935178734157     
          14          15  0.95084041801831010     
          15          16  0.92769654676462587     
          15          17  0.94028271175810341     
          15          18  0.96239553220814578     
          14          19   1.4131268734185458     
          13          20  0.10802939220241690     
          19          20   1.4422372928683611     
          14          21  0.10536520836952182     
          20          21   1.4346913546873306     
          13          22   1.4121931521343047     
          19          22  0.10824878255914283     
          21          22   1.4448187642564458     
          12          23  0.96578583239389537     
          23          24   1.2498898760389114     
          24          25  0.99071091940331368     
          25          26   1.0030039348313839     
          26          27   1.0089226986849211     
          27          28   1.0072233820946117     
          28          29   1.0201963705119794     
          23          30  0.17546045486354558     
          24          30   1.6046220856795357     
          23          31  0.96530865693413559     
          31          32  0.88393052493764623     
          32          33   1.2073315867337249     
          32          34   1.7756113179886115     
          33          34  0.18519585813973188     
          11          35  0.96134817982165055     
          31          35   1.0048278007623861     
          35          36   1.1679759841066366     
          36          37  0.97409145018874876     
          37          38   1.0043825503328276     
          38          39   1.0084976205665119     
          39          40   1.0079419092915765     
          40          41   1.0192833715191922     
          35          42  0.17454262741824830     
          36          42   1.7206330117513782     
           6          43  0.96522361727219197     
           7          44  0.96869858843261236     
           8          45  0.96892775112093654     
           9          46  0.96709393718724923     
          11          47  0.95287382881414440     
          12          48  0.95053183396887686     
          19          49  0.96480604256072766     
          20          50  0.96792637738408638     
          21          51  0.96765096083423119     
          22          52  0.96305434268481316     
          25          53  0.95110883258981027     
          25          54  0.94589347311674399     
          26          55  0.97446974347595594     
          26          56  0.97434482543027667     
          27          57  0.97634630953667267     
          27          58  0.97683271306797348     
          28          59  0.97794543928602851     
          28          60  0.97827733721358179     
          29          61  0.98605855955120081     
          29          62  0.98753029788858060     
          29          63  0.98728847534681197     
          31          64  0.93685031792828988     
          33          65  0.76053408069839623     
          37          66  0.96022970772138161     
          37          67  0.95051671178824315     
          38          68  0.97681468058533172     
          38          69  0.97391671962103399     
          39          70  0.97743462285592619     
          39          71  0.97599627092718344     
          40          72  0.97851938963990470     
          40          73  0.97832274206871328     
          41          74  0.98806703192649581     
          41          75  0.98746894924725859     
          41          76  0.98797326596928681     
