    0.14426780
   -0.27232960
    0.03739652
   -0.06405571
   -0.03042335
   -0.03879856
   -0.03563510
   -0.01371698
    0.04704622
    0.05021451
   -0.01059209
   -0.02594390
   -0.03663581
   -0.03002885
   -0.06439682
    0.14117094
   -0.28784949
    0.03340937
   -0.10081800
    0.27231111
   -0.01581414
    0.02869339
    0.11639903
   -0.20461833
   -0.01537704
   -0.02510559
   -0.02860489
   -0.03716322
   -0.40547369
    0.08379484
    0.34384171
   -0.36811367
   -0.33306213
   -0.10230676
    0.27089734
   -0.01094146
   -0.01253347
   -0.01221413
   -0.02088021
   -0.01910602
    0.00924515
    0.11122045
   -0.24794103
   -0.40756246
    0.04119437
    0.04676683
    0.06167914
    0.04029931
    0.03896766
    0.04112477
    0.05300807
    0.08333163
    0.06793983
    0.04641743
    0.04237975
    0.03978366
    0.04067589
    0.03613314
    0.04190889
    0.07883047
    0.05538385
    0.04896488
    0.04680026
    0.04624156
    0.04511667
    0.32571342
    0.06214028
    0.05755573
    0.05181411
    0.04796253
