           1           2   1.0612074060186818     
           2           3  0.98233114711545144     
           1           4   1.3789953008306244     
           4           5   1.4365764932085576     
           5           6   1.4424707685665406     
           4           7  0.10342966602492720     
           6           7   1.4272287994884401     
           1           8   1.3262825299608210     
           5           8  0.10616079149754831     
           7           8   1.4364263424130399     
           8           9  0.99006656067137955     
           9          10  0.95687158195818189     
          10          11  0.99056517919472609     
          11          12   1.4362719897473266     
          12          13   1.4258312341121497     
          11          14  0.10657984786916000     
          13          14   1.4450249886305973     
          12          15  0.10302568384365061     
          14          15   1.4331575277789359     
          11          16   1.3267108919999007     
          15          16   1.3853396435120842     
          16          17   1.0526658650253118     
          17          18  0.97876784502443726     
          10          19  0.94782934330552993     
          19          20   1.2180808513012193     
          20          21  0.95193794423270628     
          21          22   1.3388665956525376     
          22          23   1.0859852589537744     
          23          24   2.8193581545789113     
          22          25   1.3666391135575331     
          21          26  0.10481631558391019     
          25          26   1.4539308310618420     
          22          27  0.10017936483770347     
          26          27   1.4274238299066153     
          21          28   1.4140830542558060     
          25          28  0.10570904384928409     
          27          28   1.4350138721780206     
          19          29  0.19835919272539293     
          20          29   1.6980347492339545     
          19          30  0.98737517027336996     
          30          31  0.90234875929814884     
          31          32   1.1268953130076937     
          31          33   1.8166500302140662     
          32          33  0.16801529255082068     
           9          34  0.94705429185408951     
          30          34  0.98982551901573468     
          34          35   1.2233088937834884     
          35          36  0.95179974057105055     
          36          37   1.4137345978271632     
          37          38   1.4389010547734979     
          36          39  0.10155761387431937     
          38          39   1.4233437246982048     
          37          40  0.10464688186404510     
          39          40   1.4594695611842297     
          36          41   1.3296539922577391     
          40          41   1.3508812272782225     
          41          42   1.1033490362487470     
          42          43   2.7792073006141722     
          34          44  0.19834858934882610     
          35          44   1.6921841564601603     
           3          45  0.97629516843289010     
           3          46  0.97661402767006167     
           3          47  0.97959306747879937     
           4          48  0.96549358935616814     
           5          49  0.97086724410874947     
           6          50  0.97054886611892410     
           7          51  0.96412895420985223     
           9          52  0.94765644382871272     
          10          53  0.95309064311348446     
          12          54  0.96690185054505051     
          13          55  0.97026501921456232     
          14          56  0.97080744704924016     
          15          57  0.96527267509797388     
          18          58  0.97708789526685580     
          18          59  0.97724352544037174     
          18          60  0.96771642124030355     
          25          61  0.96827803875123197     
          26          62  0.96895417088929392     
          27          63  0.96954702307626284     
          28          64  0.96641063337957045     
          30          65  0.93372892751356518     
          32          66  0.85966081045659115     
          37          67  0.96609739618372592     
          38          68  0.96830346194046801     
          39          69  0.96827630527701403     
          40          70  0.96909158526401695     
