   -0.03454910
   -0.03257007
    0.01377454
   -0.03301043
   -0.02825993
   -0.02789637
   -0.03364415
    0.01474141
   -0.04095963
   -0.00475765
    0.03867673
    0.05148272
    0.01249620
   -0.03548040
    0.01764382
   -0.03298484
   -0.02877983
   -0.02933557
   -0.03389479
    0.01436224
   -0.03318500
   -0.03036353
   -0.12784162
    0.28132348
   -0.02043252
   -0.02250468
   -0.02664613
   -0.03772789
    0.01907015
   -0.11009735
   -0.04419790
   -0.40509465
    0.07934808
    0.34853509
   -0.37309509
   -0.37092280
   -0.10861485
    0.26927490
   -0.01288404
   -0.03812291
    0.02361646
   -0.11118946
   -0.03548343
   -0.02582057
   -0.02548628
   -0.46182568
    0.03639548
    0.04401756
    0.03789327
    0.03631233
    0.03533431
    0.03300308
    0.03185579
    0.05032771
    0.05597322
    0.03629280
    0.03453583
    0.03244491
    0.03192916
    0.03274974
    0.03599389
    0.02833530
    0.05645348
    0.04144468
    0.03704879
    0.04784424
    0.04328483
    0.04935752
    0.02539426
    0.06467812
    0.36624216
    0.03266586
    0.05535960
    0.04509426
    0.05033495
    0.04098250
    0.04147053
    0.04226314
