           1           2   1.5648942229271785     
           2           3   1.2754776109186314     
           3           4   1.2819808487124722     
           4           5   1.5562342570729124     
           5           6   1.3204847670372377     
           4           7  0.11804999995595718     
           6           7   1.5582365003271657     
           3           8   1.2506349309078026     
           7           8   1.2779993269688794     
           2           9  0.11311142778930913     
           8           9   1.2823436126716694     
           1          10   1.2920889958502491     
           9          10   1.5246027667696136     
          10          11  0.99205186858498062     
          11          12  0.95144813235112080     
          12          13  0.99315685816017640     
          13          14   1.5273300898405802     
          14          15   1.2812909135770532     
          15          16   1.2791856634708207     
          16          17   1.5571923325924533     
          17          18   1.3214716295757536     
          16          19  0.11805473376638033     
          18          19   1.5553403681584481     
          15          20   1.2511777611332437     
          19          20   1.2826867856801423     
          14          21  0.11383201204384000     
          20          21   1.2747861373495333     
          13          22   1.2916236173570881     
          21          22   1.5660667331384197     
          12          23  0.95873011950277209     
          23          24   1.1602937179929926     
          24          25  0.96994406529795774     
          25          26   1.4064336935431476     
          26          27   1.4359094796183478     
          25          28  0.10757621850331671     
          27          28   1.4494962942969105     
          26          29  0.10687603417110028     
          28          29   1.4028466831832223     
          29          30   1.0249664785372441     
          25          31   1.4000024600898102     
          27          31  0.10782200989759690     
          29          31   1.4200906525768509     
          23          32  0.17528693131862139     
          24          32   1.7216513398302056     
          23          33   1.0007314227780573     
          33          34  0.88533673042097716     
          34          35   1.2071553763489431     
          34          36   1.7756633369199857     
          35          36  0.18275307093951459     
          11          37  0.95322350063329009     
          33          37  0.96613386471154550     
          37          38   1.2738027942418710     
          38          39  0.97433702751610574     
          39          40   1.4018049563605379     
          40          41   1.4186703371824343     
          41          42   1.0267716528967450     
          39          43  0.10819649599997450     
          41          43   1.4015044195937996     
          40          44  0.10668918070021732     
          43          44   1.4500257485310089     
          39          45   1.4019226827391771     
          41          45  0.10672558706218478     
          44          45   1.4355569396328238     
          37          46  0.18521324669339850     
          38          46   1.5884519587339010     
           1          47  0.96716930913113874     
           2          48  0.96731964647830648     
           4          49  0.96806460416011542     
           5          50  0.97076685392053164     
           6          51  0.97075411352786933     
           7          52  0.96824737533049998     
           9          53  0.96528371197141039     
          11          54  0.95212927647317580     
          12          55  0.95248534671925189     
          14          56  0.96561163256199700     
          16          57  0.96825506034628828     
          17          58  0.97096145647238952     
          18          59  0.97105852490712041     
          19          60  0.96839612307739531     
          21          61  0.96791818324460777     
          22          62  0.96821357782408080     
          26          63  0.96794010501595440     
          27          64  0.96959396214659166     
          28          65  0.96953690105932100     
          30          66  0.97970249240650231     
          30          67  0.98340320117367130     
          30          68  0.96760552633399444     
          31          69  0.96709331523019249     
          33          70  0.93863795228713054     
          35          71  0.75768515237755718     
          40          72  0.96708984192491909     
          42          73  0.96730138660331144     
          42          74  0.98476131340500350     
          42          75  0.97556061208252609     
          43          76  0.96945398161587060     
          44          77  0.96938056283313490     
          45          78  0.96957406209707353     
