   -0.03299813
   -0.02775561
   -0.02683738
   -0.03496253
    0.00810207
    0.01524136
   -0.03434475
   -0.03093350
   -0.03997921
   -0.00450790
    0.03861617
    0.05478341
    0.00803196
   -0.02980131
   -0.02873674
   -0.03576442
    0.01597239
    0.01124886
   -0.03298817
   -0.02900125
   -0.02946630
   -0.03413726
   -0.13894284
    0.28264310
   -0.06243031
    0.14058836
   -0.12233890
   -0.18694888
    0.10382517
    0.00599987
   -0.03069652
   -0.02815667
   -0.03057978
   -0.02747446
   -0.03613247
   -0.07491347
   -0.42045453
    0.09626680
    0.35273971
   -0.35188502
   -0.39479838
   -0.11410415
    0.27511216
   -0.06070432
    0.12634259
   -0.11873721
   -0.19263423
    0.10468696
    0.00534628
   -0.03027909
   -0.02828789
   -0.03063823
   -0.02741041
   -0.03541687
   -0.06984503
   -0.43601627
    0.03639925
    0.03496214
    0.03452743
    0.02778611
    0.03716806
    0.03283818
    0.03934148
    0.05157412
    0.04355989
    0.03543400
    0.03616577
    0.03606679
    0.02574940
    0.03030155
    0.03261210
    0.03491349
    0.07638314
    0.06419299
    0.08314471
    0.04445397
    0.03281727
    0.03215465
    0.03383249
    0.03393563
    0.03398088
    0.09454825
    0.34179628
    0.06145558
    0.06886915
    0.07257434
    0.04340444
    0.03413573
    0.03375006
    0.03428361
    0.03281478
    0.03456547
