           1           2   1.5582128402240949     
           2           3   1.3207022573583183     
           1           4  0.11794116210898596     
           3           4   1.5551315811838806     
           4           5   1.2821144424502304     
           1           6   1.2781472721320306     
           5           6   1.2534140412852510     
           6           7   1.2797860163880910     
           7           8   1.5510148297799251     
           8           9   1.3273921882323021     
           5          10   1.2503104401694980     
           7          10  0.11444889796325310     
           9          10   1.5212279686464323     
          10          11  0.99354104280076916     
          11          12  0.94388271378655519     
          12          13  0.99529295372088966     
          13          14   1.5223375367686751     
          14          15   1.3272865690764375     
          13          16  0.11457777776904246     
          15          16   1.5522550986713215     
          16          17   1.2798184309626481     
          13          18   1.2521573082879358     
          17          18   1.2525139148737414     
          18          19   1.2828205330456433     
          19          20   1.5546904936972636     
          20          21   1.3219646681263106     
          17          22   1.2792479754425510     
          19          22  0.11831406589745670     
          21          22   1.5572968525613542     
          12          23  0.96346647668892493     
          23          24   1.1420870399904703     
          24          25   1.0145999690599854     
          25          26   1.4833931506720819     
          26          27   1.0368561460573325     
          26          28   1.1497436052278975     
          26          29  0.11013183929490880     
          28          29   1.0817901536087888     
          29          30   1.0904712252380933     
          30          31   1.3696084025403112     
          31          32   1.4585600403321257     
          32          33   1.4310661795147912     
          31          34  0.10496607317046212     
          33          34   1.4278500314999194     
          30          35   1.3671843509402823     
          32          35  0.10538133939903671     
          34          35   1.4619389289295321     
          25          36   1.2618068806504665     
          29          36   1.5305545757043346     
          23          37  0.16373109182491619     
          24          37   1.6990366331240283     
          23          38  0.98848256951080504     
          38          39  0.91178601948119808     
          39          40   1.1613322546082188     
          39          41   1.7735477488095648     
          40          41  0.18043398420122092     
          11          42  0.96104771783011589     
          38          42  0.99013299644294284     
          42          43   1.2019737730218956     
          43          44  0.98419134458778501     
          44          45   1.5057129098027784     
          45          46   1.0334066053057285     
          45          47   1.1335188379017114     
          45          48  0.11627256825174957     
          47          48   1.0894917249577012     
          48          49   1.0890999815599647     
          49          50   1.3692486890862112     
          50          51   1.4585716694711905     
          51          52   1.4305666763642531     
          50          53  0.10491709804735340     
          52          53   1.4284405290372177     
          49          54   1.3680583555468981     
          51          54  0.10533373048946162     
          53          54   1.4606680947933270     
          44          55   1.2692065865899966     
          48          55   1.5244615373268811     
          42          56  0.18770836255430015     
          43          56   1.6772497841494136     
           1          57  0.96783127181083251     
           2          58  0.97050793634417087     
           3          59  0.97077110533225119     
           4          60  0.96096810399427335     
           7          61  0.96783239022107570     
           8          62  0.97017329371837357     
           9          63  0.96393375222735544     
          11          64  0.94609332465617380     
          12          65  0.94831923573161880     
          14          66  0.96704319076567147     
          15          67  0.97028850351817519     
          16          68  0.96792136842267773     
          19          69  0.96192493197515117     
          20          70  0.97111205860094274     
          21          71  0.97075515235227894     
          22          72  0.96800855366409344     
          27          73  0.95560394948791072     
          27          74  0.97805962929271939     
          27          75  0.97041751432586265     
          31          76  0.96862165485091511     
          32          77  0.97082990138493219     
          33          78  0.97161866222725923     
          34          79  0.97081375582351859     
          35          80  0.96854537556170173     
          36          81  0.97000154577801012     
          38          82  0.91999969881313504     
          40          83  0.85610764215445112     
          46          84  0.96418111298367037     
          46          85  0.96838147751659154     
          46          86  0.97984178742102435     
          50          87  0.96868024269592712     
          51          88  0.97069153096039840     
          52          89  0.97151164065135809     
          53          90  0.97075121877731996     
          54          91  0.96855392198757173     
          55          92  0.97096756111131499     
