   -0.02864657
   -0.02708792
   -0.02984405
   -0.02680705
   -0.03690078
    0.00770199
    0.03961013
    0.04174583
    0.00820890
   -0.03038258
   -0.02683927
   -0.02762280
   -0.02445137
   -0.02679985
   -0.11127405
    0.27790450
   -0.02979664
    0.10001911
   -0.16650834
   -0.03334686
   -0.02265610
   -0.02967134
   -0.02804764
   -0.40560196
    0.08853940
    0.35328227
   -0.34004893
   -0.38971090
   -0.10677014
    0.27867256
   -0.02733854
   -0.02565873
   -0.03104984
   -0.02434240
   -0.03265855
    0.10220227
   -0.16123520
   -0.40060503
    0.03718486
    0.03620100
    0.03605843
    0.03724938
    0.03264325
    0.08113589
    0.06941964
    0.02099536
    0.03502940
    0.03768261
    0.04031371
    0.04016465
    0.06721519
    0.05594284
    0.05123804
    0.04519065
    0.06092441
    0.34791299
    0.04843121
    0.05151598
    0.05453446
    0.06683252
