           1           2   1.4359599263786600     
           2           3   1.4455635192104137     
           1           4  0.11020595254428858     
           3           4   1.4324000893858975     
           2           5  0.11260510340801494     
           4           5   1.4515157567023576     
           1           6   1.4218976794639122     
           3           6  0.10980198094026089     
           5           6   1.4045202784680695     
           6           7  0.98507610411434787     
           7           8  0.95585008554490669     
           8           9  0.98746396707322337     
           9          10   1.4088586278573672     
          10          11   1.4493057248156871     
           9          12  0.10963346343137649     
          11          12   1.4348209303368817     
          10          13  0.11185767366167862     
          12          13   1.4423962676308522     
           9          14   1.4173215405818420     
          11          14  0.11054466645149116     
          13          14   1.4405601792627736     
           8          15  0.95175685147464884     
          15          16   1.2134935155134732     
          16          17  0.94794777534501240     
          17          18   1.3807037665718560     
          18          19  0.97796620771391274     
          18          20   1.4014191420340276     
          17          21  0.10779402590843309     
          20          21   1.4443630090524242     
          21          22   1.4305897234663147     
          17          23   1.4019463131996355     
          20          23  0.10962742062675782     
          22          23   1.4439879931279480     
          15          24  0.19617267993256152     
          16          24   1.7061307608065486     
          15          25  0.98436316170383786     
          25          26  0.90112239740986655     
          26          27   1.1805350382300996     
          26          28   1.7737013227973777     
          27          28  0.18929958233574587     
           7          29  0.96236856494883793     
          25          29  0.99080281190183639     
          29          30   1.1993307015412575     
          30          31  0.95087500441095818     
          31          32   1.4032931853770443     
          32          33   1.4411165047630203     
          31          34  0.10759355467560724     
          33          34   1.4330489913108628     
          32          35  0.10924821725355201     
          34          35   1.4421906265498099     
          31          36   1.3755297819271373     
          33          36  0.10021967199556125     
          35          36   1.4037994937890856     
          36          37  0.98031048913271346     
          29          38  0.19169744505573463     
          30          38   1.7145548021067383     
           1          39  0.96380074388508286     
           2          40  0.97081432606448081     
           3          41  0.97111635704680221     
           4          42  0.97064720035234076     
           5          43  0.96821767966685113     
           7          44  0.94139893599061097     
           8          45  0.95296918436341882     
          10          46  0.96920539386370996     
          11          47  0.97090996384438144     
          12          48  0.97107351532595121     
          13          49  0.97044061237448398     
          14          50  0.96768014920071654     
          20          51  0.96553670627531407     
          21          52  0.96848261243937617     
          22          53  0.96884528943358939     
          23          54  0.96800952444981347     
          25          55  0.94241686559680893     
          27          56  0.85148013579890658     
          32          57  0.96789230958350869     
          33          58  0.96880663261861621     
          34          59  0.96867082402901028     
          35          60  0.96554794268127353     
