    0.14882270
   -0.26191896
    0.03721792
   -0.06486178
   -0.03167602
   -0.04292936
   -0.03925489
   -0.01497200
    0.04206620
    0.04540770
   -0.01081408
   -0.02711550
   -0.03868308
   -0.03156456
   -0.06634148
    0.14016299
   -0.27652613
    0.04107469
   -0.08943020
    0.25963944
    0.06651183
    0.00842366
   -0.11178135
   -0.07120604
    0.07689541
   -0.20502807
   -0.44217582
    0.08727686
    0.35911577
   -0.35965534
   -0.39206358
   -0.09674993
    0.26155293
    0.07107252
    0.00818019
   -0.11330066
   -0.06965659
    0.07802636
   -0.19253927
   -0.43745331
    0.06246548
    0.03847927
    0.04927834
    0.03929866
    0.03589201
    0.03310959
    0.04155737
    0.08743373
    0.06911100
    0.04694939
    0.03974665
    0.03708273
    0.03714684
    0.04164786
    0.06034882
    0.03869708
    0.06433430
    0.07560904
    0.04865115
    0.04677572
    0.05407026
    0.09710337
    0.33918869
    0.05356136
    0.07188243
    0.05220869
    0.04545990
    0.04916110
