           1           2   1.0713764626551059     
           2           3  0.98172160962908250     
           1           4   1.3764516260411668     
           4           5   1.4379138032358201     
           5           6   1.4418130885517626     
           4           7  0.10166664025274773     
           6           7   1.4247161531830446     
           1           8   1.3209324569976777     
           5           8  0.10592875080891448     
           7           8   1.4409062408109499     
           8           9  0.98778242578570441     
           9          10  0.96116694384821322     
          10          11  0.98832372628643583     
          11          12   1.4398416913500434     
          12          13   1.4233438537921266     
          11          14  0.10692950043951255     
          13          14   1.4466812736759345     
          12          15  0.10221560522592227     
          14          15   1.4313978414164519     
          11          16   1.3242042765899649     
          15          16   1.3854822471652208     
          16          17   1.0542996033384868     
          17          18  0.98508718374118165     
          10          19  0.95706143507048524     
          19          20   1.2067360918419452     
          20          21   1.0378373592513981     
          21          22   1.4910661085716206     
          22          23   1.0418044080880706     
          22          24   1.2858406495884447     
          21          25  0.13704104694219454     
          24          25   1.5901186030075702     
          21          26   1.0779650758323993     
          25          26   1.1404810827050327     
          19          27  0.18637679206686367     
          20          27   1.6248846031245838     
          19          28  0.99947233326486762     
          28          29  0.90844474422317090     
          29          30   1.1487144815624486     
          29          31   1.7787346514884299     
          30          31  0.17793863268697627     
           9          32  0.95247242310743496     
          28          32  0.98018927627311514     
          32          33   1.2084286764217800     
          33          34   1.0211884558752691     
          34          35   1.5047894930936407     
          35          36   1.0374629437770935     
          35          37   1.2800661454822400     
          34          38  0.13621667273654520     
          37          38   1.5967974671286340     
          34          39   1.0875793208437401     
          38          39   1.1419759357560981     
          32          40  0.18475402900962143     
          33          40   1.6355251672202116     
           3          41  0.97948815239916032     
           3          42  0.97596836987364144     
           3          43  0.97667578887443385     
           4          44  0.96551584242608135     
           5          45  0.97107207714350641     
           6          46  0.97115720023251106     
           7          47  0.96382621751350972     
           9          48  0.94740856491916081     
          10          49  0.95284867678224072     
          12          50  0.96677695162737054     
          13          51  0.97051370754255040     
          14          52  0.97101685960034978     
          15          53  0.96568933279804936     
          18          54  0.97655711949542334     
          18          55  0.97877762932507106     
          18          56  0.97651073127216836     
          23          57  0.96027691058817088     
          23          58  0.96799610744449205     
          23          59  0.98332260302110819     
          24          60  0.97316424403967927     
          25          61  0.96515628319809021     
          28          62  0.92493973288706521     
          30          63  0.85831482699306383     
          36          64  0.97120796526845665     
          36          65  0.97777242126508312     
          36          66  0.96770875058119854     
          37          67  0.97365548048907880     
          38          68  0.96557052904313956     
