    0.14506969
   -0.27481114
    0.04099438
   -0.06430042
   -0.03171999
   -0.03945125
   -0.02841212
   -0.00349007
    0.04933730
    0.04982794
   -0.00212982
   -0.02499986
   -0.03866239
   -0.03145714
   -0.06396868
    0.14527132
   -0.27447071
    0.04090107
   -0.11928465
    0.27312454
   -0.02960367
    0.02302030
   -0.04931794
   -0.10151777
   -0.03058695
   -0.02674604
   -0.03114933
   -0.03091400
   -0.41586648
    0.09024118
    0.34925541
   -0.35511553
   -0.38956713
   -0.11506963
    0.27438095
   -0.03064057
   -0.02899685
   -0.02886153
   -0.02541666
   -0.03316827
    0.01375284
   -0.05328301
   -0.10025095
   -0.41761540
    0.03602740
    0.04490231
    0.06143323
    0.03686922
    0.03618555
    0.03552473
    0.04277873
    0.06796822
    0.06975602
    0.03450506
    0.03764518
    0.03691594
    0.03723946
    0.06133826
    0.03632895
    0.04460200
    0.02414252
    0.03615638
    0.03593079
    0.06042453
    0.03521893
    0.04010640
    0.03727044
    0.03564813
    0.02681731
    0.06377164
    0.34162063
    0.03054392
    0.03654273
    0.03883217
    0.03905007
    0.03721409
    0.02692529
    0.05372474
    0.03749398
    0.03821414
