           1           2   1.0571050645309823     
           2           3  0.98450111855751532     
           1           4   1.3842985648938051     
           4           5   1.4317710820230332     
           5           6   1.4460595682554209     
           4           7  0.10171227736988424     
           6           7   1.4230955345294929     
           1           8   1.3222162307737346     
           5           8  0.10672037908628254     
           7           8   1.4404693904247954     
           8           9  0.99457564365029416     
           9          10  0.94723178064320912     
          10          11  0.99487326994829328     
          11          12   1.4391213874429145     
          12          13   1.4241361039219140     
          11          14  0.10677825832094097     
          13          14   1.4452313957898777     
          12          15  0.10167281012968858     
          14          15   1.4322822735505250     
          11          16   1.3226040770774732     
          15          16   1.3839586425585022     
          16          17   1.0570414728692930     
          17          18  0.98458153235782619     
          10          19  0.95569808891465491     
          19          20   1.1914403329278147     
          20          21  0.96173962905246357     
          21          22   1.3830549278843178     
          22          23   1.0136660430276929     
          23          24  0.99862802748905311     
          22          25   1.4090670945544999     
          21          26  0.10729522104603208     
          25          26   1.4492221816044728     
          22          27  0.10702122913333401     
          26          27   1.4304613358108507     
          21          28   1.4020175403741690     
          25          28  0.10930677836781114     
          27          28   1.4452116832640152     
          19          29  0.18532912640203353     
          20          29   1.6996952332211195     
          19          30  0.98297286955457353     
          30          31  0.90896032028595397     
          31          32   1.1537472618735205     
          31          33   1.7790461117086720     
          32          33  0.18134180219976578     
           9          34  0.95486451275433215     
          30          34  0.98891453056173373     
          34          35   1.2026195455555801     
          35          36  0.95277280030923939     
          36          37   1.4069723520104969     
          37          38   1.4398394464612942     
          36          39  0.10778220783396726     
          38          39   1.4360939153992720     
          37          40  0.10908288088360078     
          39          40   1.4440154808320240     
          36          41   1.3794986103563165     
          38          41  0.10805558489237077     
          40          41   1.4138387753461201     
          41          42   1.0127649036087807     
          42          43  0.99844222136679672     
          34          44  0.19114267333589444     
          35          44   1.7004911072146964     
           3          45  0.97619407217238352     
           3          46  0.97608366671748548     
           3          47  0.97947488042834041     
           4          48  0.96574665632353474     
           5          49  0.97115146499494931     
           6          50  0.97098741195194127     
           7          51  0.96518672583786047     
           9          52  0.94866030253286548     
          10          53  0.94842366260070343     
          12          54  0.96786435143258243     
          13          55  0.97085128541460342     
          14          56  0.97110869073285100     
          15          57  0.96570176253696782     
          18          58  0.97949806301491371     
          18          59  0.97618974528766345     
          18          60  0.97607740834825008     
          23          61  0.97261681850254333     
          23          62  0.97387776730116893     
          24          63  0.98613880531923348     
          24          64  0.98353790507115268     
          24          65  0.98834315936812489     
          25          66  0.96786479223794752     
          26          67  0.97075097341850625     
          27          68  0.97021642151851850     
          28          69  0.96900948680354637     
          30          70  0.94109123584347854     
          32          71  0.85690330037107476     
          37          72  0.96956628540441181     
          38          73  0.97009125604225432     
          39          74  0.97064968225052128     
          40          75  0.96785368293966401     
          42          76  0.97508802823616514     
          42          77  0.96954557285253007     
          43          78  0.98584170754294953     
          43          79  0.98840173006458243     
          43          80  0.98583036688210135     
