    0.14149654
   -0.27557149
    0.04032770
   -0.06515770
   -0.03195149
   -0.03868144
   -0.03333601
   -0.01096213
    0.04898325
    0.03816729
   -0.02020443
   -0.03267328
   -0.04078658
   -0.03104585
   -0.06509024
    0.14190709
   -0.27349669
    0.04012538
   -0.10581845
    0.27333482
   -0.01083257
   -0.02203581
   -0.02971372
    0.01259650
    0.00925216
   -0.03353612
   -0.02884130
   -0.03038313
   -0.03010310
   -0.03614919
   -0.03158192
   -0.02513657
   -0.42932442
    0.09718907
    0.36964128
   -0.35851941
   -0.39874874
   -0.11411843
    0.27153660
   -0.02175454
   -0.02289116
   -0.03300317
    0.01198511
    0.01050752
   -0.03298683
   -0.02885589
   -0.03032625
   -0.02915488
   -0.03399795
   -0.03047578
   -0.02740656
   -0.41876268
    0.05855199
    0.03774655
    0.04497369
    0.03671455
    0.03607933
    0.03928259
    0.05828875
    0.07712036
    0.07147446
    0.03930818
    0.04074314
    0.04044975
    0.04039952
    0.04307519
    0.06189049
    0.04350618
    0.04463335
    0.04171053
    0.03395633
    0.03248132
    0.03198730
    0.03097489
    0.03093363
    0.03668997
    0.03398119
    0.05935301
    0.34549342
    0.04532548
    0.04097347
    0.03328574
    0.03131858
    0.03099717
    0.03124512
    0.02988604
    0.04063126
    0.03090308
