           1           2   1.0546885487461011     
           2           3  0.98519193057238563     
           1           4   1.3845697545680782     
           4           5   1.4317471442903589     
           5           6   1.4466966078885037     
           4           7  0.10296908669806445     
           6           7   1.4233089812172417     
           1           8   1.3243200587832480     
           5           8  0.10650737847178522     
           7           8   1.4403049071156162     
           8           9  0.98883544723014882     
           9          10  0.95100434029342118     
          10          11  0.98912548350424356     
          11          12   1.4379411793642582     
          12          13   1.4261053688137069     
          11          14  0.10638621392722819     
          13          14   1.4421955752977098     
          12          15  0.10190033591131492     
          14          15   1.4360498708255252     
          11          16   1.3219146048891564     
          15          16   1.3793109466227731     
          16          17   1.0630235265549606     
          17          18  0.98134908550754429     
          10          19  0.95944627996883103     
          19          20   1.2334427935058732     
          20          21  0.96051918576748696     
          21          22   1.4005176881041290     
          22          23   1.4525319474860965     
          21          24  0.10258392433461093     
          23          24   1.3864856770339669     
          24          25   1.0475764696495893     
          25          26   1.3886248883954226     
          26          27   1.4517956079572649     
          25          28  0.10551165941480954     
          27          28   1.4345756026904841     
          26          29  0.10845899566824797     
          28          29   1.4345790664400551     
          25          30   1.3883418738999471     
          27          30  0.10836209669628086     
          29          30   1.4515137657022521     
          22          31  0.10656268248916100     
          24          31   1.3872478094421927     
          21          32   1.3999914142705070     
          23          32  0.10719572373944374     
          31          32   1.4522502146389780     
          19          33  0.18936344249258652     
          20          33   1.6583147900493462     
          19          34  0.97604460903749801     
          34          35  0.90800340910417199     
          35          36   1.1571657594498181     
          35          37   1.7546293207553840     
          36          37  0.17344161025055413     
           9          38  0.95878070043556096     
          34          38  0.98873856518712255     
          38          39   1.2065498329562454     
          39          40  0.95813221114013591     
          40          41   1.3977692160445585     
          41          42   1.4537136951793574     
          40          43  0.10272236255994051     
          42          43   1.3872939641477811     
          43          44   1.0468706956746805     
          44          45   1.3890473143033568     
          45          46   1.4516069689842988     
          44          47  0.10570261411291632     
          46          47   1.4347380302624857     
          45          48  0.10863744088697021     
          47          48   1.4347175385984472     
          44          49   1.3891540197094405     
          46          49  0.10852853027697887     
          48          49   1.4514951335340853     
          41          50  0.10645406205089307     
          43          50   1.3857913048287516     
          40          51   1.4002610343914579     
          42          51  0.10632898240627822     
          50          51   1.4545673151742249     
          38          52  0.19256741019199525     
          39          52   1.6960099673482683     
           3          53  0.97985578637569781     
           3          54  0.97640852126685562     
           3          55  0.97636316535759360     
           4          56  0.96572924079846478     
           5          57  0.97108376718991329     
           6          58  0.97069022381492875     
           7          59  0.96152200605264271     
           9          60  0.94893475204191102     
          10          61  0.95056565993828801     
          12          62  0.96779788745943529     
          13          63  0.97057492722324223     
          14          64  0.97079891929577788     
          15          65  0.96536714847033056     
          18          66  0.97479873715519294     
          18          67  0.97909276540470502     
          18          68  0.97622626075443009     
          22          69  0.96887665321232186     
          23          70  0.96699926174972950     
          26          71  0.96839762854010725     
          27          72  0.97072679088103420     
          28          73  0.97147467588046510     
          29          74  0.97080860488346910     
          30          75  0.96787410023794040     
          31          76  0.96724737973881680     
          32          77  0.96944477600048873     
          34          78  0.94275904804094746     
          36          79  0.85486097637731118     
          41          80  0.96866199506638051     
          42          81  0.96719095786864817     
          45          82  0.96861378936040232     
          46          83  0.97078276595510449     
          47          84  0.97155295187767554     
          48          85  0.97080200873450462     
          49          86  0.96880903289832820     
          50          87  0.96724697055065922     
          51          88  0.96924268478336661     
