   -0.03367259
   -0.02845365
   -0.03137377
   -0.02757805
   -0.03698884
    0.00379870
    0.03577778
    0.04067109
    0.01092362
   -0.02767728
   -0.02516000
   -0.02785941
   -0.02567897
   -0.02675943
   -0.11744813
    0.27201829
   -0.02203084
   -0.03666409
   -0.02892519
   -0.03773085
    0.02275890
   -0.11185147
   -0.03570994
   -0.41643324
    0.08538093
    0.35301164
   -0.35188344
   -0.39320306
   -0.12109045
    0.27195755
   -0.02139579
   -0.04615784
    0.02258119
   -0.11377543
   -0.03638617
   -0.02884630
   -0.02626455
   -0.41369459
    0.03583381
    0.03708909
    0.03557003
    0.03713840
    0.03493348
    0.08565276
    0.06110182
    0.03504060
    0.03743668
    0.03586237
    0.03515528
    0.02301164
    0.02784859
    0.03696177
    0.03763310
    0.05019660
    0.04643219
    0.05267657
    0.04100628
    0.07726940
    0.34254369
    0.05063203
    0.05214899
    0.05438176
    0.04643873
    0.03719213
    0.03879133
    0.04583454
