           1           2   1.4372906233255762     
           2           3   1.4445330414252473     
           1           4  0.10997957583048054     
           3           4   1.4326652701895850     
           2           5  0.11229899478895294     
           4           5   1.4512979500612455     
           1           6   1.4185456738183693     
           3           6  0.10947281725922756     
           5           6   1.4042539961549794     
           6           7  0.99064794551245083     
           7           8  0.94846841984317032     
           8           9  0.99157052388356326     
           9          10   1.4162495744431418     
          10          11   1.4413803120789261     
           9          12  0.10953194612875231     
          11          12   1.4417124671228048     
          10          13  0.11048156313515496     
          12          13   1.4352577306955534     
           9          14   1.4086320336720506     
          11          14  0.11179184082499084     
          13          14   1.4491271782935535     
           8          15  0.95520132945731828     
          15          16   1.2040938555172249     
          16          17  0.95746036134711177     
          17          18   1.3895637307485280     
          18          19   1.4476727764260939     
          17          20  0.10649102301863390     
          19          20   1.4351306640428017     
          18          21  0.10820551454286721     
          20          21   1.4175030075891191     
          21          22   1.0265266640496593     
          17          23   1.4253908602040342     
          19          23  0.10820976277222173     
          21          23   1.4022010280047414     
          15          24  0.19101014996678245     
          16          24   1.7010941788866822     
          15          25  0.98755324371974440     
          25          26  0.91012221166965479     
          26          27   1.1670092729554364     
          26          28   1.7681571800598364     
          27          28  0.18312639775985248     
           7          29  0.96739345265732812     
          25          29  0.98648334880700483     
          29          30   1.1664101772281128     
          30          31  0.98518859605361386     
          31          32   1.3947886226606256     
          32          33   1.4160144873716052     
          33          34   1.0269174564873194     
          31          35  0.10471438246494962     
          33          35   1.4046108366291186     
          32          36  0.10634943776910703     
          35          36   1.4449070655018039     
          31          37   1.3951150981448590     
          33          37  0.10608589260271421     
          36          37   1.4411193448022672     
          29          38  0.17829527232956799     
          30          38   1.7040759294984029     
           1          39  0.96648539181532456     
           2          40  0.97069941200884824     
           3          41  0.97114147155704122     
           4          42  0.97065863114585949     
           5          43  0.96780704496721159     
           7          44  0.93908626320725830     
           8          45  0.95339258503566515     
          10          46  0.96798818082468330     
          11          47  0.97068466300824374     
          12          48  0.97120392525719357     
          13          49  0.97092342372972529     
          14          50  0.96891780964944063     
          18          51  0.96909922252674729     
          19          52  0.96989830555314693     
          20          53  0.96878135634780971     
          22          54  0.96899054395334394     
          22          55  0.98495494999267508     
          22          56  0.97429226328004548     
          23          57  0.96842213395464016     
          25          58  0.92759627373555342     
          27          59  0.85610278675555740     
          32          60  0.96308401041976599     
          34          61  0.98248543955644529     
          34          62  0.96580175985680783     
          34          63  0.97901497034042140     
          35          64  0.96951062146079359     
          36          65  0.96977170192152173     
          37          66  0.96879547835621649     
