   -0.03126550
   -0.02369888
   -0.02761141
   -0.02619049
   -0.02993415
    0.00818606
    0.04640782
    0.04558928
    0.01287209
   -0.02990686
   -0.02682904
   -0.02760994
   -0.02367443
   -0.02704393
   -0.11587668
    0.28095489
   -0.04111631
    0.17994459
   -0.20081144
   -0.04349861
   -0.02723692
   -0.03945938
   -0.03766567
   -0.39109250
    0.08459736
    0.34434768
   -0.36580047
   -0.31864275
   -0.11328709
    0.28053220
   -0.04121999
   -0.03796319
   -0.03918461
   -0.02592969
   -0.04186647
    0.17822512
   -0.20362063
   -0.39507616
    0.05423246
    0.04228655
    0.03626878
    0.03630138
    0.03141236
    0.05611427
    0.06579548
    0.02179906
    0.03535622
    0.03814706
    0.04123136
    0.04048496
    0.07255296
    0.05524249
    0.04913561
    0.04222152
    0.03027786
    0.32245011
    0.04169504
    0.04898763
    0.05610497
    0.07335799
