           1           2   1.4453029502456400     
           2           3   1.4382130312146859     
           1           4  0.11227279947221303     
           3           4   1.4399742859561671     
           2           5  0.11106910006915813     
           4           5   1.4424917683593659     
           1           6   1.4120391605104079     
           3           6  0.10889805541558693     
           5           6   1.4145678357227227     
           6           7  0.98758158786288230     
           7           8  0.95576978356456155     
           8           9  0.98973020324097960     
           9          10   1.4096582658043042     
          10          11   1.4477306463501192     
           9          12  0.10941424914314701     
          11          12   1.4360100672157856     
          10          13  0.11149472728632454     
          12          13   1.4410307961497419     
           9          14   1.4147585451353326     
          11          14  0.11081261016815472     
          13          14   1.4424160229262026     
           8          15  0.94944817041596519     
          15          16   1.1960026958769243     
          16          17  0.95184665849756844     
          17          18   1.3619509705560480     
          18          19  0.98141373666873033     
          18          20   1.3912670600904571     
          17          21  0.10817546402517658     
          20          21   1.4458722408053926     
          21          22   1.4311140754565401     
          17          23   1.4030713073522090     
          20          23  0.10968826102359922     
          22          23   1.4444602927842678     
          15          24  0.19340057395301977     
          16          24   1.7214974259591826     
          15          25  0.98921224039030919     
          25          26  0.89526133512152817     
          26          27   1.1233099583716450     
          26          28   1.8287666347572189     
          27          28  0.16884712500558013     
           7          29  0.94853948553294765     
          25          29  0.99007605990092973     
          29          30   1.2055732958775340     
          30          31  0.94655841232455729     
          31          32   1.4070200376059470     
          32          33   1.4413724108819932     
          31          34  0.10859185224430870     
          33          34   1.4330741248493777     
          32          35  0.10983490185022139     
          34          35   1.4444389179204986     
          31          36   1.3607973336691492     
          35          36   1.3930620068420678     
          36          37  0.97852088610681620     
          29          38  0.19668574090420504     
          30          38   1.7175205961476787     
           1          39  0.96351416939091994     
           2          40  0.97039503519656778     
           3          41  0.97107635470770504     
           4          42  0.97073296251986985     
           5          43  0.96860024911379283     
           7          44  0.95315233347589179     
           8          45  0.95266399798699863     
          10          46  0.96939807890017515     
          11          47  0.97090923778881899     
          12          48  0.97104211810850583     
          13          49  0.97036857821163147     
          14          50  0.96818055967166017     
          20          51  0.96454035491187806     
          21          52  0.96938906238945188     
          22          53  0.96924944458060902     
          23          54  0.96844045680764612     
          25          55  0.94155816260637737     
          27          56  0.86538776020886843     
          32          57  0.96895081275074535     
          33          58  0.96930443267126443     
          34          59  0.96929098457897389     
          35          60  0.96428208046353947     
