   -0.03300482
   -0.02828450
   -0.02773506
   -0.03780413
    0.00451913
    0.01403552
   -0.03355884
   -0.03014921
   -0.03560913
   -0.01308590
    0.03804121
    0.05237680
    0.00467713
   -0.02993666
   -0.02748724
   -0.03311535
    0.01627486
    0.01282565
   -0.04152598
   -0.02824466
   -0.02859881
   -0.03314242
   -0.11810164
    0.27524434
   -0.01533089
   -0.01882117
   -0.02126258
   -0.02029736
    0.02401427
    0.11416683
   -0.22005913
   -0.01359533
   -0.40515796
    0.09955150
    0.36828824
   -0.35648677
   -0.39161898
   -0.11427716
    0.27536480
   -0.00554992
   -0.01414894
    0.02403879
    0.11442919
   -0.22327757
   -0.01778659
   -0.02179930
   -0.01930721
   -0.42363479
    0.04354959
    0.03973975
    0.03775661
    0.02850567
    0.04836996
    0.04257409
    0.03157493
    0.05782260
    0.04809751
    0.03065218
    0.03775982
    0.03835491
    0.04118970
    0.03792697
    0.03399832
    0.03450067
    0.04298354
    0.05123626
    0.05073714
    0.05639436
    0.05849798
    0.34964242
    0.04940366
    0.05021373
    0.05118919
    0.05127614
