           1           2   1.5581489462280984     
           2           3   1.3213537165741935     
           1           4  0.11852413417708735     
           3           4   1.5549431130880647     
           4           5   1.2827374609490878     
           1           6   1.2780862801674122     
           5           6   1.2515833832563161     
           6           7   1.2805576262613814     
           7           8   1.5483987840268043     
           8           9   1.3306300746505606     
           5          10   1.2545884976254478     
           7          10  0.11465953925615682     
           9          10   1.5171371485513379     
          10          11  0.98946411240823762     
          11          12  0.95224883041400210     
          12          13  0.99286849158353307     
          13          14   1.5220128304872014     
          14          15   1.3263800917111954     
          13          16  0.11416856864128434     
          15          16   1.5533858945168186     
          16          17   1.2786965824943803     
          13          18   1.2511342684879745     
          17          18   1.2518625072252514     
          18          19   1.2850271032575324     
          19          20   1.5514470260440607     
          20          21   1.3242314595489411     
          17          22   1.2807572285948177     
          19          22  0.11829895507553657     
          21          22   1.5555867478176950     
          12          23  0.94898279445444989     
          23          24   1.2070503150915362     
          24          25  0.94969773622101072     
          25          26   1.4011819815096680     
          26          27   1.4338514242631528     
          25          28  0.10433881847753249     
          27          28   1.4524818639723212     
          26          29  0.10050159813924049     
          28          29   1.3623024009385549     
          29          30   1.0899185271881655     
          30          31   2.8118737023631017     
          25          32   1.4182574857944681     
          27          32  0.10586800646211571     
          29          32   1.3664472660148781     
          23          33  0.19474525264495973     
          24          33   1.7073064641808187     
          23          34  0.98671720260047591     
          34          35  0.90991274892044294     
          35          36   1.1636223207127716     
          35          37   1.7626509808499282     
          36          37  0.17755386444981458     
          11          38  0.95427772075592632     
          34          38  0.97262807478752933     
          38          39   1.2289298952513921     
          39          40  0.95396443981705314     
          40          41   1.4216150535968912     
          41          42   1.3649735467664936     
          42          43   1.0909256650589609     
          43          44   2.8089123613218798     
          40          45  0.10480314008178032     
          42          45   1.3611840208980082     
          41          46  0.10559600877767748     
          45          46   1.4531665225865673     
          40          47   1.4002604602492390     
          46          47   1.4323038312933958     
          38          48  0.19311791341784229     
          39          48   1.6737769508093980     
           1          49  0.96729490141959606     
           2          50  0.97022311310715514     
           3          51  0.97058712520884693     
           4          52  0.96143551885747991     
           7          53  0.96689166946965921     
           8          54  0.96972292702426799     
           9          55  0.96767895742948340     
          11          56  0.94424577553481259     
          12          57  0.95260359933252126     
          14          58  0.96740341403036700     
          15          59  0.97006939789538293     
          16          60  0.96773700777102578     
          19          61  0.96011574157443214     
          20          62  0.97065138518269944     
          21          63  0.97061461235671598     
          22          64  0.96797997527653123     
          26          65  0.96953685127574252     
          27          66  0.96792215815152383     
          28          67  0.96960280092174023     
          32          68  0.96778375048202814     
          34          69  0.94441820210174043     
          36          70  0.85170790691743448     
          41          71  0.96818950221154298     
          45          72  0.96959917716180422     
          46          73  0.96779902488658542     
          47          74  0.96819894827564745     
