    0.14442138
   -0.26989166
    0.03878714
   -0.06481403
   -0.03147669
   -0.03977088
   -0.03599942
   -0.01147383
    0.04316782
    0.04879768
   -0.00358240
   -0.03649121
   -0.03827911
   -0.03035611
   -0.06284854
    0.14670871
   -0.27537091
    0.04029253
   -0.11742517
    0.27805438
   -0.02405716
   -0.03655239
   -0.03975878
    0.02130581
   -0.11018009
   -0.03667966
   -0.02384895
   -0.40954574
    0.08646256
    0.35167569
   -0.35827180
   -0.38336340
   -0.12709840
    0.27482541
   -0.02437534
   -0.03167760
   -0.03961095
    0.01787022
   -0.11006722
   -0.03900526
   -0.02993750
   -0.41345609
    0.06205307
    0.03904817
    0.04660514
    0.03892548
    0.03616601
    0.03740125
    0.05210199
    0.07061004
    0.05580009
    0.05934794
    0.03652613
    0.03604156
    0.03695976
    0.03806481
    0.04566812
    0.05616046
    0.04428338
    0.03555318
    0.04812648
    0.05085653
    0.04407921
    0.03838821
    0.04400276
    0.07244542
    0.34220426
    0.03233966
    0.03594319
    0.05125083
    0.04585261
    0.04220914
    0.03845421
    0.04942786
