           1           2   1.0580333401854842     
           2           3  0.98188777292681451     
           1           4   1.3812158205074005     
           4           5   1.4360222392202040     
           5           6   1.4424710226313864     
           4           7  0.10295972074525134     
           6           7   1.4274713983403939     
           1           8   1.3256541557932322     
           5           8  0.10613980009172778     
           7           8   1.4350832269343197     
           8           9  0.99611897799609717     
           9          10  0.95728446014436341     
          10          11  0.99992638260532385     
          11          12   1.4478363609767411     
          12          13   1.4141390837522536     
          11          14  0.10669604290243528     
          13          14   1.4541927763961999     
          12          15  0.10012338267949228     
          14          15   1.4232000676195289     
          11          16   1.3125503269288445     
          15          16   1.3954032402656487     
          16          17   1.0556157941578754     
          17          18  0.98548479917743770     
          10          19  0.94524648513894782     
          19          20   1.1831556154890430     
          20          21  0.96543497558592639     
          21          22   1.3868649659679342     
          22          23   1.4593423163531185     
          21          24  0.10508981397260861     
          23          24   1.3994683280628488     
          24          25   1.0269481956577378     
          22          26  0.10668067902433162     
          24          26   1.4150686584065097     
          21          27   1.4050127442839837     
          23          27  0.10837564751323532     
          26          27   1.4427115870632594     
          19          28  0.18184745948023495     
          20          28   1.7126971958064821     
          19          29  0.99226908967179084     
          29          30  0.92045839277933661     
          30          31   1.1534918437550221     
          30          32   1.7760899987871295     
          31          32  0.18072899459836528     
           9          33  0.94597389012588695     
          29          33  0.98128797266816203     
          33          34   1.2060947387314136     
          34          35  0.95197246599287022     
          35          36   1.4054232760391774     
          36          37   1.4412844914560901     
          35          38  0.10709252421738547     
          37          38   1.4150526501743639     
          38          39   1.0257767304482839     
          36          40  0.11067900714176727     
          38          40   1.4047899782105846     
          35          41   1.4021668016719253     
          37          41  0.10815481653104549     
          40          41   1.4532676081799292     
          33          42  0.19149031959396870     
          34          42   1.7075186260437445     
           3          43  0.97931174515445740     
           3          44  0.97630905859127415     
           3          45  0.97681347192713208     
           4          46  0.96536779504569581     
           5          47  0.97102727720394255     
           6          48  0.97079541234585265     
           7          49  0.96129521191349010     
           9          50  0.95012672881398930     
          10          51  0.94353370183779184     
          12          52  0.95817955734913740     
          13          53  0.97094302290360046     
          14          54  0.97108664361925745     
          15          55  0.96570744653360974     
          18          56  0.97622885351003696     
          18          57  0.97693946886864114     
          18          58  0.98010961692286847     
          22          59  0.96698949105828413     
          23          60  0.96906204578787414     
          25          61  0.97328316170166951     
          25          62  0.96993942832066560     
          25          63  0.98551251240133475     
          26          64  0.96774247754240461     
          27          65  0.96898303039377864     
          29          66  0.91927686955531973     
          31          67  0.85666816881787633     
          36          68  0.96956649464610134     
          37          69  0.96752307111930114     
          39          70  0.97108252515012616     
          39          71  0.97380120837971584     
          39          72  0.98562907501692798     
          40          73  0.96892255727294752     
          41          74  0.96837203162563656     
