    0.13671484
   -0.27617660
    0.03561464
   -0.06527977
   -0.03111595
   -0.04079164
   -0.03554186
   -0.02435921
    0.04014893
    0.05406364
   -0.01033748
   -0.02425941
   -0.03864667
   -0.03034018
   -0.06461788
    0.13966720
   -0.28757544
    0.04376774
   -0.10439409
    0.27717252
   -0.01230080
   -0.01993935
   -0.02541198
   -0.03465977
    0.08351923
   -0.16231759
   -0.03937845
   -0.41499845
    0.09037124
    0.35075130
   -0.35743120
   -0.38731754
   -0.10663901
    0.27777525
   -0.00742541
   -0.02682733
    0.08511555
   -0.15725499
   -0.03259751
   -0.02485616
   -0.03023029
   -0.41326976
    0.06680522
    0.04410834
    0.04666822
    0.04328541
    0.04276472
    0.04072809
    0.03867796
    0.06753057
    0.06113469
    0.04601978
    0.04050982
    0.04079866
    0.04240768
    0.04197800
    0.03893704
    0.06743970
    0.06508862
    0.05153985
    0.05758674
    0.05651440
    0.10223899
    0.34295102
    0.06783853
    0.05943961
    0.04971533
    0.04890267
