           1           2   1.0634646368960838     
           2           3  0.97979813371028757     
           1           4   1.3856809089402904     
           4           5   1.4300946364163840     
           5           6   1.4485230169278698     
           4           7  0.10087113123090571     
           6           7   1.4178730355828202     
           1           8   1.3144161897593611     
           5           8  0.10589790962007634     
           7           8   1.4426642063672497     
           8           9  0.99208340300170850     
           9          10  0.94432677968835521     
          10          11  0.99159086008377839     
          11          12   1.4379119974925823     
          12          13   1.4245990097704948     
          11          14  0.10687278361866351     
          13          14   1.4458718826823134     
          12          15  0.10267996873490140     
          14          15   1.4320221282005918     
          11          16   1.3254730876448295     
          15          16   1.3869063182889729     
          16          17   1.0513271934388058     
          17          18  0.98029187904533510     
          10          19  0.95775959232871688     
          19          20   1.2106432801286355     
          20          21  0.95825067730121238     
          21          22   1.4076573176496188     
          22          23   1.4381651452640354     
          21          24  0.10733641135305616     
          23          24   1.4387257544200815     
          22          25  0.10018354911794232     
          24          25   1.4073644978846227     
          25          26  0.98039050213052681     
          21          27   1.4002564844626766     
          23          27  0.10853392874740365     
          25          27   1.4171639631127280     
          19          28  0.19162983786610863     
          20          28   1.6936079647518127     
          19          29  0.99215469851387694     
          29          30  0.91683396596271960     
          30          31   1.1541138512955902     
          30          32   1.7782837732681975     
          31          32  0.18126437817808774     
           9          33  0.96891790029329627     
          29          33  0.98489386737073481     
          33          34   1.1941120665463656     
          34          35  0.96876048860868924     
          35          36   1.4021800683687857     
          36          37   1.4154043861575909     
          37          38  0.98417497290756706     
          35          39  0.10608571266342191     
          37          39   1.4088655901522942     
          36          40  0.10796136344401318     
          39          40   1.4358205041220968     
          35          41   1.3968239747919562     
          37          41  0.10006972049094613     
          40          41   1.4427917958192322     
          33          42  0.18305305118369897     
          34          42   1.6991330334440582     
           3          43  0.97888457228128190     
           3          44  0.97655453758672572     
           3          45  0.97638143136799393     
           4          46  0.96529276881629333     
           5          47  0.97060610959667304     
           6          48  0.97058235863962827     
           7          49  0.96379460173034071     
           9          50  0.94701909194107980     
          10          51  0.95485955548067247     
          12          52  0.96684289522973543     
          13          53  0.97043031737804142     
          14          54  0.97074669265363256     
          15          55  0.96521346323483082     
          18          56  0.97655810736442594     
          18          57  0.97563448833400823     
          18          58  0.97723376340558155     
          22          59  0.96662324538788447     
          23          60  0.96754731046687592     
          24          61  0.96800650438938396     
          27          62  0.96441237286064330     
          29          63  0.91450675198988773     
          31          64  0.85625183614802103     
          36          65  0.96380881419901099     
          39          66  0.96778993347337450     
          40          67  0.96771175314491686     
          41          68  0.96552355286520708     
