   -0.40709810
    0.27247752
   -0.02179548
   -0.01949186
   -0.03761191
    0.10284449
   -0.16366047
   -0.03691838
   -0.03387292
   -0.11502162
    0.08319070
    0.35214435
   -0.35143977
   -0.38788722
   -0.11441801
    0.27303378
   -0.02180241
   -0.02249257
   -0.03677722
    0.10197508
   -0.16241748
   -0.03787053
   -0.03024824
   -0.40844515
    0.03876815
    0.00919544
   -0.02797663
   -0.02581004
   -0.02731456
   -0.02474424
   -0.02782687
    0.03410304
    0.00224360
   -0.03693613
   -0.02730265
   -0.03073160
   -0.02780649
   -0.03429641
    0.06343111
    0.06533119
    0.06644531
    0.06894057
    0.07329453
    0.34565959
    0.05806598
    0.06581601
    0.06421407
    0.04414771
    0.06586811
    0.02103485
    0.03631317
    0.03811540
    0.03976515
    0.03691723
    0.08872680
    0.03553374
    0.03891675
    0.03765004
    0.03942019
    0.03643133
