           1           2   1.7042897397128074     
           2           3  0.98253970399359836     
           3           4   1.3927705902641210     
           4           5   1.4503674840080110     
           5           6   1.3972525492482519     
           6           7  0.98460599987014663     
           4           8  0.10639399375742258     
           6           8   1.3991694955795877     
           3           9   1.3897423971999761     
           5           9  0.10609610924139040     
           8           9   1.4477623194543026     
           1          10  0.18212833299976866     
           2          10   1.1739833623627436     
          10          11  0.98901673007230917     
          11          12  0.90750732877152551     
          12          13   1.1690643202126096     
          12          14   1.7711711245468094     
          13          14  0.18419793520615482     
          11          15  0.98705750548768634     
          15          16   1.2071514481154522     
          16          17  0.95642977109420202     
          17          18   1.4088868854385759     
          18          19   1.4414638076399111     
          19          20   1.4037497094861136     
          20          21  0.98458690535491533     
          18          22  0.10713460468534675     
          20          22   1.3968761489662256     
          17          23   1.3959829213168184     
          19          23  0.10841586735782910     
          22          23   1.4487700441158633     
          15          24  0.19347183503796586     
          16          24   1.7040354717301611     
          15          25  0.95342522177748712     
          25          26  0.99023534731651786     
          26          27   1.4091259491537942     
          27          28   1.4487953108153240     
          26          29  0.10954772929162153     
          28          29   1.4354751239157908     
          27          30  0.11184163935549656     
          29          30   1.4418057277665337     
          26          31   1.4164031944120827     
          28          31  0.11062915017306990     
          30          31   1.4413154937879979     
          10          32  0.96501220810697608     
          25          32  0.95108906648443392     
          32          33  0.98910051265455479     
          33          34   1.4057823496423385     
          34          35   1.4499121533698636     
          33          36  0.10940838288061808     
          35          36   1.4335415371135898     
          34          37  0.11217035306280861     
          36          37   1.4440005913975784     
          33          38   1.4172237665364771     
          35          38  0.11023315692120647     
          37          38   1.4379473081432173     
           4          39  0.96597123911647909     
           5          40  0.96580051067207195     
           8          41  0.96578958486349153     
           9          42  0.96134915292646816     
          11          43  0.93024967148931825     
          13          44  0.85408763470307558     
          18          45  0.96726235201810828     
          19          46  0.96585967220166902     
          22          47  0.96602997113050171     
          23          48  0.96731867216852174     
          25          49  0.95226409299847425     
          27          50  0.96894333271376798     
          28          51  0.97083367887403416     
          29          52  0.97104056770875680     
          30          53  0.97050184248934523     
          31          54  0.96794267910317533     
          32          55  0.93882026403980179     
          34          56  0.96716987403836185     
          35          57  0.97053485374444493     
          36          58  0.97097899024109946     
          37          59  0.97049222402637314     
          38          60  0.96678504809701382     
