   -0.03534282
   -0.03336297
    0.01373479
   -0.03420245
   -0.02988147
   -0.02952047
   -0.03349421
    0.01691171
   -0.03551745
    0.00962568
    0.04672421
    0.04326401
    0.00632491
   -0.04164355
    0.01365551
   -0.03550754
   -0.02895435
   -0.02910693
   -0.03296009
    0.01421467
   -0.03150138
   -0.03005916
   -0.11730412
    0.27477879
   -0.07782459
    0.11258511
   -0.11548121
   -0.18942287
    0.04621596
   -0.00913469
   -0.11106593
   -0.41698524
    0.09134160
    0.35577162
   -0.37030489
   -0.38743874
   -0.11589707
    0.27588574
   -0.07806601
    0.11284056
   -0.11491071
   -0.19093043
    0.04621118
   -0.00985441
   -0.11026423
   -0.41671435
    0.04750213
    0.03634192
    0.03209157
    0.03036557
    0.03067503
    0.03287567
    0.03440596
    0.05466920
    0.07020341
    0.02458644
    0.02884003
    0.03221798
    0.03308511
    0.03512740
    0.04074171
    0.04105175
    0.06998702
    0.05663540
    0.05667334
    0.04928526
    0.06673177
    0.06173172
    0.04343773
    0.05715002
    0.34569346
    0.05876319
    0.07022069
    0.05277286
    0.04899803
    0.06221307
    0.04482431
    0.06266954
