           1           2   1.5657090366804398     
           2           3   1.2752507797972583     
           3           4   1.2823883163478242     
           4           5   1.5555786890876528     
           5           6   1.3213860493064242     
           4           7  0.11801250586983189     
           6           7   1.5571277706901827     
           3           8   1.2513618817307568     
           7           8   1.2792762219082066     
           2           9  0.11394274603669649     
           8           9   1.2806010807216122     
           1          10   1.2924889631776275     
           9          10   1.5284593584492596     
          10          11  0.98740078607226134     
          11          12  0.95590006749907375     
          12          13  0.98685199397350720     
          13          14   1.5237576172437166     
          14          15   1.2845515121361839     
          15          16   1.2781112352873334     
          16          17   1.5581664070563697     
          17          18   1.3201859483482825     
          16          19  0.11815528687707921     
          18          19   1.5570266543138731     
          15          20   1.2493248429974164     
          19          20   1.2811384851519751     
          14          21  0.11553510691185061     
          20          21   1.2784511028837169     
          13          22   1.2976905543864277     
          21          22   1.5606743537540806     
          12          23  0.95585783314348860     
          23          24   1.1921160090968546     
          24          25  0.98005515053824743     
          25          26   1.5313856296120769     
          26          27   1.0289026271691049     
          26          28   1.1304270623671040     
          26          29  0.13669975633826650     
          28          29   1.1065354695667737     
          25          30   1.2144649745961857     
          29          30   1.5957169922473786     
          30          31   1.0365420807722814     
          23          32  0.18803257949932514     
          24          32   1.6948742197070747     
          23          33  0.98727758147556977     
          33          34  0.91240752142885950     
          34          35   1.1488622098297068     
          34          36   1.7642025807339485     
          35          36  0.17609524099959734     
          11          37  0.95361171891586261     
          33          37  0.98589370402668897     
          37          38   1.1994960507252113     
          38          39  0.97196840580230714     
          39          40   1.5403301725741458     
          40          41   1.0285545884741558     
          40          42   1.1265658706079555     
          40          43  0.13798446299590814     
          42          43   1.1079764179340974     
          39          44   1.2129085068707803     
          43          44   1.5942831325451219     
          44          45   1.0363339552352300     
          37          46  0.19145681407660964     
          38          46   1.6955825703051775     
           1          47  0.96339434768635501     
           2          48  0.96792044530298427     
           4          49  0.96845261204166733     
           5          50  0.97114231929659089     
           6          51  0.97107536970022479     
           7          52  0.96835623604208565     
           9          53  0.96544386133510307     
          11          54  0.95450335471987890     
          12          55  0.95225517973844231     
          14          56  0.96463034224428545     
          16          57  0.96853790380697091     
          17          58  0.97101753297893501     
          18          59  0.97096542525225515     
          19          60  0.96823355270799083     
          21          61  0.96743666666198402     
          22          62  0.96744243698889598     
          27          63  0.97141997871030294     
          27          64  0.98045158380693875     
          27          65  0.96505934530672943     
          29          66  0.96589497525015466     
          31          67  0.97084960234451323     
          31          68  0.96366092532517145     
          31          69  0.98461192070335268     
          33          70  0.94070745350517426     
          35          71  0.85375576205056902     
          41          72  0.96667926039222263     
          41          73  0.97033444854417639     
          41          74  0.98349707238280193     
          43          75  0.96581895681699170     
          45          76  0.96126217042760764     
          45          77  0.98373503299383458     
          45          78  0.97371648704502778     
