   -0.03605677
   -0.03216787
    0.01345532
   -0.03319893
   -0.02979492
   -0.02971230
   -0.03687189
    0.01380774
   -0.04367939
    0.00233190
    0.03469278
    0.04172216
    0.01087950
   -0.03382475
    0.01641100
   -0.03245648
   -0.02939613
   -0.02976527
   -0.03348893
    0.01450682
   -0.03201232
   -0.02901392
   -0.12133979
    0.27522406
   -0.03174980
   -0.02414068
   -0.06531390
    0.14653823
   -0.26321443
    0.03511945
   -0.05372033
   -0.03294277
   -0.41267830
    0.08461787
    0.35184535
   -0.36568472
   -0.37837733
   -0.12335138
    0.27325714
   -0.03138175
   -0.02167079
   -0.06489859
    0.14995885
   -0.25947234
    0.03519989
   -0.05347336
   -0.03534872
   -0.41351406
    0.03643298
    0.03898311
    0.03435465
    0.03220574
    0.03114604
    0.02973822
    0.03557536
    0.08527973
    0.06302092
    0.02477114
    0.02969977
    0.03020623
    0.03047341
    0.03268775
    0.03784935
    0.03612583
    0.05245064
    0.04385943
    0.04409021
    0.04206412
    0.06522625
    0.04974186
    0.03364962
    0.07727381
    0.34288423
    0.05090696
    0.04405448
    0.04351500
    0.06631340
    0.04433646
    0.05457946
    0.05064871
