           1           2   1.5682648221918909     
           2           3   1.2732981169302113     
           3           4   1.2830099241224473     
           4           5   1.5549755499759399     
           5           6   1.3221341974285703     
           4           7  0.11788814283789956     
           6           7   1.5560797610279471     
           3           8   1.2524879128654365     
           7           8   1.2802416223375657     
           2           9  0.11288734152134786     
           8           9   1.2780569187013684     
           1          10   1.2878673848896980     
           9          10   1.5281826822380291     
          10          11  0.99281585479129630     
          11          12  0.94635806259459210     
          12          13  0.99284764890078758     
          13          14   1.5209467358954858     
          14          15   1.2863359281422304     
          15          16   1.2773679703927949     
          16          17   1.5589696924548651     
          17          18   1.3195935965786292     
          16          19  0.11813112779822024     
          18          19   1.5573168314066621     
          15          20   1.2490531034656915     
          19          20   1.2808857248348358     
          14          21  0.11591401005885436     
          20          21   1.2789123213345417     
          13          22   1.2986313246427015     
          21          22   1.5595791154112904     
          12          23  0.95523919233622911     
          23          24   1.1981199045463307     
          24          25  0.96349688719138793     
          25          26   1.4164737020148330     
          26          27   1.4382961440987794     
          27          28   1.3746932497734057     
          28          29   1.0716538195572178     
          29          30  0.98309094484484316     
          26          31  0.10574672708065089     
          28          31   1.3398432436576582     
          25          32   1.3740024035056213     
          27          32  0.10108417871984175     
          31          32   1.4790466845567076     
          23          33  0.18865564024741682     
          24          33   1.7026587586130131     
          23          34  0.98641175560176697     
          34          35  0.91166574785352794     
          35          36   1.1447483619684256     
          35          37   1.7926893007387523     
          36          37  0.17989649372496830     
          11          38  0.96569000316163933     
          34          38  0.98725332370382091     
          38          39   1.1643339188830559     
          39          40  0.98918879944447080     
          40          41   1.4000310101573243     
          41          42   1.4474193119799639     
          42          43   1.3667999954764718     
          43          44   1.0790268686116495     
          44          45  0.98175657998439003     
          41          46  0.10379115418479806     
          43          46   1.3370426498829107     
          40          47   1.3663658513583323     
          46          47   1.4830986529733121     
          38          48  0.17652406808547483     
          39          48   1.7040051282434114     
           1          49  0.96683806066748545     
           2          50  0.96760128897429909     
           4          51  0.96832451496684180     
           5          52  0.97104009784365497     
           6          53  0.97105719817738001     
           7          54  0.96845616805308854     
           9          55  0.96339728884642106     
          11          56  0.93928197186000884     
          12          57  0.95306945994026671     
          14          58  0.96585016776331001     
          16          59  0.96848974800080789     
          17          60  0.97113050059411932     
          18          61  0.97113807298335642     
          19          62  0.96839681918677478     
          21          63  0.96774359107837937     
          22          64  0.96716880636744484     
          26          65  0.96865339714394894     
          27          66  0.96511673036405932     
          30          67  0.97653271175506628     
          30          68  0.97656657266276115     
          30          69  0.97941876287225849     
          31          70  0.96709086457526083     
          32          71  0.96776521041855557     
          34          72  0.92683229210981599     
          36          73  0.85567098843360090     
          41          74  0.96815523200931142     
          42          75  0.96499240324777280     
          45          76  0.97629901042112699     
          45          77  0.97937728231828436     
          45          78  0.97646044830912548     
          46          79  0.96697726068185896     
          47          80  0.96533099799281508     
