   -0.03387205
   -0.02597996
   -0.02819464
   -0.02553001
   -0.03114824
   -0.00222316
    0.03718925
    0.05062834
    0.01414388
   -0.02824389
   -0.02492662
   -0.02835421
   -0.02672448
   -0.02927722
   -0.12827435
    0.28087956
   -0.02354752
   -0.02015891
   -0.03048015
    0.01441458
   -0.01403465
   -0.10360999
   -0.10386429
   -0.03894716
   -0.03552937
   -0.40623919
    0.07944618
    0.34847937
   -0.37399560
   -0.37083445
   -0.10833643
    0.26900277
   -0.01638657
   -0.02229229
   -0.03474362
    0.01734241
   -0.01474364
   -0.10366896
   -0.10438311
   -0.03153734
   -0.02993835
   -0.46147257
    0.03201440
    0.03753632
    0.04101360
    0.04449977
    0.03739640
    0.05173694
    0.05666826
    0.03609877
    0.03854462
    0.03664928
    0.03575827
    0.02906224
    0.05650815
    0.04327367
    0.03227951
    0.03794546
    0.04025678
    0.03471735
    0.03825493
    0.04084393
    0.03446945
    0.03296914
    0.02528031
    0.06415868
    0.36631941
    0.04237335
    0.04034768
    0.03563660
    0.04153477
    0.03880038
    0.03404664
    0.03677304
    0.04101444
    0.03987816
    0.04307126
    0.03223473
