           1           2   1.4427922735182732     
           2           3   1.4401319622834972     
           1           4  0.11043164075768222     
           3           4   1.4362836693348369     
           2           5  0.11135284018147323     
           4           5   1.4473242903617523     
           1           6   1.4133187941568439     
           3           6  0.10914828245723091     
           5           6   1.4093502995239369     
           6           7  0.99140036722989200     
           7           8  0.95087524430695580     
           8           9  0.99266359837727991     
           9          10   1.4153453060053154     
          10          11   1.4423060722811607     
           9          12  0.10947222689431634     
          11          12   1.4410738889792254     
          10          13  0.11064575705930212     
          12          13   1.4357028745675922     
           9          14   1.4088707935594242     
          11          14  0.11156555867281720     
          13          14   1.4482569987846987     
           8          15  0.95954120286018629     
          15          16   1.1593011239948428     
          16          17  0.97103468540059057     
          17          18   1.3985193570788050     
          18          19   1.4521569874873730     
          17          20  0.10608181013447603     
          19          20   1.4075579203094115     
          20          21  0.99962591002608048     
          21          22  0.99696545456072594     
          21          23  0.99663931201446854     
          18          24  0.10657237304549753     
          20          24   1.4099557560415867     
          17          25   1.3995875226255381     
          19          25  0.10886141771608793     
          24          25   1.4475849137609360     
          15          26  0.17518712674638653     
          16          26   1.7213205703271206     
          15          27   1.0008351433184501     
          27          28  0.88509373659141977     
          28          29   1.2068709898646917     
          28          30   1.7757338657871871     
          29          30  0.18270580294018390     
           7          31  0.95554820793370177     
          27          31  0.96660392348832880     
          31          32   1.2727008148785768     
          32          33  0.97562640458138439     
          33          34   1.4004294317988546     
          34          35   1.4460272974289512     
          33          36  0.10636454877143638     
          35          36   1.4124356080709901     
          36          37   1.0003841910224915     
          37          38  0.99582630151974494     
          37          39  0.99662204422515355     
          34          40  0.10823654228613383     
          36          40   1.4033526815963877     
          33          41   1.3945616633625080     
          35          41  0.10682598383229357     
          40          41   1.4546051765239456     
          31          42  0.18473238219502608     
          32          42   1.5882844339622681     
           1          43  0.96841454214620737     
           2          44  0.96934605178880540     
           3          45  0.97077290142794315     
           4          46  0.97018711666601298     
           5          47  0.96767224041967181     
           7          48  0.95197780803320398     
           8          49  0.95305194341001820     
          10          50  0.96853127437169595     
          11          51  0.97061807036767012     
          12          52  0.97114484634170462     
          13          53  0.97085960459012166     
          14          54  0.96875565487290904     
          18          55  0.96750622145017418     
          19          56  0.96519549537982607     
          21          57  0.96786846624893275     
          22          58  0.98551784426114697     
          22          59  0.98503898693559311     
          22          60  0.98745212759515522     
          23          61  0.98541373450928249     
          23          62  0.98504765212478218     
          23          63  0.98746782935582589     
          24          64  0.96747027378564887     
          25          65  0.96895859873701640     
          27          66  0.93869467699175002     
          29          67  0.75636904435778018     
          34          68  0.96918611735799676     
          35          69  0.96672926241730806     
          37          70  0.96759181880837619     
          38          71  0.98510078871965645     
          38          72  0.98534343127900370     
          38          73  0.98609703566432139     
          39          74  0.98727312296021341     
          39          75  0.98524532245187590     
          39          76  0.98499433562807603     
          40          77  0.96529455656392749     
          41          78  0.96899047316318243     
