   -0.03399140
   -0.02970731
   -0.02920354
   -0.03372942
    0.01103587
    0.01640139
   -0.03546110
   -0.02824267
   -0.02650408
    0.00870676
    0.05031436
    0.04482859
   -0.00465156
   -0.03274800
   -0.02800417
   -0.03540850
    0.01615510
    0.01217106
   -0.03499676
   -0.02915991
   -0.02866414
   -0.03230643
   -0.13247996
    0.27402472
   -0.01861273
   -0.04212909
    0.00908615
    0.02594059
   -0.10623440
   -0.10554333
   -0.10574817
   -0.04635442
    0.01001806
    0.02581427
   -0.10365164
   -0.10727819
   -0.10669903
   -0.03302357
   -0.41008696
    0.09703770
    0.35391065
   -0.36767884
   -0.38016081
   -0.12449437
    0.27317232
   -0.02575279
   -0.03653805
    0.01016682
    0.02599331
   -0.10575995
   -0.10835873
   -0.10609628
   -0.04421665
    0.01143004
    0.02581391
   -0.10718527
   -0.10942624
   -0.10404170
   -0.04143703
   -0.41843069
    0.03484285
    0.03258921
    0.03034087
    0.02566935
    0.03619506
    0.03508074
    0.03006779
    0.05717177
    0.04193464
    0.02664653
    0.03644723
    0.03737461
    0.03270692
    0.03212823
    0.03462024
    0.03534878
    0.03294858
    0.03671885
    0.03737922
    0.03867938
    0.03860518
    0.03286460
    0.03675745
    0.03786834
    0.03087324
    0.03766033
    0.04305628
    0.03125012
    0.03405595
    0.03827756
    0.03801640
    0.03685856
    0.03434803
    0.03665934
    0.04064504
    0.03838509
    0.03425062
    0.08634896
    0.33847406
    0.04824436
    0.03719531
    0.03824255
    0.03361880
    0.03480997
    0.04032020
    0.03679471
    0.03635862
    0.03811372
    0.03674500
    0.04449784
    0.03426007
    0.03615880
    0.03796059
    0.03586217
    0.04065975
    0.04893109
    0.03304820
    0.03433979
    0.03940800
    0.02246068
