           1           2   1.5585491449252067     
           2           3   1.3206100385316328     
           1           4  0.11847439510491861     
           3           4   1.5562701246649859     
           4           5   1.2820732797903898     
           1           6   1.2783205030487717     
           5           6   1.2510753276002662     
           6           7   1.2822329796819711     
           7           8   1.5480090867709664     
           8           9   1.3319566963250951     
           5          10   1.2555427672159123     
           7          10  0.11505532458943681     
           9          10   1.5170569269056697     
          10          11  0.99684614628780310     
          11          12  0.94038699095321010     
          12          13  0.99636417269003763     
          13          14   1.5152999780627125     
          14          15   1.3296168134801081     
          13          16  0.11476059960951839     
          15          16   1.5504793833965849     
          16          17   1.2791199245420872     
          13          18   1.2525812657309661     
          17          18   1.2505729914399430     
          18          19   1.2841454239760846     
          19          20   1.5533379377600145     
          20          21   1.3219610533007493     
          17          22   1.2792279191627265     
          19          22  0.11801086333948302     
          21          22   1.5565938191212616     
          12          23  0.95896321744794022     
          23          24   1.1817923080633883     
          24          25  0.95580508951503407     
          25          26   1.3909234294655621     
          26          27   1.4265796716784671     
          27          28  0.98293680387797178     
          28          29  0.98657075023346441     
          28          30  0.98782020356472033     
          28          31  0.99986454901356303     
          25          32  0.10496690989793325     
          27          32   1.3985339596100606     
          26          33  0.10491866770777006     
          32          33   1.4330584162790254     
          33          34  0.98298625623286051     
          34          35  0.98744706120483772     
          34          36  0.99971626843481742     
          34          37  0.98671745101864095     
          25          38   1.4247503449636925     
          27          38  0.10734943489060872     
          33          38   1.3940499965393809     
          23          39  0.18308768965335517     
          24          39   1.7184042303322749     
          23          40  0.96539203318612454     
          40          41  0.90933106431798816     
          41          42   1.1387857323166426     
          41          43   1.7820716792548401     
          42          43  0.17995942112707072     
          11          44  0.95946256456374612     
          40          44  0.99837915609293926     
          44          45   1.1772002501641983     
          45          46  0.97151378506464814     
          46          47   1.3814249644237786     
          47          48   1.4309960453287580     
          48          49  0.98269114728184703     
          49          50  0.98718499342209021     
          49          51   1.0000138378067955     
          49          52  0.98696745376390471     
          46          53  0.10315041365680203     
          48          53   1.3965223112260905     
          47          54  0.10406959014815868     
          53          54   1.4316129322179352     
          54          55  0.98385980119282856     
          55          56  0.99967314653097272     
          55          57  0.98558129290858776     
          55          58  0.98739484442175351     
          46          59   1.4220975827073161     
          48          59  0.10542320126783633     
          54          59   1.3941446462971492     
          44          60  0.18039169311875353     
          45          60   1.7031199237464709     
           1          61  0.96800797019759433     
           2          62  0.97075690309618123     
           3          63  0.97111526946827464     
           4          64  0.96097523138453733     
           7          65  0.96798024103460456     
           8          66  0.97035475620120082     
           9          67  0.96729176008158746     
          11          68  0.94568375028164797     
          12          69  0.95046258273067352     
          14          70  0.96610825012840162     
          15          71  0.96977119347714835     
          16          72  0.96774324754610996     
          19          73  0.95862754406923389     
          20          74  0.97091831890887303     
          21          75  0.97065440946956105     
          22          76  0.96787631451389422     
          26          77  0.96366115004587272     
          29          78  0.98660064975371042     
          29          79  0.98358477907154751     
          29          80  0.98433681439851117     
          30          81  0.98439683211461437     
          30          82  0.98560606778659909     
          30          83  0.98289898918797913     
          31          84  0.98419644669442408     
          31          85  0.98506471013073482     
          31          86  0.98431557094325850     
          32          87  0.95803201848355768     
          35          88  0.98482943554709501     
          35          89  0.98297059272948439     
          35          90  0.98435383052064684     
          36          91  0.98418056127267073     
          36          92  0.98453032644529226     
          36          93  0.98453628239806479     
          37          94  0.98663084732076856     
          37          95  0.98323158185838588     
          37          96  0.98429724793220230     
          38          97  0.96377823183308930     
          40          98  0.93672120168331297     
          42          99  0.85902499341448413     
          47         100  0.96305705884321735     
          50         101  0.98322978153166019     
          50         102  0.98443747631432754     
          50         103  0.98688021041430074     
          51         104  0.98484566063127266     
          51         105  0.98419490084461092     
          51         106  0.98441247514597507     
          52         107  0.98667113020803254     
          52         108  0.98436373974228841     
          52         109  0.98337763109077669     
          53         110  0.95805137431754850     
          56         111  0.98476988958816913     
          56         112  0.98436959667146839     
          56         113  0.98414147910614957     
          57         114  0.98645659805023156     
          57         115  0.98381691927201065     
          57         116  0.98045760981020091     
          58         117  0.98699561750128562     
          58         118  0.98309440649512270     
          58         119  0.98436458131980054     
          59         120  0.95496353908758991     
