   -0.03157592
   -0.03369797
    0.01383724
   -0.03384472
   -0.02906985
   -0.02874602
   -0.03262451
    0.01701017
   -0.03480282
    0.00388734
    0.04005887
    0.03587112
   -0.00222737
   -0.04584082
    0.01186083
   -0.03481386
   -0.02973709
   -0.02978426
   -0.03545575
    0.01097362
   -0.03463077
   -0.03536290
   -0.10891507
    0.27481659
   -0.01969582
   -0.03191950
   -0.02939981
   -0.03700657
    0.01734098
   -0.05855019
   -0.09913408
   -0.03720544
   -0.41735976
    0.09068634
    0.34961019
   -0.36206858
   -0.38444028
   -0.12107778
    0.27598163
   -0.01817790
   -0.02565212
    0.01853413
   -0.05886358
   -0.09911109
   -0.03777105
   -0.03192125
   -0.03935217
   -0.41802883
    0.02341845
    0.03438448
    0.03243843
    0.03150121
    0.03218229
    0.03555316
    0.04068648
    0.06649924
    0.07834983
    0.03977942
    0.03862046
    0.03313930
    0.03202022
    0.03313678
    0.03829330
    0.05280028
    0.03340067
    0.03811606
    0.03717443
    0.03671915
    0.03905831
    0.04025867
    0.03899324
    0.03897062
    0.04196538
    0.07291921
    0.34268100
    0.05448662
    0.03689528
    0.04246999
    0.03660522
    0.03819591
    0.04192877
    0.03501417
    0.03320780
    0.02553261
