           1           2   1.5658542230367409     
           2           3   1.2750602015169994     
           3           4   1.2821933370528709     
           4           5   1.5558005702663902     
           5           6   1.3212907509881566     
           4           7  0.11818319762335833     
           6           7   1.5574198717518575     
           3           8   1.2517015253371939     
           7           8   1.2790797608253721     
           2           9  0.11418127748934453     
           8           9   1.2806362795393103     
           1          10   1.2931536878451395     
           9          10   1.5290004040298317     
          10          11  0.98736349972375126     
          11          12  0.96547653412193313     
          12          13  0.98450720782082379     
          13          14   1.5314498628874318     
          14          15   1.2752267511429980     
          15          16   1.2808752036043145     
          16          17   1.5556439384619747     
          17          18   1.3225501212105295     
          16          19  0.11814200109298814     
          18          19   1.5547700699652975     
          15          20   1.2534626379892133     
          19          20   1.2827126686116790     
          14          21  0.11249260691868293     
          20          21   1.2727388463669183     
          13          22   1.2875523290080289     
          21          22   1.5697416287992385     
          12          23  0.94593794016841870     
          23          24   1.2033285762413706     
          24          25  0.95353352818909565     
          25          26   1.4033752611494505     
          26          27   1.4367932119232396     
          25          28  0.10811982746962515     
          27          28   1.4465170592558865     
          26          29  0.10833263005876474     
          28          29   1.4084363091750096     
          29          30   1.0125448327644910     
          30          31  0.99994575340888503     
          25          32   1.4102200166620951     
          27          32  0.10923748813386033     
          29          32   1.4142196663716682     
          23          33  0.18996288257490898     
          24          33   1.7007424952889811     
          23          34  0.99978225951602961     
          34          35  0.90906572071467706     
          35          36   1.1524321330645098     
          35          37   1.7806176901920268     
          36          37  0.17988017938088838     
          11          38  0.95262062875274123     
          34          38  0.98715114845237639     
          38          39   1.1944961762526882     
          39          40  0.96598797129521452     
          40          41   1.4171145801449394     
          41          42   1.4089207438252978     
          42          43   1.0127759400752223     
          43          44  0.99989847337771898     
          40          45  0.10629322482732179     
          42          45   1.4136763140176960     
          41          46  0.10775511162197365     
          45          46   1.4382266224431282     
          40          47   1.3923355484959377     
          42          47  0.10768421200941358     
          46          47   1.4450332237794847     
          38          48  0.18611517202423414     
          39          48   1.6990814871725621     
           1          49  0.96566503802971004     
           2          50  0.96803412066326799     
           4          51  0.96842218672529534     
           5          52  0.97107475113802977     
           6          53  0.97097456088621836     
           7          54  0.96818263914266400     
           9          55  0.96486653781532306     
          11          56  0.95047890243389044     
          12          57  0.95223724745246663     
          14          58  0.96069110159983684     
          16          59  0.96782571824058450     
          17          60  0.97092448865243175     
          18          61  0.97101691170874549     
          19          62  0.96839421677080151     
          21          63  0.96749404564997021     
          22          64  0.96633274871553776     
          26          65  0.96794472106101004     
          27          66  0.96982752010441442     
          28          67  0.96907931983723050     
          30          68  0.97498274727877865     
          30          69  0.97289651051539061     
          31          70  0.98814003976235076     
          31          71  0.98804520506227900     
          31          72  0.98595411453650250     
          32          73  0.96690621404706867     
          34          74  0.92057132350540005     
          36          75  0.85626658149797452     
          41          76  0.96625726671611334     
          43          77  0.97463148128948240     
          43          78  0.97312043810128512     
          44          79  0.98842230086172278     
          44          80  0.98607617233147715     
          44          81  0.98781868921372795     
          45          82  0.96914632404708811     
          46          83  0.97015436767158802     
          47          84  0.96819056941339321     
