   -0.03430039
   -0.02875375
   -0.02783079
   -0.03213190
    0.01222930
    0.01615042
   -0.03607292
   -0.02925579
   -0.03291245
    0.00708339
    0.04910150
    0.05054106
    0.00568998
   -0.03226952
   -0.02734510
   -0.03508773
    0.01653262
    0.01282092
   -0.03257291
   -0.02878052
   -0.02956420
   -0.03385457
   -0.11090929
    0.27586244
   -0.04541475
    0.12897997
   -0.32221475
    0.04311036
   -0.05258798
   -0.02549908
   -0.02801175
   -0.01877630
   -0.42400158
    0.07557957
    0.34480541
   -0.35999548
   -0.34536443
   -0.11306224
    0.27687001
   -0.04698621
   -0.01969978
   -0.03610269
   -0.03006317
   -0.07148576
    0.13474584
   -0.27969332
    0.03963767
   -0.40861866
    0.03399392
    0.03263119
    0.03185260
    0.02974227
    0.03479739
    0.03214366
    0.03893305
    0.06129387
    0.05268459
    0.04769759
    0.03705092
    0.03551499
    0.02427822
    0.02992239
    0.03197729
    0.03439202
    0.05776299
    0.04626482
    0.04126105
    0.05157455
    0.04966631
    0.05308585
    0.05796914
    0.06638730
    0.32948673
    0.05780037
    0.04873641
    0.04400403
    0.04241441
    0.04491740
    0.06315981
    0.04608213
