           1           2   1.5574722829759635     
           2           3   1.3218260755233633     
           1           4  0.11849159286259256     
           3           4   1.5549948562650042     
           4           5   1.2818297389996436     
           1           6   1.2788391953011320     
           5           6   1.2526100429794891     
           6           7   1.2799715388255513     
           7           8   1.5523078045473868     
           8           9   1.3270941078201584     
           5          10   1.2527018847805080     
           7          10  0.11445170260051535     
           9          10   1.5231431611914084     
          10          11  0.99057708742639572     
          11          12  0.94810702644996359     
          12          13  0.99077104849689146     
          13          14   1.5222503259460485     
          14          15   1.3276892321668154     
          13          16  0.11443253755318761     
          15          16   1.5519193920552052     
          16          17   1.2803376614599156     
          13          18   1.2529134957715200     
          17          18   1.2518539845085315     
          18          19   1.2817514385208559     
          19          20   1.5554300419176150     
          20          21   1.3213561665034781     
          17          22   1.2789911574724377     
          19          22  0.11829035394644252     
          21          22   1.5576418392255809     
          12          23  0.95326699289341255     
          23          24   1.2176468883978839     
          24          25  0.95555480366809431     
          25          26   1.3594010047552387     
          26          27   1.0052745897095989     
          27          28  0.96571378894413262     
          26          29   1.3923501257959834     
          25          30  0.10697755947640925     
          29          30   1.4431004900109734     
          26          31  0.10191419213551606     
          30          31   1.4345532651876978     
          25          32   1.4043516076653679     
          29          32  0.10806497578375096     
          31          32   1.4424181222759638     
          23          33  0.19450464961615438     
          24          33   1.6820141379897888     
          23          34  0.98576677078246622     
          34          35  0.90110720507238928     
          35          36   1.1412533764104025     
          35          37   1.8022207233958871     
          36          37  0.16938969994966102     
          11          38  0.95681681143337804     
          34          38  0.98509723768916835     
          38          39   1.1942817506553438     
          39          40  0.96548805433482243     
          40          41   1.4266075728756700     
          41          42   1.4269341863489191     
          40          43  0.10687287210548013     
          42          43   1.4446587295422961     
          41          44  0.10347812617839226     
          43          44   1.4313674691202014     
          40          45   1.3171979639068192     
          44          45   1.3821164815039222     
          45          46   1.0544150849337837     
          46          47  0.97931781014468766     
          38          48  0.18813975047592157     
          39          48   1.7038676571669160     
           1          49  0.96805544872970994     
           2          50  0.97073611498295198     
           3          51  0.97099441493105432     
           4          52  0.96157429629375457     
           7          53  0.96802048339705471     
           8          54  0.97057180099121432     
           9          55  0.96567162343555768     
          11          56  0.94622985189856601     
          12          57  0.94675937653274445     
          14          58  0.96339540330301787     
          15          59  0.97023435867008367     
          16          60  0.96791762438826257     
          19          61  0.96125071388373717     
          20          62  0.97113242120087850     
          21          63  0.97078797274714745     
          22          64  0.96802720226072181     
          28          65  0.97999804232026488     
          28          66  0.97369590299936992     
          28          67  0.98040687266169413     
          29          68  0.96728148158341287     
          30          69  0.96955391743954988     
          31          70  0.96853575908969414     
          32          71  0.96745606085718494     
          34          72  0.93273721231290796     
          36          73  0.85926303632973300     
          41          74  0.96745028850936732     
          42          75  0.96925341433037016     
          43          76  0.97044836936395729     
          44          77  0.96476744543379078     
          47          78  0.97602995167001239     
          47          79  0.97891065417898937     
          47          80  0.97675557575950134     
