   -0.03850766
   -0.02739115
   -0.02947795
   -0.02639793
   -0.03580262
   -0.00197328
    0.03529998
    0.03418293
   -0.00265942
   -0.02933545
   -0.02295597
   -0.02603082
   -0.02636224
   -0.03481545
   -0.10498612
    0.27076265
    0.08586974
   -0.06594150
   -0.06774623
    0.10965514
    0.00549995
   -0.02899865
   -0.02754435
   -0.03016318
   -0.02802680
   -0.03614821
   -0.17923395
   -0.40618224
    0.09315271
    0.35780648
   -0.36340603
   -0.37645125
   -0.12465026
    0.26568757
    0.07800106
   -0.06119461
   -0.06768211
    0.11959910
    0.00516406
   -0.03439976
   -0.02704966
   -0.02718925
   -0.02609916
   -0.02743891
   -0.15965186
   -0.40228222
    0.03165740
    0.03876484
    0.03941827
    0.04279611
    0.04598811
    0.05886258
    0.05574021
    0.03775474
    0.04184602
    0.03787808
    0.03678358
    0.02939073
    0.03877165
    0.04128519
    0.04550917
    0.03502924
    0.03407006
    0.03449924
    0.03471301
    0.12165072
    0.34119310
    0.04291732
    0.04345639
    0.03602782
    0.03623879
    0.03666211
    0.03916458
    0.05542585
