           1           2   1.4512142676115518     
           2           3   1.4324807118116074     
           1           4  0.11245124911578698     
           3           4   1.4453131412184459     
           2           5  0.10998631531001085     
           4           5   1.4359366347762206     
           1           6   1.4045529155729206     
           3           6  0.10943109942665688     
           5           6   1.4185571151534548     
           6           7  0.98518502276106812     
           7           8  0.94330521081381513     
           8           9  0.98938362386510348     
           9          10   1.4063385187937527     
          10          11   1.4500791054484243     
           9          12  0.10879657062978305     
          11          12   1.4339138225254282     
          10          13  0.11151872946993192     
          12          13   1.4409967546181934     
           9          14   1.4141813294493586     
          11          14  0.10933264878021316     
          13          14   1.4409858910857656     
           8          15  0.96617204837066506     
          15          16   1.2210506438037987     
          16          17  0.95017360054468203     
          17          18   1.5418920305997608     
          18          19   1.3195187180287127     
          17          20  0.12709967661195379     
          19          20   1.5065689710956949     
          20          21   1.0879670888415376     
          21          22   1.3691711405185649     
          22          23   1.4587825908941618     
          23          24   1.4307690189210664     
          22          25  0.10524617279927331     
          24          25   1.4286483504610141     
          21          26   1.3694688116604954     
          23          26  0.10525322470302877     
          25          26   1.4605811552029684     
          17          27   1.1315483204895238     
          20          27   1.1023881525156494     
          15          28  0.20203791967729851     
          16          28   1.6992291768802921     
          15          29  0.97988016572093128     
          29          30  0.91659544622203759     
          30          31   1.1490477386266174     
          30          32   1.7878033231848387     
          31          32  0.18223907927093047     
           7          33  0.97846927065707523     
          29          33  0.98211145941882561     
          33          34   1.1535555859975419     
          34          35   1.0240669908306470     
          35          36   1.4860391233555159     
          36          37   1.3574103481882414     
          35          38  0.11829529421673196     
          37          38   1.4717860395893960     
          38          39   1.0874979996145842     
          39          40   1.3687399742616448     
          40          41   1.4609641283239703     
          41          42   1.4284919002134577     
          40          43  0.10536190593311068     
          42          43   1.4308509645926542     
          39          44   1.3694466574289224     
          41          44  0.10524409423348435     
          43          44   1.4589022173233808     
          35          45   1.1169822839484025     
          38          45   1.1364515980726626     
          33          46  0.17659234438074756     
          34          46   1.6840165301216197     
           1          47  0.96838878058752376     
           2          48  0.97054300136255411     
           3          49  0.97084615428388898     
           4          50  0.97023787183349519     
           5          51  0.96503418395005747     
           7          52  0.94699554422414189     
           8          53  0.95369683048745491     
          10          54  0.96873982036328565     
          11          55  0.97032519209191459     
          12          56  0.97092010867929945     
          13          57  0.97063062216987106     
          14          58  0.96806010151554123     
          18          59  0.97452338770453573     
          19          60  0.97278545879573730     
          22          61  0.96812628788464217     
          23          62  0.97064787186142487     
          24          63  0.97148637351855527     
          25          64  0.97077208693738337     
          26          65  0.96848268596546860     
          29          66  0.92431029819497412     
          31          67  0.85809885427681409     
          36          68  0.96889584794739447     
          37          69  0.97279198683016066     
          40          70  0.96832955890326311     
          41          71  0.97065387040468765     
          42          72  0.97128935432587860     
          43          73  0.97035115151899687     
          44          74  0.96745949960217703     
