    0.13907473
   -0.28003837
    0.03120597
   -0.06805874
   -0.03125222
   -0.03999082
   -0.03386585
   -0.02434132
    0.03587452
    0.05108107
   -0.00908483
   -0.02898764
   -0.03887554
   -0.02978353
   -0.06345292
    0.14381686
   -0.27496828
    0.03843928
   -0.12318462
    0.28127642
   -0.00260348
   -0.02956013
   -0.02190374
    0.00547316
    0.54697428
   -0.38468046
   -0.37877388
   -0.01672880
   -0.00983161
   -0.39020100
    0.07470944
    0.34801178
   -0.36505942
   -0.36574068
   -0.10002984
    0.26868811
    0.00520032
   -0.01764093
   -0.01468726
    0.00666946
    0.54753561
   -0.39082605
   -0.37182141
   -0.01827373
   -0.01603011
   -0.45023861
    0.04581759
    0.06703602
    0.05879295
    0.04735101
    0.04882080
    0.04895879
    0.04179772
    0.07067780
    0.07859738
    0.03556049
    0.04181676
    0.04271166
    0.04249907
    0.04944506
    0.06306042
    0.03793910
    0.04832906
    0.08380551
    0.08987393
    0.08433280
    0.06534873
    0.36859619
    0.06148067
    0.08688456
    0.08852735
    0.06842338
