           1           2   1.0666736229731917     
           2           3  0.97330940642887920     
           1           4   1.3772373416954551     
           4           5   1.4378804037236781     
           5           6   1.4390399216539000     
           4           7  0.10249312208866909     
           6           7   1.4297585688801626     
           1           8   1.3219253115412692     
           5           8  0.10533947338292467     
           7           8   1.4317788114228931     
           8           9  0.99249709618616200     
           9          10  0.95152748779349716     
          10          11  0.99303152032426356     
          11          12   1.4404337473424980     
          12          13   1.4234992011813405     
          11          14  0.10629380442207753     
          13          14   1.4449666002420829     
          12          15  0.10232571607330002     
          14          15   1.4340689715343922     
          11          16   1.3216242312427995     
          15          16   1.3823885409436725     
          16          17   1.0612471168997859     
          17          18  0.98186985289158157     
          10          19  0.95786443146940847     
          19          20   1.1661266216429720     
          20          21  0.96741077140612730     
          21          22   1.3931320822663089     
          22          23   1.4586468217433470     
          23          24   1.3795959238346469     
          24          25  0.96131728953654516     
          25          26   1.4510027088011390     
          25          27   1.4569752820530830     
          26          27  0.36403148344288255     
          22          28  0.10299513301214619     
          24          28   1.3824935912288248     
          21          29   1.3961890360611191     
          23          29  0.10573515228708188     
          28          29   1.4544906954964054     
          19          30  0.17982550073017942     
          20          30   1.7242892630803350     
          19          31   1.0010014021402964     
          31          32  0.88118705193076297     
          32          33   1.2137956551072147     
          32          34   1.7759300995545559     
          33          34  0.18383236626117913     
           9          35  0.94950396733219655     
          31          35  0.96800050254235981     
          35          36   1.2875720688576240     
          36          37  0.96600724693292317     
          37          38   1.3987971048853085     
          38          39   1.4527916363409077     
          39          40   1.3829326225655858     
          40          41  0.96202766983918553     
          41          42   1.4421213188910897     
          41          43   1.4641218279882238     
          42          43  0.36379262520574129     
          38          44  0.10433522983776507     
          40          44   1.3783085698405741     
          37          45   1.3925996484440251     
          39          45  0.10554279877668153     
          44          45   1.4563960199712005     
          35          46  0.19357483634403469     
          36          46   1.5929518698368024     
           3          47  0.97692699944383421     
           3          48  0.97899836597273904     
           3          49  0.97197879196754911     
           4          50  0.96468074573562124     
           5          51  0.97002789435349746     
           6          52  0.96981987871476916     
           7          53  0.96726023762913782     
           9          54  0.94780338456260438     
          10          55  0.94619088286830300     
          12          56  0.96778020290656641     
          13          57  0.97051328088073263     
          14          58  0.97063332751150566     
          15          59  0.96535667908390166     
          18          60  0.97621718539326174     
          18          61  0.97941940985422404     
          18          62  0.97639567673913163     
          22          63  0.96677165104397700     
          23          64  0.95949693191114616     
          28          65  0.95850440430622807     
          29          66  0.96313585314286421     
          31          67  0.93818299969358487     
          33          68  0.75964221140941113     
          38          69  0.96606012715096878     
          39          70  0.95905560430921477     
          44          71  0.95863694303958591     
          45          72  0.96581432034221137     
