   -0.04192239
   -0.03774339
    0.01095684
   -0.03546850
   -0.02611250
   -0.02463874
   -0.02820276
    0.01541085
   -0.04451103
   -0.00894517
    0.03499240
    0.03914333
    0.00302680
   -0.04364700
    0.01569136
   -0.03440785
   -0.02805931
   -0.02870497
   -0.03375359
    0.01308071
   -0.03362495
   -0.03311538
   -0.10846617
    0.27601639
   -0.01024469
   -0.02360114
    0.48895641
   -0.19944724
   -0.20485187
   -0.21276726
   -0.02109250
   -0.02090775
   -0.01569196
   -0.01705411
   -0.39922604
    0.09332497
    0.35710209
   -0.35596633
   -0.38561355
   -0.10096476
    0.27548527
   -0.00186257
   -0.02264971
   -0.01932802
   -0.02172735
   -0.02012472
   -0.01896751
    0.48901996
   -0.19881185
   -0.21123503
   -0.19914698
   -0.41996574
    0.02668924
    0.03589105
    0.03277913
    0.03612889
    0.04066569
    0.04912168
    0.05984449
    0.05043041
    0.08390636
    0.03451932
    0.03451547
    0.03423311
    0.03422359
    0.03496366
    0.03891639
    0.03056364
    0.06713521
    0.05852525
    0.06138512
    0.06586536
    0.09206899
    0.34447543
    0.05298682
    0.05646449
    0.05814428
    0.06592197
