           1           2   1.5603006412627092     
           2           3   1.2777663329075928     
           3           4   1.2810452394085721     
           4           5   1.5566105235739707     
           5           6   1.3200609905139449     
           4           7  0.11835711441584618     
           6           7   1.5586071336551308     
           3           8   1.2489308178283531     
           7           8   1.2768858999091142     
           2           9  0.11385251263247735     
           8           9   1.2857408630292808     
           1          10   1.2949140059525803     
           9          10   1.5212516650771917     
          10          11  0.99105758511979503     
          11          12  0.94832376823826858     
          12          13  0.98689608528728767     
          13          14   1.5154570630739412     
          14          15   1.2900389347500174     
          15          16   1.2746767672506205     
          16          17   1.5614901954816482     
          17          18   1.3176019605886058     
          16          19  0.11855964413986575     
          18          19   1.5595852417662859     
          15          20   1.2479117317769333     
          19          20   1.2785383283868990     
          14          21  0.11765614128958243     
          20          21   1.2829811544849083     
          13          22   1.3055120846552193     
          21          22   1.5527664074991940     
          12          23  0.96430418877668622     
          23          24   1.1989521887960612     
          24          25  0.95315009342021750     
          25          26   1.3815127109878746     
          26          27  0.95056625974989395     
          27          28  0.94896601031274808     
          27          29  0.94976902763567728     
          27          30  0.93856220178899763     
          26          31   1.4155220172370566     
          25          32  0.10885378907692835     
          31          32   1.4403658338063332     
          26          33  0.10712320702771902     
          32          33   1.4388015836620449     
          25          34   1.4086549773731345     
          31          34  0.11016845983018940     
          33          34   1.4398335640239048     
          23          35  0.19076911805365046     
          24          35   1.7119754693982867     
          23          36  0.98612634133109034     
          36          37  0.90878863828864953     
          37          38   1.1613781899831004     
          37          39   1.7795600196699606     
          38          39  0.18313858674248054     
          11          40  0.95872709520150434     
          36          40  0.98653547183588919     
          40          41   1.2222573697655634     
          41          42  0.95566212451963861     
          42          43   1.4019739807963751     
          43          44   1.4454628997849668     
          42          45  0.10938023840115069     
          44          45   1.4345071476225670     
          43          46  0.11000272429231230     
          45          46   1.4421869363106929     
          42          47   1.3879421609795806     
          44          47  0.10611509743414051     
          46          47   1.4144783206742075     
          47          48  0.94960114188932720     
          48          49  0.94724491718230663     
          48          50  0.94124303152667221     
          48          51  0.95444729249848559     
          40          52  0.19544267479578448     
          41          52   1.6869798633299804     
           1          53  0.96734501021543995     
           2          54  0.96772459958870150     
           4          55  0.96834586467950690     
           5          56  0.97075493290985670     
           6          57  0.97036581116278997     
           7          58  0.96704841921748741     
           9          59  0.96206307675200020     
          11          60  0.95324243899566519     
          12          61  0.94484377675250719     
          14          62  0.96607624137963422     
          16          63  0.96821487905319681     
          17          64  0.97081569682156266     
          18          65  0.97090852633766134     
          19          66  0.96827371539231244     
          21          67  0.96772738364022259     
          22          68  0.96582380863192352     
          31          69  0.96547714808275797     
          32          70  0.96864717570119918     
          33          71  0.96774372247386431     
          34          72  0.96565480810036874     
          36          73  0.93426026667466699     
          38          74  0.85524718035058023     
          43          75  0.96748467025901319     
          44          76  0.96829888531424513     
          45          77  0.96873819878644452     
          46          78  0.96579262446385994     
