           1           2   1.0246566983698164     
           2           3   1.4125035651382394     
           3           4   1.4463204447090103     
           2           5  0.10576264748067568     
           4           5   1.4130871646172671     
           5           6  0.99512162059949238     
           6           7   1.0096331590132910     
           7           8   1.9764557610752267     
           3           9  0.10933253306820664     
           5           9   1.4069262495375849     
           2          10   1.4071846933840877     
           4          10  0.10813488512548526     
           9          10   1.4531763356608436     
           1          11  0.96832930963740682     
           1          12  0.98233148777196833     
           1          13  0.98234979089370433     
           3          14  0.96960694251281221     
           4          15  0.96919477865375336     
           6          16  0.95879271075343131     
           6          17  0.96906094537596177     
           7          18  0.96722821984636265     
           8          19  0.97649045322408279     
           8          20  0.97537880501242624     
           9          21  0.96965583888205442     
          10          22  0.96957061406010991     
