   -0.03318341
   -0.02741439
   -0.02586333
   -0.03569022
    0.00770680
    0.01437721
   -0.03474973
   -0.02952912
   -0.03327968
   -0.00687514
    0.03930749
    0.04769558
    0.00101625
   -0.02838179
   -0.02835317
   -0.03535242
    0.01615933
    0.00941872
   -0.03529049
   -0.02846430
   -0.02905353
   -0.03368642
   -0.12652625
    0.27383948
   -0.01931526
   -0.04691593
   -0.05693338
    0.02874084
   -0.11126651
    0.01892169
   -0.42072792
    0.09401406
    0.35425700
   -0.35531825
   -0.38811160
   -0.10926979
    0.27383519
   -0.01294965
   -0.03542536
   -0.05670152
    0.03029609
   -0.11008273
   -0.03104931
   -0.43349696
    0.03568955
    0.03608994
    0.03659754
    0.03304639
    0.03807515
    0.03604010
    0.03405518
    0.05313257
    0.06973398
    0.02737516
    0.03706118
    0.03703935
    0.02710674
    0.03145555
    0.03334574
    0.03531465
    0.03328680
    0.04095341
    0.05415671
    0.06058009
    0.05856286
    0.09638765
    0.34263639
    0.04575677
    0.04178294
    0.05542058
    0.05811315
    0.06087569
