           1           2   1.5563457325127139     
           2           3   1.3230580102427201     
           1           4  0.11811315862400035     
           3           4   1.5530643872074770     
           4           5   1.2841594244239969     
           1           6   1.2801142750514796     
           5           6   1.2518398857275712     
           6           7   1.2791475386148055     
           7           8   1.5509835337219835     
           8           9   1.3283180872622089     
           5          10   1.2519297282615640     
           7          10  0.11443346688320363     
           9          10   1.5160752004410065     
          10          11  0.99501776697186506     
          11          12  0.94352124829157835     
          12          13  0.98706273880040085     
          13          14   1.5302051353473676     
          14          15   1.3216138396613633     
          13          16  0.11434036531245068     
          15          16   1.5568792157175717     
          16          17   1.2769376790919793     
          13          18   1.2487065746654331     
          17          18   1.2543183830415061     
          18          19   1.2853721892574612     
          19          20   1.5527490016745988     
          20          21   1.3237810526924148     
          17          22   1.2805336977672179     
          19          22  0.11837888285866489     
          21          22   1.5558752818112858     
          12          23  0.96327130536731942     
          23          24   1.1811495134658054     
          24          25   1.0006438857666278     
          25          26   1.5672342980749681     
          26          27   1.2819966222481742     
          25          28  0.10621895553462032     
          27          28   1.5842996001396350     
          28          29   1.0391914933050064     
          25          30   1.1532842842563142     
          28          30   1.1794214609724094     
          23          31  0.18390859598749992     
          24          31   1.6828728180729851     
          23          32  0.98195587846727983     
          32          33  0.90808795937563280     
          33          34   1.1608719967377499     
          33          35   1.7764260368206952     
          34          35  0.18357789042467831     
          11          36  0.96173582651158163     
          32          36  0.99200225184056046     
          36          37   1.2026458025695805     
          37          38  0.99805477195800041     
          38          39   1.5819716521549330     
          39          40   1.2745224645615743     
          38          41  0.10883985971177872     
          40          41   1.5956383330361796     
          41          42   1.0395087540561991     
          38          43   1.1362238101667477     
          41          43   1.1604175645123600     
          36          44  0.18670768175812760     
          37          44   1.6642652440088761     
           1          45  0.96790450535593686     
           2          46  0.97054203798392402     
           3          47  0.97075424807489985     
           4          48  0.96517479226270075     
           7          49  0.96776773065997990     
           8          50  0.97009122594463215     
           9          51  0.96677015577345826     
          11          52  0.95282390609774581     
          12          53  0.94605099121966119     
          14          54  0.96414578173867060     
          15          55  0.97027236825660101     
          16          56  0.96780677143001992     
          19          57  0.96214001798810189     
          20          58  0.97105837088194669     
          21          59  0.97069971580733827     
          22          60  0.96798392631247887     
          26          61  0.96192637920076907     
          27          62  0.96406249138236078     
          29          63  0.98006940460731995     
          29          64  0.96848876454175348     
          29          65  0.96974321982045042     
          32          66  0.92673741140637245     
          34          67  0.85610644527481383     
          39          68  0.96366942842129344     
          40          69  0.96335021233281903     
          42          70  0.97949842113701024     
          42          71  0.96842988601898772     
          42          72  0.96920305054634048     
