   -0.02359308
    0.48550228
   -0.20662446
   -0.20053915
   -0.22314523
   -0.01840856
   -0.01964835
   -0.01444442
   -0.02009799
    0.02787987
    0.04758479
    0.04759905
    0.02897246
   -0.02360581
    0.48508686
   -0.22552705
   -0.20348608
   -0.20153936
   -0.01965283
   -0.02122759
   -0.01645284
   -0.02617866
   -0.11575000
    0.26612760
   -0.05649028
    0.08410618
   -0.16896764
    0.11661418
   -0.12066951
   -0.08835662
   -0.43083752
    0.08550520
    0.35095214
   -0.35017761
   -0.39664295
   -0.12520163
    0.27201864
   -0.05227644
    0.08244002
   -0.16705162
    0.11956239
   -0.12009637
   -0.07996795
   -0.41263680
    0.06811397
    0.05854197
    0.05712287
    0.05071359
    0.06531668
    0.06575847
    0.06699782
    0.05626719
    0.05366556
    0.06335428
    0.07556780
    0.06677966
    0.06262261
    0.06763300
    0.04426979
    0.08171855
    0.34572029
    0.06598907
    0.06855596
    0.05946299
    0.06846747
    0.03670314
