           1           2  0.95266782885855250     
           2           3  0.94340609210434245     
           2           4  0.95632470543980608     
           2           5  0.92886705573415795     
           1           6   1.4112386309734004     
           6           7   1.4448103737721096     
           1           8  0.10441656948909599     
           7           8   1.4312805455280186     
           6           9  0.10921363727797305     
           8           9   1.4503829699719446     
           1          10   1.3862859715144451     
           7          10  0.10833106288665134     
           9          10   1.4067323203878499     
          10          11  0.99729763970952046     
          11          12  0.95122246585027925     
          12          13  0.99634988554018322     
          13          14   1.3831939679127547     
          14          15  0.95217598715512031     
          15          16  0.92656237720510715     
          15          17  0.94686630205017741     
          15          18  0.95493853985261123     
          14          19   1.4137538337338746     
          13          20  0.10806702306509552     
          19          20   1.4427457125469283     
          14          21  0.10500893860944231     
          20          21   1.4335391256683911     
          13          22   1.4091073066724302     
          19          22  0.10902361889044955     
          21          22   1.4479341500200811     
          12          23  0.95351563520124771     
          23          24   1.1775323285389188     
          24          25   1.0252108659859849     
          25          26   1.5299576276538549     
          26          27   1.1698595340185789     
          26          28  0.12764795508653157     
          27          28   1.1063879582834859     
          28          29   1.0309137681623863     
          25          30   1.2396925994836381     
          28          30   1.5948880008031494     
          23          31  0.17853092690835984     
          24          31   1.6646765630845766     
          23          32  0.99654500660647805     
          32          33  0.90610709275853951     
          33          34   1.1648851838968997     
          33          35   1.7627898868563223     
          34          35  0.18122511433831620     
          11          36  0.95751640291397866     
          32          36  0.97189000775003931     
          36          37   1.1591662555514872     
          37          38   1.0038405954202385     
          38          39   1.5538622234835442     
          39          40   1.1568019568185099     
          39          41  0.12812947640967687     
          40          41   1.1144818277374253     
          41          42   1.0303254390548024     
          38          43   1.2385758474126227     
          41          43   1.5889855087295273     
          36          44  0.17325544749061814     
          37          44   1.7009453141782311     
           6          45  0.96554316169210375     
           7          46  0.96870477690181567     
           8          47  0.96879779109591124     
           9          48  0.96632219697329169     
          11          49  0.95000128317216748     
          12          50  0.95151115167579925     
          19          51  0.96560343526943937     
          20          52  0.96891011990235520     
          21          53  0.96913345032051113     
          22          54  0.96024352086016362     
          26          55  0.96278126293735544     
          29          56  0.96868179182866299     
          29          57  0.98287474251357354     
          29          58  0.96746762333323821     
          30          59  0.96731960926116201     
          32          60  0.93987869510036670     
          34          61  0.85267587771094489     
          39          62  0.96459293459448525     
          42          63  0.96795931119451528     
          42          64  0.98351532244356543     
          42          65  0.96795901457118216     
          43          66  0.97178437695655595     
