   -0.03316989
   -0.02967349
   -0.02960703
   -0.03477262
    0.01520828
    0.01816768
   -0.03469305
   -0.02771923
   -0.03490545
    0.01333464
    0.04696571
    0.04259100
   -0.00589872
   -0.03762185
   -0.02992549
   -0.03478293
    0.01439642
    0.00849961
   -0.03351621
   -0.02643086
   -0.02849983
   -0.03263364
   -0.12998646
    0.27435107
   -0.01150992
   -0.02278626
   -0.02759901
   -0.03244174
    0.01345524
    0.00991228
   -0.03295557
   -0.02902198
   -0.02985524
   -0.02893067
   -0.03295210
   -0.03194252
   -0.43382622
    0.09956685
    0.36663162
   -0.37197722
   -0.38439418
   -0.14085737
    0.27506050
   -0.02305963
   -0.02528534
    0.01363718
    0.01010134
   -0.03346805
   -0.02932647
   -0.03023430
   -0.02862877
   -0.03296532
   -0.02887937
   -0.02449964
   -0.02896738
   -0.40797580
    0.03357773
    0.03139805
    0.03000223
    0.02620731
    0.03520701
    0.03335937
    0.03265195
    0.06368460
    0.04970270
    0.04389422
    0.03742075
    0.03819116
    0.02974118
    0.03665350
    0.03520082
    0.03622411
    0.04195637
    0.03829765
    0.03898742
    0.03193860
    0.03161335
    0.03240137
    0.03231265
    0.03375659
    0.03545597
    0.06938442
    0.34014670
    0.05242270
    0.03243343
    0.03091683
    0.03071832
    0.03192795
    0.03748483
    0.04119710
    0.04563630
    0.04419217
