           1           2   1.5543530395240153     
           2           3   1.3254529329850187     
           1           4  0.11806692574747392     
           3           4   1.5508139246206514     
           4           5   1.2891720893802243     
           1           6   1.2820131461963518     
           5           6   1.2582301132214380     
           6           7   1.2724846430631096     
           7           8   1.5604099540562586     
           8           9   1.3186038892291845     
           5          10   1.2394616581989535     
           7          10  0.11401757038348996     
           9          10   1.5300261255963312     
          10          11  0.99723090703442885     
          11          12  0.95354538262109034     
          12          13  0.99724852061425917     
          13          14   1.5174964013626604     
          14          15   1.3301796548494265     
          13          16  0.11466145752803034     
          15          16   1.5491179176505070     
          16          17   1.2801683474788430     
          13          18   1.2511011567734605     
          17          18   1.2512768213840573     
          18          19   1.2834830066693002     
          19          20   1.5520858855204140     
          20          21   1.3219576316596104     
          17          22   1.2790736821391882     
          19          22  0.11776174134164302     
          21          22   1.5571529298167048     
          12          23  0.94825765609724466     
          23          24   1.2298248235865163     
          24          25  0.97218079570272298     
          25          26   1.3935261583370659     
          26          27   1.4385515413863037     
          25          28  0.10326504267470299     
          27          28   1.4486866998003776     
          26          29  0.10237283290849024     
          28          29   1.3824202762396636     
          29          30   1.0534864851080159     
          30          31   1.3861710159291389     
          31          32   1.4527014871718318     
          30          33  0.10486571601240133     
          32          33   1.4338248599817616     
          31          34  0.10751908585841186     
          33          34   1.4334188755934736     
          30          35   1.3852984330966809     
          32          35  0.10768779290304464     
          34          35   1.4536483394743469     
          25          36   1.4123547389529663     
          27          36  0.10360463634613974     
          29          36   1.3884781637448316     
          23          37  0.18510836060310296     
          24          37   1.6502877785240773     
          23          38  0.95948329576823987     
          38          39  0.91589182713043304     
          39          40   1.1302181481621143     
          39          41   1.7775621950402865     
          40          41  0.17038342238917797     
          11          42  0.95255574826982736     
          38          42  0.98835168200110102     
          42          43   1.1465955349550778     
          43          44  0.99647997715804293     
          44          45   1.3978310494438910     
          45          46   1.4001845223818774     
          46          47   1.0457413684666106     
          47          48   1.3905608769682780     
          48          49   1.4507169455422186     
          47          50  0.10565379586852414     
          49          50   1.4352435180032648     
          48          51  0.10848079638614408     
          50          51   1.4343820703121788     
          47          52   1.3884426096177056     
          49          52  0.10885294272389395     
          51          52   1.4520507746566311     
          46          53   1.3813582589448909     
          45          54  0.10394835820568396     
          53          54   1.4479576257211275     
          44          55   1.3849693784858914     
          46          55  0.10088328490666019     
          54          55   1.4406819269557787     
          42          56  0.16522660413963039     
          43          56   1.7099023896470251     
           1          57  0.96816190006251679     
           2          58  0.97088840388296993     
           3          59  0.97117888813849262     
           4          60  0.96549638325159082     
           7          61  0.96801729150536808     
           8          62  0.97055468543602463     
           9          63  0.96329000931802400     
          11          64  0.93576380773804746     
          12          65  0.94767487929517391     
          14          66  0.96065082209476094     
          15          67  0.97008872712113292     
          16          68  0.96761430716461827     
          19          69  0.95719847661122193     
          20          70  0.97011810464022386     
          21          71  0.97053245348980122     
          22          72  0.96777474517064888     
          26          73  0.96914917487462282     
          27          74  0.96935462063536459     
          28          75  0.96694059091045492     
          31          76  0.96524730643715195     
          32          77  0.97082471119816183     
          33          78  0.97143597072313981     
          34          79  0.97072508388724188     
          35          80  0.96718258133211643     
          36          81  0.96595707781567519     
          38          82  0.94919157382969377     
          40          83  0.85815291036855168     
          45          84  0.96464938578197090     
          48          85  0.96859908814016804     
          49          86  0.97085310158703519     
          50          87  0.97154833650405359     
          51          88  0.97072086655050960     
          52          89  0.96811230342265786     
          53          90  0.96800354521461840     
          54          91  0.96899676670603130     
          55          92  0.96649837531027982     
