   -0.03784990
   -0.03466302
    0.01249158
   -0.03469715
   -0.02890529
   -0.02881270
   -0.03250329
    0.01613215
   -0.04112911
   -0.00695895
    0.03877697
    0.04316812
   -0.00287522
   -0.03587777
    0.01587210
   -0.03251442
   -0.02838714
   -0.02862023
   -0.03465645
    0.01262819
   -0.03579092
   -0.03799598
   -0.11687735
    0.27347951
   -0.03127560
    0.02007171
   -0.00817563
   -0.10204900
   -0.10531847
   -0.03559020
   -0.03136190
   -0.03061103
   -0.02871180
   -0.42818695
    0.10186034
    0.37201283
   -0.35636363
   -0.40351662
   -0.11567947
    0.27685910
   -0.02117958
   -0.02146525
   -0.02934406
   -0.02924535
   -0.03434242
    0.00986806
   -0.01038810
   -0.10243009
   -0.10014811
   -0.43487350
    0.02475347
    0.03528839
    0.03146749
    0.03170849
    0.03317908
    0.04433648
    0.05912393
    0.05225562
    0.07350355
    0.05086674
    0.03849173
    0.03354959
    0.03246636
    0.03244060
    0.03427555
    0.02896178
    0.03636482
    0.03889350
    0.03366896
    0.04868345
    0.03597012
    0.04883194
    0.03320615
    0.04119958
    0.03456626
    0.03664599
    0.02718508
    0.05833826
    0.34573480
    0.04204725
    0.03767432
    0.03654464
    0.04030704
    0.02491329
    0.03939849
    0.04190132
    0.04031356
    0.03851561
    0.02743435
    0.04114333
