           1           2   1.5602386788873430     
           2           3   1.2777429118702686     
           3           4   1.2807611533645453     
           4           5   1.5572104469656021     
           5           6   1.3196797510862488     
           4           7  0.11836521893977432     
           6           7   1.5590670160760987     
           3           8   1.2500495157283849     
           7           8   1.2773582083183805     
           2           9  0.11560316053082131     
           8           9   1.2842708905082332     
           1          10   1.2970761131983528     
           9          10   1.5217920439428572     
          10          11  0.98594049044206944     
          11          12  0.96054829416616139     
          12          13  0.98467888089910260     
          13          14   1.5266360642570913     
          14          15   1.2821678839026094     
          15          16   1.2779400595273416     
          16          17   1.5584520955670063     
          17          18   1.3204718708951766     
          16          19  0.11831678920362063     
          18          19   1.5566048311945817     
          15          20   1.2513734019479137     
          19          20   1.2812575468668754     
          14          21  0.11447050150665229     
          20          21   1.2763638961945674     
          13          22   1.2949686708470640     
          21          22   1.5631298899748189     
          12          23  0.95074503000102562     
          23          24   1.2056185706076894     
          24          25  0.96368718175452828     
          25          26   1.3778614963512521     
          26          27   1.0001115457654264     
          27          28  0.98937818922649556     
          27          29   1.0020617147931157     
          26          30   1.4092155927400807     
          25          31  0.10570405017881582     
          30          31   1.4489778836764837     
          26          32  0.10706665236668392     
          31          32   1.4295232898945249     
          25          33   1.4000595935296711     
          30          33  0.10922012195632776     
          32          33   1.4463534334823436     
          23          34  0.18820663217516834     
          24          34   1.6822718590193610     
          23          35  0.99063872641958706     
          35          36  0.91251686019275002     
          36          37   1.1608464161548084     
          36          38   1.7445867596817075     
          37          38  0.17237119202592815     
          11          39  0.95883588548962573     
          35          39  0.96956900520516687     
          39          40   1.2251310186005053     
          40          41  0.96322194750810120     
          41          42   1.4014880193029575     
          42          43   1.4451104155130445     
          41          44  0.10734087212262687     
          43          44   1.4310794326286620     
          42          45  0.11038068128121885     
          44          45   1.4485363756522176     
          41          46   1.3840066324966134     
          43          46  0.10745302317181689     
          45          46   1.4096830893220516     
          46          47  0.99800562132352688     
          47          48  0.99130643812568042     
          47          49   1.0022831506183389     
          39          50  0.18557375738848603     
          40          50   1.6551487907898439     
           1          51  0.96798066064960819     
           2          52  0.96783346470654907     
           4          53  0.96844764381770254     
           5          54  0.97106787903930725     
           6          55  0.97090246681016623     
           7          56  0.96731545372472372     
           9          57  0.95823769284272808     
          11          58  0.95036276298183453     
          12          59  0.95389096147731856     
          14          60  0.96381910322099051     
          16          61  0.96797187508433846     
          17          62  0.97086332763642047     
          18          63  0.97102077556224242     
          19          64  0.96842059000751801     
          21          65  0.96806055300149974     
          22          66  0.96570744739128977     
          27          67  0.96325012716134439     
          28          68  0.98441002481768713     
          28          69  0.98697942065856203     
          28          70  0.98572808923146638     
          29          71  0.98572124399077388     
          29          72  0.98308311063536447     
          29          73  0.98400596469375046     
          30          74  0.96498146849878397     
          31          75  0.97089853543094051     
          32          76  0.97007616926002860     
          33          77  0.96955465585525813     
          35          78  0.94260045462898745     
          37          79  0.85468018134899748     
          42          80  0.96839563589904076     
          43          81  0.96983558652424784     
          44          82  0.97073828991917488     
          45          83  0.96557287198523412     
          47          84  0.96216007538855974     
          48          85  0.98633768348916517     
          48          86  0.98687479136162115     
          48          87  0.98461998650549098     
          49          88  0.98594882396822392     
          49          89  0.98420624273446911     
          49          90  0.98382163340587803     
