   -0.03263671
   -0.03188075
    0.01413227
   -0.03307383
   -0.02974077
   -0.02968623
   -0.03455648
    0.01475384
   -0.03473362
    0.00565487
    0.04187774
    0.03547709
   -0.00320219
   -0.03982901
    0.01373612
   -0.03409198
   -0.02929421
   -0.02954560
   -0.03558761
    0.01055814
   -0.03669080
   -0.03972095
   -0.11664227
    0.27126424
   -0.02391184
   -0.04891684
    0.00689115
    0.02513136
   -0.10708854
   -0.10630794
   -0.10142417
   -0.04711008
    0.01103785
    0.02591180
   -0.10770840
   -0.10708529
   -0.10598329
   -0.03003120
   -0.42914843
    0.09297699
    0.35197908
   -0.36386782
   -0.38260545
   -0.12341197
    0.27651659
   -0.02367744
   -0.04307766
    0.00481534
    0.02565474
   -0.09799452
   -0.10454670
   -0.10480336
   -0.04758820
    0.00951018
    0.02590728
   -0.11070806
   -0.10552821
   -0.10560083
   -0.03791628
   -0.41991315
    0.03540637
    0.03794677
    0.03309332
    0.03094153
    0.03120091
    0.02919052
    0.02038449
    0.06797826
    0.08189822
    0.04956946
    0.03727973
    0.03249621
    0.03175734
    0.03284489
    0.03806108
    0.04176062
    0.03815458
    0.03755399
    0.03745711
    0.03659435
    0.03876198
    0.03639424
    0.03649306
    0.02472791
    0.03392736
    0.03981143
    0.05091260
    0.03573702
    0.03785318
    0.03567161
    0.03418695
    0.04269657
    0.03901030
    0.03751826
    0.03362830
    0.04096995
    0.04986206
    0.07510190
    0.34091169
    0.02601060
    0.02934318
    0.03119444
    0.03275089
    0.03734946
    0.03878714
    0.03584187
    0.03556370
    0.03285485
    0.03650403
    0.04010668
    0.04181615
    0.04026029
    0.03560986
    0.03288641
    0.03522755
    0.03745690
    0.03757782
    0.03511569
    0.03653362
    0.05854475
