           1           2   1.5634378642992541     
           2           3   1.2766603947193087     
           3           4   1.2818985305223352     
           4           5   1.5561952424457808     
           5           6   1.3208782439466005     
           4           7  0.11798208763862500     
           6           7   1.5572023483963398     
           3           8   1.2503388549280419     
           7           8   1.2790017820358988     
           2           9  0.11481359633942209     
           8           9   1.2827603682926636     
           1          10   1.2948809057921169     
           9          10   1.5254066101415860     
          10          11  0.98646189955457453     
          11          12  0.96011413661136036     
          12          13  0.98556527497328894     
          13          14   1.5169336970511851     
          14          15   1.2897087103893270     
          15          16   1.2744847954926688     
          16          17   1.5616282329126911     
          17          18   1.3174388786811435     
          16          19  0.11856907175279569     
          18          19   1.5596681839411448     
          15          20   1.2483456457267574     
          19          20   1.2781632892504022     
          14          21  0.11715630419216362     
          20          21   1.2827709516363881     
          13          22   1.3024200163427460     
          21          22   1.5525398521019826     
          12          23  0.95015524915228022     
          23          24   1.1808884714090426     
          24          25  0.99025710690862001     
          25          26   1.3946475354342400     
          26          27   1.4115398420050791     
          27          28  0.98250556407381295     
          28          29  0.99999548160805629     
          28          30  0.98627405556522962     
          28          31  0.98788746921852566     
          27          32   1.4135403837401403     
          26          33  0.10446925812489666     
          32          33   1.4082476823567118     
          33          34  0.98343844147084769     
          34          35  0.99985671815426347     
          34          36  0.98464664736328045     
          34          37  0.98853481242842844     
          25          38   1.3944469280796505     
          27          38  0.10493090438516320     
          33          38   1.4173145809549372     
          23          39  0.17973660975932687     
          24          39   1.6825974247593865     
          23          40   1.0004195195126491     
          40          41  0.91284595425622961     
          41          42   1.1460879121100389     
          41          43   1.7841754396018052     
          42          43  0.17876723646314063     
          11          44  0.95908534634211207     
          40          44  0.98149343382484244     
          44          45   1.1973281968176379     
          45          46  0.95612254818472653     
          46          47   1.4131314297362056     
          47          48   1.4001663943783351     
          48          49  0.98226648609270650     
          49          50  0.98979575828435440     
          49          51  0.98491276940467065     
          49          52  0.99944669430341471     
          46          53  0.10492411178089392     
          48          53   1.4267289768928033     
          47          54  0.10831157510723781     
          53          54   1.4035639710200880     
          54          55  0.98298235313317406     
          55          56   1.0002218733568959     
          55          57  0.98722769462634707     
          55          58  0.98688491452596738     
          46          59   1.4027318944043790     
          48          59  0.10463228962409768     
          54          59   1.4210079506214861     
          44          60  0.18718253452423328     
          45          60   1.7031079148682982     
           1          61  0.96824904820889435     
           2          62  0.96771797542892990     
           4          63  0.96842727286251462     
           5          64  0.97112557846753378     
           6          65  0.97099501639765995     
           7          66  0.96517561225744475     
           9          67  0.96284729605432928     
          11          68  0.95091433733146324     
          12          69  0.94811625085405715     
          14          70  0.96479793452686091     
          16          71  0.96807314921918408     
          17          72  0.97092498474210776     
          18          73  0.97105035355428093     
          19          74  0.96838417099669949     
          21          75  0.96785960766081991     
          22          76  0.96434865249286672     
          26          77  0.95715641123874828     
          29          78  0.98407228155416959     
          29          79  0.98372989167067637     
          29          80  0.98413332220225636     
          30          81  0.98433033422375127     
          30          82  0.98648113370423252     
          30          83  0.98378387844600856     
          31          84  0.98322037233265891     
          31          85  0.98293642342000020     
          31          86  0.98362166256394956     
          32          87  0.95788149783038556     
          35          88  0.98456876451401176     
          35          89  0.98408903038161144     
          35          90  0.98399677204862246     
          36          91  0.98668290575507622     
          36          92  0.98368020865691452     
          36          93  0.98408887586718063     
          37          94  0.98437030381110435     
          37          95  0.98486274382287342     
          37          96  0.98130071177960754     
          38          97  0.96188032227988451     
          40          98  0.92113053922988564     
          42          99  0.85655285398208059     
          47         100  0.96158842097930963     
          50         101  0.98092837138405231     
          50         102  0.98093499541019358     
          50         103  0.98395176550442476     
          51         104  0.98425607606446719     
          51         105  0.98441182116133619     
          51         106  0.98649715014332795     
          52         107  0.98429645656513731     
          52         108  0.98460983284211401     
          52         109  0.98376428432722685     
          53         110  0.95832199830621945     
          56         111  0.98400400376418795     
          56         112  0.98435179400940909     
          56         113  0.98450537943656480     
          57         114  0.98628033712399565     
          57         115  0.98325595045888781     
          57         116  0.98453713197207304     
          58         117  0.98446205994277980     
          58         118  0.98346372379763269     
          58         119  0.98669201287406472     
          59         120  0.96170391402807520     
