   -0.41652250
    0.27224499
   -0.02475399
   -0.02722539
   -0.03398376
    0.01402518
   -0.01493995
   -0.10465095
   -0.10398040
   -0.03388434
   -0.02790338
   -0.11702457
    0.09674705
    0.36020172
   -0.34730979
   -0.39628213
   -0.11359044
    0.27030962
   -0.01695687
   -0.02948258
   -0.03681540
    0.01411698
   -0.01452024
   -0.10386873
   -0.10365809
   -0.03212858
   -0.02410335
   -0.43520012
    0.03915644
    0.00119555
   -0.03216411
   -0.02705353
   -0.02876555
   -0.02583874
   -0.03366130
    0.04917988
    0.01137285
   -0.02878547
   -0.02595673
   -0.02872480
   -0.02613734
   -0.03298728
    0.03976960
    0.03967308
    0.03517290
    0.03366738
    0.03661143
    0.04064777
    0.03938783
    0.03848917
    0.03623431
    0.03838773
    0.03252818
    0.07370590
    0.34512563
    0.03433432
    0.03613810
    0.03365153
    0.03815125
    0.03938131
    0.03380382
    0.03920710
    0.03951903
    0.03589073
    0.04004233
    0.03985277
    0.05408375
    0.03560938
    0.03994521
    0.03938600
    0.03726684
    0.03410548
    0.05269240
    0.03209750
    0.03590753
    0.03475857
    0.03637310
    0.04871120
