           1           2   1.7011839664570114     
           2           3  0.95664665281991779     
           3           4   1.3975981322722715     
           4           5   1.4505475226919566     
           3           6  0.10709748247589593     
           5           6   1.4076477707515800     
           6           7  0.99936912455336491     
           7           8  0.99557898174961479     
           7           9  0.99827030825508445     
           4          10  0.10803706507842006     
           6          10   1.4121149159999444     
           3          11   1.4070069755492065     
           5          11  0.10951733609618189     
          10          11   1.4451078885006339     
           1          12  0.19183264347618240     
           2          12   1.2022507986147846     
          12          13  0.98848871132356642     
          13          14  0.90721309738165101     
          14          15   1.1761011749020380     
          14          16   1.7623194655346344     
          15          16  0.18444749636320770     
          13          17  0.97716547654769237     
          17          18   1.2074198128550520     
          18          19  0.96649000434727728     
          19          20   1.4033770544281261     
          20          21   1.4456560693606340     
          19          22  0.10693944272519790     
          21          22   1.4121522516563541     
          22          23  0.99970420095773849     
          23          24  0.99740157025350906     
          23          25  0.99615106247254426     
          20          26  0.10861978632562280     
          22          26   1.4054969655310436     
          19          27   1.3975459906674721     
          21          27  0.10719238636237421     
          26          27   1.4536400085321284     
          17          28  0.18883132655551171     
          18          28   1.6811238525227172     
          17          29  0.96275743392684165     
          29          30  0.99118124768335136     
          30          31   1.4077862583095737     
          31          32   1.4487215359259542     
          30          33  0.10940829068403064     
          32          33   1.4349510262729568     
          31          34  0.11120831001666784     
          33          34   1.4405939918640382     
          30          35   1.4143740465911503     
          32          35  0.10984463814046420     
          34          35   1.4417268872864866     
          12          36  0.95553239576696147     
          29          36  0.95115222039339342     
          36          37  0.98897200666438756     
          37          38   1.4168034130241984     
          38          39   1.4409826736748785     
          37          40  0.10928147251170950     
          39          40   1.4415796762116417     
          38          41  0.11039425463120418     
          40          41   1.4356577031521744     
          37          42   1.4085438708670379     
          39          42  0.11217732713566859     
          41          42   1.4484010111383441     
           4          43  0.96951027426730996     
           5          44  0.96537521087348321     
           7          45  0.96768722053521428     
           8          46  0.98748447805116912     
           8          47  0.98571728563502947     
           8          48  0.98515501034035513     
           9          49  0.98482777993760529     
           9          50  0.98557080923043405     
           9          51  0.98729619341027364     
          10          52  0.96714450270046948     
          11          53  0.96945300494961084     
          13          54  0.94448704826313934     
          15          55  0.85344014376845845     
          20          56  0.96874472880565765     
          21          57  0.96721971168048138     
          23          58  0.96778534521659076     
          24          59  0.98507713045160727     
          24          60  0.98551629511265815     
          24          61  0.98574729734097188     
          25          62  0.98536822088492981     
          25          63  0.98531158078255587     
          25          64  0.98737099240177217     
          26          65  0.96548458916744873     
          27          66  0.96935748225357143     
          29          67  0.95104711115859231     
          31          68  0.96863716332510930     
          32          69  0.97052053837988139     
          33          70  0.97088864128658259     
          34          71  0.96958378018600633     
          35          72  0.96836699022288997     
          36          73  0.95416997133651038     
          38          74  0.96856192624570270     
          39          75  0.97078545732589605     
          40          76  0.97122781975100159     
          41          77  0.97083177228441220     
          42          78  0.96396378451202080     
