   -0.04061960
   -0.03045343
   -0.02702064
   -0.02304334
   -0.02398848
   -0.00530855
    0.03509267
    0.04477057
    0.00775590
   -0.03510751
   -0.02778958
   -0.02919032
   -0.02503038
   -0.03101095
   -0.09912781
    0.28087084
   -0.00051596
    0.01689734
    0.55406320
   -0.40558258
   -0.36832652
   -0.01205647
   -0.01784504
   -0.01233306
   -0.02020302
   -0.40807252
    0.09495619
    0.37176589
   -0.34360375
   -0.39641806
   -0.09214153
    0.28366618
    0.00413521
   -0.02152289
   -0.01493746
   -0.02104870
   -0.01893204
    0.00749689
    0.54668537
   -0.37596682
   -0.38349033
   -0.41894620
    0.02552843
    0.03808836
    0.04463970
    0.04807698
    0.04337184
    0.05154754
    0.06581427
    0.02830176
    0.03523249
    0.03567851
    0.04056043
    0.06234291
    0.08648791
    0.06363432
    0.06292886
    0.05428404
    0.07317926
    0.34858061
    0.06160886
    0.06263105
    0.06284669
    0.08611247
