           1           2   1.4406238982774875     
           2           3   1.4401749785671354     
           1           4  0.10998926794915073     
           3           4   1.4370047832789898     
           2           5  0.11073581517652591     
           4           5   1.4452542417479388     
           1           6   1.4158648838456047     
           3           6  0.10861015146576092     
           5           6   1.4066914307731069     
           6           7  0.98582439285629186     
           7           8  0.95460926738081664     
           8           9  0.98459246642194787     
           9          10   1.4072972384363684     
          10          11   1.4489929819995560     
           9          12  0.10899886768075845     
          11          12   1.4344278074198484     
          10          13  0.11231717933607718     
          12          13   1.4439007491681415     
           9          14   1.4196553195522632     
          11          14  0.11127570743740671     
          13          14   1.4383415118627263     
           8          15  0.95814369210979322     
          15          16   1.2189276305780248     
          16          17  0.94493535026165609     
          17          18   1.3550005125114490     
          18          19  0.97148413674353962     
          19          20   1.4273706740423222     
          19          21   1.4673847983235457     
          20          21  0.35256212665894265     
          18          22   1.3775913801827826     
          17          23  0.10512006551332886     
          22          23   1.4527268511452938     
          23          24   1.4276814390830239     
          17          25   1.4156180003684384     
          22          25  0.10502152758008514     
          24          25   1.4350683310278076     
          15          26  0.19286892867992655     
          16          26   1.6928880368816495     
          15          27  0.98618461268633417     
          27          28  0.90474690119163459     
          28          29   1.1729858330076384     
          28          30   1.7691422973322291     
          29          30  0.18192945560014201     
           7          31  0.96022333943624560     
          27          31  0.98396983779342584     
          31          32   1.2297866238072561     
          32          33  0.94646359240353606     
          33          34   1.4139413452081864     
          34          35   1.4380739830148239     
          33          36  0.10407654205700209     
          35          36   1.4249530060076112     
          34          37  0.10597152438279400     
          36          37   1.4556260269724672     
          33          38   1.3566986663753049     
          37          38   1.3789400542036137     
          38          39  0.96651957782918707     
          39          40   1.4542015572819953     
          39          41   1.4427994719098693     
          40          41  0.35731451028213029     
          31          42  0.19184019312245307     
          32          42   1.6728035669246464     
           1          43  0.96841710251808899     
           2          44  0.97052842869286082     
           3          45  0.97044780809509801     
           4          46  0.96979306270380383     
           5          47  0.96731750416535200     
           7          48  0.95535469114412241     
           8          49  0.95118714122502823     
          10          50  0.96912103142355699     
          11          51  0.97076919034748288     
          12          52  0.97109800204634367     
          13          53  0.97050373262519718     
          14          54  0.96081640693913783     
          22          55  0.95936371283405686     
          23          56  0.96763721227596178     
          24          57  0.96769370255720644     
          25          58  0.96770802548646850     
          27          59  0.93946272462307845     
          29          60  0.85248727436509120     
          34          61  0.96697646935945158     
          35          62  0.96777206461862164     
          36          63  0.96788651355331945     
          37          64  0.95883060643297391     
