   -0.03307776
   -0.02802195
   -0.02704368
   -0.03385926
    0.01117567
    0.01492445
   -0.03482627
   -0.02882041
   -0.03433781
   -0.00610613
    0.04445376
    0.05250284
    0.00655967
   -0.02798664
   -0.02819071
   -0.03504905
    0.01652960
    0.01083936
   -0.03383643
   -0.02874880
   -0.02922516
   -0.03364753
   -0.12960166
    0.27859023
   -0.01728542
   -0.03032236
   -0.02605284
   -0.02547710
   -0.02670963
   -0.02052286
   -0.41090639
    0.09551178
    0.34996575
   -0.36881102
   -0.37481608
   -0.13197164
    0.27693781
   -0.01100302
   -0.02569699
   -0.02694401
   -0.02746037
   -0.02530069
   -0.02216703
   -0.40554621
    0.03632263
    0.03607739
    0.03537892
    0.03093333
    0.03987561
    0.03838622
    0.02868023
    0.04012221
    0.05164742
    0.03046196
    0.03652314
    0.03727545
    0.02540119
    0.03115252
    0.03354491
    0.03567001
    0.03163330
    0.04117921
    0.03980444
    0.03970682
    0.04906580
    0.08978827
    0.34230231
    0.03469941
    0.03919890
    0.03788187
    0.03810297
    0.04056555
