           1           2   1.5561934383669616     
           2           3   1.3227636572250232     
           1           4  0.11777960924932422     
           3           4   1.5526146246563877     
           4           5   1.2843901160620983     
           1           6   1.2807074121086772     
           5           6   1.2508830411374141     
           6           7   1.2791151509025120     
           7           8   1.5516000585951315     
           8           9   1.3284154874020597     
           5          10   1.2514155760888601     
           7          10  0.11449853406617325     
           9          10   1.5178743273941058     
          10          11  0.99510756819911239     
          11          12  0.94532075357084611     
          12          13  0.99433294392259464     
          13          14   1.5208366882450803     
          14          15   1.3291368774126799     
          13          16  0.11477393769130317     
          15          16   1.5506805578497924     
          16          17   1.2807963675019329     
          13          18   1.2543651819441610     
          17          18   1.2517054605291547     
          18          19   1.2830977851897509     
          19          20   1.5550561959004221     
          20          21   1.3216884169227001     
          17          22   1.2791197932828393     
          19          22  0.11845343012664727     
          21          22   1.5576465622085132     
          12          23  0.96029807135203704     
          23          24   1.1699142768698685     
          24          25  0.97393726567453121     
          25          26   1.3986150649623157     
          26          27   1.4472571269566641     
          25          28  0.10893959810629975     
          27          28   1.4355050475450799     
          26          29  0.11033810189455340     
          28          29   1.4389110860097110     
          25          30   1.4032795414025836     
          27          30  0.11013282631883783     
          29          30   1.4450523870726391     
          23          31  0.17763484958642969     
          24          31   1.7116546483098178     
          23          32  0.99483818831328963     
          32          33  0.91318737140913320     
          33          34   1.1419691603447435     
          33          35   1.7877397097065297     
          34          35  0.18131784656807859     
          11          36  0.95517786085403211     
          32          36  0.97609920350262358     
          36          37   1.1794293415531560     
          37          38  0.95727493674729047     
          38          39   1.4112444354579075     
          39          40   1.4394695351480256     
          38          41  0.11081435372548405     
          40          41   1.4408170375641953     
          39          42  0.11122873419681570     
          41          42   1.4376101979057154     
          38          43   1.4024000461105868     
          40          43  0.11246800387248687     
          42          43   1.4443789851754265     
          36          44  0.18276986743510287     
          37          44   1.7229596895019801     
           1          45  0.96788538879354469     
           2          46  0.97054035342012568     
           3          47  0.97073000364682160     
           4          48  0.95773304964921924     
           7          49  0.96763935003624690     
           8          50  0.96997070257881179     
           9          51  0.96705419131115256     
          11          52  0.95362576815405964     
          12          53  0.94671059632487575     
          14          54  0.96717521104060533     
          15          55  0.97025863178467964     
          16          56  0.96787501306825685     
          19          57  0.96145508857527928     
          20          58  0.97108491933390328     
          21          59  0.97069129136001897     
          22          60  0.96795413899243243     
          26          61  0.96788632671809327     
          27          62  0.96995926822282930     
          28          63  0.97089963656278111     
          29          64  0.97004547506914429     
          30          65  0.96847893327376866     
          32          66  0.92238366732162946     
          34          67  0.85617358804820332     
          39          68  0.97008955583480805     
          40          69  0.97009406702375156     
          41          70  0.97097705710781246     
          42          71  0.96993106968034848     
          43          72  0.96907937219587303     
