   -0.03459358
   -0.02779152
   -0.02834198
   -0.02579285
   -0.03672992
   -0.00167033
    0.04041235
    0.04951504
    0.01282086
   -0.02998502
   -0.02702141
   -0.02850747
   -0.02503625
   -0.02816554
   -0.12208625
    0.27146084
   -0.01917313
   -0.03012940
   -0.02606562
   -0.03120087
    0.01427020
    0.00974895
   -0.03453973
   -0.02950784
   -0.03005088
   -0.02821839
   -0.03242402
   -0.02648648
   -0.41588836
    0.09712289
    0.36723777
   -0.35841600
   -0.40209601
   -0.11603023
    0.27376291
   -0.01227061
   -0.02442993
    0.01475484
    0.01031762
   -0.03259013
   -0.02892395
   -0.02978716
   -0.02815881
   -0.03324102
   -0.03186363
   -0.02799675
   -0.03134667
   -0.43068212
    0.02924537
    0.03646071
    0.03784450
    0.04027732
    0.06081065
    0.04721551
    0.05990018
    0.02853648
    0.03556814
    0.03652716
    0.03847495
    0.03641832
    0.02949840
    0.03899972
    0.04001773
    0.03109201
    0.03092710
    0.03140052
    0.03299679
    0.03778698
    0.04598226
    0.06827295
    0.34463286
    0.04974321
    0.03285227
    0.03228229
    0.03241400
    0.03259588
    0.03483362
    0.04088649
    0.03894439
    0.03237682
