           1           2   1.4402352533252021     
           2           3   1.4413981949964216     
           1           4  0.10920969186859594     
           3           4   1.4335538578535687     
           2           5  0.11190401932667943     
           4           5   1.4485213274547233     
           1           6   1.4165034061881143     
           3           6  0.10914693630639348     
           5           6   1.4066362739452292     
           6           7  0.99077553628388226     
           7           8  0.95122082717384016     
           8           9  0.99069708270298795     
           9          10   1.4096817860978486     
          10          11   1.4476280148904681     
           9          12  0.10949028612639744     
          11          12   1.4362426333866429     
          10          13  0.11149650550587185     
          12          13   1.4406844734141477     
           9          14   1.4149651568918491     
          11          14  0.11083286890529029     
          13          14   1.4427134597412719     
           8          15  0.95741914398305583     
          15          16   1.1885100252655900     
          16          17  0.97009453166127335     
          17          18   1.3927952824668033     
          18          19   1.4412108174216949     
          17          20  0.10446862504722557     
          19          20   1.4453679968169244     
          18          21  0.10353059253794331     
          20          21   1.3890519740309739     
          21          22   1.0446385564288134     
          22          23   1.3905823519552805     
          23          24   1.4506110102933309     
          22          25  0.10579065983294121     
          24          25   1.4352467915041791     
          23          26  0.10863901618427109     
          25          26   1.4347297501988248     
          22          27   1.3892239191412714     
          24          27  0.10894797325671855     
          26          27   1.4515454583750138     
          17          28   1.4157813175959035     
          19          28  0.10522958266219871     
          21          28   1.3904971243961384     
          15          29  0.18419600607308900     
          16          29   1.7005791042983618     
          15          30  0.98590265189001314     
          30          31  0.90580509173258417     
          31          32   1.1601354716484329     
          31          33   1.7534715018392140     
          32          33  0.17475095041294772     
           7          34  0.95776625278473682     
          30          34  0.97802220314617350     
          34          35   1.2144727741170402     
          35          36  0.97864528106671478     
          36          37   1.4119701383438794     
          37          38   1.3922249769713229     
          38          39   1.0464008082831733     
          39          40   1.3898461042715027     
          40          41   1.4510050346391690     
          39          42  0.10566013039563714     
          41          42   1.4351253236117341     
          40          43  0.10848790829336581     
          42          43   1.4342680029896153     
          39          44   1.3882376770444473     
          41          44  0.10866788927895751     
          43          44   1.4520994444119544     
          36          45  0.10327412002522431     
          38          45   1.3858312027527255     
          37          46  0.10444740279780043     
          45          46   1.4459177363392444     
          36          47   1.3893551522048069     
          38          47  0.10251545171482060     
          46          47   1.4417374405641308     
          34          48  0.18245636020234560     
          35          48   1.6563515208841202     
           1          49  0.96839676047426737     
           2          50  0.97068918826838901     
           3          51  0.97082206200019816     
           4          52  0.96992411535774692     
           5          53  0.96099121849437585     
           7          54  0.95411911039916031     
           8          55  0.95196353956981272     
          10          56  0.96883900431215952     
          11          57  0.97086583213541466     
          12          58  0.97115318577383036     
          13          59  0.97060088170758563     
          14          60  0.96850519239306987     
          18          61  0.96864797761356802     
          19          62  0.96951304383144365     
          20          63  0.96833226774672776     
          23          64  0.96884996228667197     
          24          65  0.97082236703946079     
          25          66  0.97151033134803566     
          26          67  0.97065393844039716     
          27          68  0.96833719684302644     
          28          69  0.96655188648550328     
          30          70  0.94483729914211900     
          32          71  0.85512681704699933     
          37          72  0.96593390190235595     
          40          73  0.96846875782007102     
          41          74  0.97074247938319858     
          42          75  0.97144994771199566     
          43          76  0.97065976997544956     
          44          77  0.96578163113928828     
          45          78  0.96798898391882759     
          46          79  0.96939723607132389     
          47          80  0.96935923795105783     
