   -0.03370958
   -0.02970078
   -0.02888656
   -0.03496972
    0.00936434
    0.01594530
   -0.03513496
   -0.02569133
   -0.02703861
    0.00095572
    0.04977530
    0.03754159
   -0.00738946
   -0.03638908
   -0.03112888
   -0.03616737
    0.01409251
    0.00752847
   -0.03385517
   -0.02689899
   -0.02833007
   -0.03453616
   -0.10931522
    0.27914988
   -0.01942662
    0.09757382
   -0.16003747
   -0.03695440
   -0.02479383
   -0.03005792
   -0.02069804
   -0.42755349
    0.09663648
    0.36298913
   -0.35554109
   -0.37688345
   -0.11224100
    0.27829511
   -0.02513913
   -0.02321300
   -0.02857413
   -0.02357103
   -0.03563215
    0.09997359
   -0.16989060
   -0.40765539
    0.03482647
    0.03202649
    0.02910679
    0.02410186
    0.03611149
    0.03839551
    0.04566555
    0.06408010
    0.06568523
    0.03185223
    0.03830305
    0.03911257
    0.03560514
    0.03811011
    0.03723112
    0.03721946
    0.06401025
    0.05232790
    0.05080960
    0.05273201
    0.07258749
    0.34708996
    0.04944405
    0.05280619
    0.05440857
    0.06353426
