           1           2   1.5559853440429801     
           2           3   1.3234779587512153     
           1           4  0.11834416954984747     
           3           4   1.5531157172348926     
           4           5   1.2844510211018436     
           1           6   1.2804919587779771     
           5           6   1.2536862171116008     
           6           7   1.2773781117999756     
           7           8   1.5568422578639711     
           8           9   1.3220955532926808     
           5          10   1.2499211423866152     
           7          10  0.11412901467120745     
           9          10   1.5298034840190222     
          10          11  0.98704371313991313     
          11          12  0.95034193064165762     
          12          13  0.99060032866728387     
          13          14   1.5155456269544394     
          14          15   1.3322128538852949     
          13          16  0.11470778701747252     
          15          16   1.5473082259855824     
          16          17   1.2818380032437886     
          13          18   1.2543482388133114     
          17          18   1.2514476496843878     
          18          19   1.2817916524653385     
          19          20   1.5558666054902401     
          20          21   1.3206563573823475     
          17          22   1.2774274515601660     
          19          22  0.11864288519489612     
          21          22   1.5587392969087350     
          12          23  0.95722127763448328     
          23          24   1.2200213383136345     
          24          25  0.95462210794976732     
          25          26   1.3771816870879092     
          26          27  0.97970081149116794     
          26          28   1.4012075603281022     
          25          29  0.10716180291146331     
          28          29   1.4437007678592610     
          29          30   1.4296771723617814     
          25          31   1.4019025924191448     
          28          31  0.10901288268605130     
          30          31   1.4446709836476632     
          23          32  0.19291986487927706     
          24          32   1.6853197770020669     
          23          33  0.97821481514141650     
          33          34  0.90177303307787193     
          34          35   1.1662974995068704     
          34          36   1.7850758772491999     
          35          36  0.18606679214707408     
          11          37  0.95606603376536292     
          33          37  0.98862172060803766     
          37          38   1.2114171198204717     
          38          39  0.94988800437425625     
          39          40   1.4054794198653320     
          40          41   1.4410215296204480     
          39          42  0.10793079371542903     
          41          42   1.4337638940960473     
          40          43  0.10942512788950576     
          42          43   1.4416009637462248     
          39          44   1.3784092302635618     
          41          44  0.10074545715284722     
          43          44   1.4039894807872928     
          44          45  0.97448461456454039     
          37          46  0.19450567929385443     
          38          46   1.7042877692662102     
           1          47  0.96803424595023813     
           2          48  0.97078380801323871     
           3          49  0.97120372094742913     
           4          50  0.96206228420288942     
           7          51  0.96788517719021927     
           8          52  0.97015920354133178     
           9          53  0.96316266753693702     
          11          54  0.94672378987073813     
          12          55  0.94209047037485871     
          14          56  0.96811121150406254     
          15          57  0.97006377637131214     
          16          58  0.96775044400726729     
          19          59  0.96039136733897035     
          20          60  0.97057387683398766     
          21          61  0.97041952596551873     
          22          62  0.96780077147854060     
          28          63  0.96581002573721753     
          29          64  0.96884471127533134     
          30          65  0.96882155501657119     
          31          66  0.96751774242568678     
          33          67  0.94594497433725033     
          35          68  0.85279367873206713     
          40          69  0.96822377039122065     
          41          70  0.96869652179140187     
          42          71  0.96865138286679642     
          43          72  0.96598553354777050     
