   -0.41838786
    0.27023059
   -0.02564283
   -0.03354503
   -0.02586687
   -0.03420851
    0.02138675
   -0.05881817
   -0.09863583
   -0.03481474
   -0.14816079
    0.07518902
    0.34772679
   -0.35685215
   -0.34711261
   -0.12599628
    0.27389520
   -0.01775702
   -0.03991395
    0.01735482
   -0.05891906
   -0.09935731
   -0.03379119
   -0.02833839
   -0.02427084
   -0.41752086
    0.03637235
   -0.00590618
   -0.03315625
   -0.02399846
   -0.02822027
   -0.02717411
   -0.03950215
    0.04468487
    0.00471255
   -0.02954587
   -0.02513200
   -0.02764749
   -0.02657339
   -0.03170553
    0.03500215
    0.04189890
    0.04040909
    0.04320424
    0.04205353
    0.03838639
    0.03932305
    0.03742719
    0.03537043
    0.09638153
    0.33167738
    0.04066789
    0.03959219
    0.03749198
    0.03991173
    0.03909303
    0.04008152
    0.03888071
    0.04050972
    0.04933368
    0.05778968
    0.04471739
    0.04486666
    0.03983729
    0.03853438
    0.03017174
    0.05347252
    0.03461455
    0.03908140
    0.03777951
    0.03726474
    0.03009284
