           1           2   1.7116715544784433     
           2           3  0.95798829062350954     
           3           4   1.4090871222216685     
           4           5   1.4343762778159170     
           3           6  0.10806275114616720     
           5           6   1.4486416020707034     
           4           7  0.10788086643973248     
           6           7   1.4068780366947180     
           7           8   1.0131806929293334     
           8           9  0.99954132393681838     
           3          10   1.4055761389805350     
           5          10  0.10957529190142987     
           7          10   1.4135191861112182     
           1          11  0.18582145016086843     
           2          11   1.1808220401131966     
          11          12  0.97984353369387844     
          12          13  0.90275398096867143     
          13          14   1.1510765048788039     
          13          15   1.8040308995055498     
          14          15  0.17210510524513817     
          12          16  0.98347977593518843     
          16          17   1.1604918631340344     
          17          18  0.99077710129709240     
          18          19   1.3971566125098132     
          19          20   1.4167534564637965     
          20          21   1.0124790003914548     
          21          22   1.0001111256788366     
          18          23  0.10344257386332449     
          20          23   1.4082062821755765     
          19          24  0.10689266497483428     
          23          24   1.4395858290884951     
          18          25   1.3899754317114461     
          20          25  0.10582626042166425     
          24          25   1.4468663284691574     
          16          26  0.17382557795667369     
          17          26   1.7007228728401780     
          16          27  0.97583451810314614     
          27          28  0.98566143070359802     
          28          29   1.4199661022351084     
          29          30   1.4338681514067748     
          28          31  0.10927991784114309     
          30          31   1.4463639883001336     
          29          32  0.10976226312134908     
          31          32   1.4319078492911423     
          28          33   1.4045691963838736     
          30          33  0.11265537851021916     
          32          33   1.4516474604480760     
          11          34  0.95539929912077803     
          27          34  0.94592908759202476     
          34          35  0.98895777861941603     
          35          36   1.4146039165513331     
          36          37   1.4426163973049206     
          35          38  0.10922489913039932     
          37          38   1.4403797209596205     
          36          39  0.11080043706286524     
          38          39   1.4371486766333545     
          35          40   1.4103081713033689     
          37          40  0.11180980726826618     
          39          40   1.4468205589333709     
           4          41  0.96976407519264074     
           5          42  0.96956513930993005     
           6          43  0.96878300430273923     
           8          44  0.97313271326439477     
           8          45  0.97355132728962590     
           9          46  0.98811584830368748     
           9          47  0.98594150515954793     
           9          48  0.98830056364503871     
          10          49  0.96740282968452074     
          12          50  0.92853685947378173     
          14          51  0.84633137465513109     
          19          52  0.96254351003175276     
          21          53  0.97501098073949399     
          21          54  0.97263436434838280     
          22          55  0.98588349794999242     
          22          56  0.98829614754380124     
          22          57  0.98774565168032413     
          23          58  0.96886020088551406     
          24          59  0.96969607740458463     
          25          60  0.96839266282161085     
          27          61  0.94570304459246279     
          29          62  0.96274108260406965     
          30          63  0.97008312950467535     
          31          64  0.97077714091970124     
          32          65  0.97056379582483199     
          33          66  0.96834651032234487     
          34          67  0.95595732357878804     
          36          68  0.96814649936791652     
          37          69  0.97051196804393480     
          38          70  0.97099133791048153     
          39          71  0.97077443219257886     
          40          72  0.96735169875389393     
