    0.13980712
   -0.26036735
    0.03594128
   -0.07074682
   -0.03366700
   -0.04098630
   -0.03484867
   -0.02489754
    0.03768050
    0.03867476
   -0.01571554
   -0.03046303
   -0.03780221
   -0.02946881
   -0.06302014
    0.14019557
   -0.27285840
    0.03581964
   -0.10583251
    0.26918008
    0.08890226
   -0.04149495
   -0.07041458
    0.20139383
   -0.12483641
   -0.19910738
   -0.42029562
    0.08242785
    0.35723795
   -0.36200951
   -0.38195350
   -0.10982437
    0.27345424
    0.07663859
   -0.06391893
   -0.07522185
    0.20182821
   -0.11404364
   -0.15225875
   -0.38941103
    0.07084153
    0.04349634
    0.03899325
    0.03859869
    0.03829841
    0.04361064
    0.05335301
    0.10368120
    0.09567791
    0.02701463
    0.03838360
    0.04009045
    0.04145526
    0.04419561
    0.04402037
    0.06300980
    0.08359640
    0.07162902
    0.08531454
    0.34444255
    0.06756854
    0.06901123
