           1           2   1.0752770917056980     
           2           3  0.98255582874785519     
           1           4   1.3826389457133916     
           4           5   1.4290202586686394     
           5           6   1.4501393580051853     
           4           7  0.10078269146879901     
           6           7   1.4158621691772384     
           1           8   1.3077267899233576     
           5           8  0.10508842058483510     
           7           8   1.4458943646602842     
           8           9  0.98889895853865983     
           9          10  0.96105226523933707     
          10          11  0.98688405885314712     
          11          12   1.4458072211340141     
          12          13   1.4173615171244354     
          11          14  0.10611884637802700     
          13          14   1.4503269873613813     
          12          15  0.10118931548978878     
          14          15   1.4288553028601836     
          11          16   1.3168472033373042     
          15          16   1.3880127112949041     
          16          17   1.0605239601504739     
          17          18  0.98299503138556066     
          10          19  0.96077987694958267     
          19          20   1.2050212009653669     
          20          21   1.0175625099732561     
          21          22   1.5430632060790128     
          22          23   1.3040744987696014     
          21          24  0.12733168574864601     
          23          24   1.5362132037271403     
          24          25   1.0029521945351694     
          21          26   1.0726534333164839     
          24          26   1.1246565006916032     
          19          27  0.18901296122699582     
          20          27   1.6496413001303196     
          19          28  0.97828255250191298     
          28          29  0.91376203024637059     
          29          30   1.1496800311497810     
          29          31   1.7841943704471859     
          30          31  0.17817626673934067     
           9          32  0.94627993400566657     
          28          32  0.99715810585204268     
          32          33   1.1779745429541149     
          33          34  0.99668248184644459     
          34          35   1.5304590369661473     
          35          36   1.3109774585478240     
          34          37  0.12557672380064538     
          36          37   1.5218415618469281     
          37          38   1.0109479232389162     
          34          39   1.0967132596759557     
          37          39   1.1480359097682438     
          32          40  0.18637461536705652     
          33          40   1.6975377382461827     
           3          41  0.97840260616312702     
           3          42  0.97620279849907621     
           3          43  0.97639422210561966     
           4          44  0.96555472174614665     
           5          45  0.97081179912814175     
           6          46  0.97037425473418382     
           7          47  0.96243766865161218     
           9          48  0.94136206994167737     
          10          49  0.93916885602344169     
          12          50  0.96743421736386503     
          13          51  0.97078733139204731     
          14          52  0.97084324131495059     
          15          53  0.96536129972612550     
          18          54  0.97639270191709515     
          18          55  0.97654626923736676     
          18          56  0.97947950402956940     
          22          57  0.96849690859877235     
          23          58  0.97058663230887099     
          28          59  0.92415458766535208     
          30          60  0.85512682830969378     
          35          61  0.96665397560588517     
          36          62  0.97111484334590292     
