   -0.03170820
   -0.02773700
   -0.02716401
   -0.03565489
    0.00731877
    0.01593385
   -0.03392909
   -0.03001067
   -0.03615087
   -0.01019451
    0.04216141
    0.04737477
   -0.00989082
   -0.03493192
   -0.02904762
   -0.03406279
    0.01442821
    0.00795578
   -0.03671394
   -0.02614608
   -0.02710774
   -0.03252626
   -0.14195757
    0.27381840
   -0.01581830
   -0.01991507
   -0.03171441
    0.01376690
    0.01018624
   -0.03230213
   -0.02831356
   -0.02988835
   -0.02910793
   -0.03332641
   -0.03290662
   -0.02904047
   -0.40634533
    0.09104008
    0.36251738
   -0.36389110
   -0.31558244
   -0.14295549
    0.26989653
   -0.01644076
   -0.02230207
   -0.03194785
    0.01407486
    0.00966734
   -0.03231622
   -0.02837705
   -0.02961968
   -0.02890416
   -0.03385808
   -0.03197640
   -0.02793295
   -0.41546907
    0.04012746
    0.03840617
    0.03683023
    0.02823029
    0.04202848
    0.04189607
    0.02390471
    0.05112155
    0.03357176
    0.02781111
    0.03818994
    0.04050952
    0.03462770
    0.04070904
    0.03834894
    0.03718759
    0.04454784
    0.03986134
    0.03494593
    0.03360022
    0.03266929
    0.03128912
    0.02894209
    0.03987604
    0.03212701
    0.07753626
    0.32055341
    0.05013117
    0.04298287
    0.03571003
    0.03437699
    0.03332198
    0.03097094
    0.02938341
    0.03808871
    0.03063019
