           1           2   1.5553017686644497     
           2           3   1.3226465692729301     
           1           4  0.11794607185324887     
           3           4   1.5533782968754424     
           4           5   1.2846846406157522     
           1           6   1.2782720112289438     
           5           6   1.2522657590303321     
           6           7   1.2799334139850478     
           7           8   1.5507572998000199     
           8           9   1.3273550999781611     
           5          10   1.2504870332056111     
           7          10  0.11448217642383186     
           9          10   1.5205778464535034     
          10          11  0.99446201484805918     
          11          12  0.94087346378012526     
          12          13  0.99384603879376854     
          13          14   1.5200010778123370     
          14          15   1.3273925830277693     
          13          16  0.11443651756875489     
          15          16   1.5520035719751299     
          16          17   1.2785035798229827     
          13          18   1.2493845841321594     
          17          18   1.2513759797796284     
          18          19   1.2846282434912433     
          19          20   1.5508365320187381     
          20          21   1.3241189454515410     
          17          22   1.2810334908553609     
          19          22  0.11777320631826514     
          21          22   1.5553009808944824     
          12          23  0.96466506718452516     
          23          24   1.1703440511086913     
          24          25  0.97327689731984945     
          25          26   1.3945495137340034     
          26          27   1.4566333965829612     
          25          28  0.10134670314996731     
          27          28   1.3863410060053074     
          28          29   1.0466480050075202     
          29          30   1.3902710934151270     
          30          31   1.4506071146103374     
          29          32  0.10578543353212355     
          31          32   1.4355111561680745     
          30          33  0.10858168533923486     
          32          33   1.4340210247004650     
          29          34   1.3879578277339761     
          31          34  0.10871191420632231     
          33          34   1.4522149454020581     
          26          35  0.10429552210055955     
          28          35   1.3821326301025847     
          25          36   1.3909464835079919     
          27          36  0.10429757874767905     
          35          36   1.4598270157495787     
          23          37  0.18348990417685351     
          24          37   1.7137905382285283     
          23          38  0.97392906818640856     
          38          39  0.89906995442796656     
          39          40   1.1204563232172102     
          39          41   1.8420203497929515     
          40          41  0.16765750494573900     
          11          42  0.96474441956430934     
          38          42  0.97509634853830573     
          42          43   1.1857280932523899     
          43          44  0.97691144327374169     
          44          45   1.3915851197504214     
          45          46   1.4578625812151256     
          44          47  0.10112684378291753     
          46          47   1.3840751762316736     
          47          48   1.0485358149897805     
          48          49   1.3894657319643859     
          49          50   1.4511867696855698     
          48          51  0.10547012006155594     
          50          51   1.4350003258642667     
          49          52  0.10837220924253915     
          51          52   1.4341022125112890     
          48          53   1.3870180289963019     
          50          53  0.10862285578874555     
          52          53   1.4522498696463915     
          45          54  0.10403747771850969     
          47          54   1.3831636464798218     
          44          55   1.3933874736687761     
          46          55  0.10396212572240920     
          54          55   1.4578782647597499     
          42          56  0.18674218102481685     
          43          56   1.6923963671771283     
           1          57  0.96732516262815060     
           2          58  0.97030375604901553     
           3          59  0.97072216034665559     
           4          60  0.96004944546380733     
           7          61  0.96742220176188221     
           8          62  0.96980057954964516     
           9          63  0.95976167497842513     
          11          64  0.94258926397971665     
          12          65  0.95200274299101073     
          14          66  0.96719526359685515     
          15          67  0.96967937867207332     
          16          68  0.96756573254032929     
          19          69  0.96349770579226868     
          20          70  0.97046578926026195     
          21          71  0.97033748293411182     
          22          72  0.96776649611567223     
          26          73  0.96821795263205523     
          27          74  0.96745083617396466     
          30          75  0.96869820023536723     
          31          76  0.97063798659760059     
          32          77  0.97145382648574241     
          33          78  0.97072890379371923     
          34          79  0.96868877547138865     
          35          80  0.96756305237457063     
          36          81  0.96864724612440645     
          38          82  0.94321830162024134     
          40          83  0.86001599188280287     
          45          84  0.96789793173130589     
          46          85  0.96674570846307184     
          49          86  0.96837461961903648     
          50          87  0.97060475914334310     
          51          88  0.97139310880592067     
          52          89  0.97071358744248437     
          53          90  0.96569525207520734     
          54          91  0.96764468557449235     
          55          92  0.96804715323977519     
