   -0.03127938
   -0.02614277
   -0.02603207
   -0.02343222
   -0.02700280
    0.00725328
    0.04061629
    0.03715774
   -0.00429058
   -0.03915641
   -0.02630163
   -0.02708745
   -0.02292381
   -0.02867243
   -0.11028732
    0.27648749
   -0.04362850
    0.08403267
   -0.15417514
    0.18384750
   -0.10101256
   -0.07625604
   -0.40378256
    0.07127347
    0.34802485
   -0.34346507
   -0.35961669
   -0.13965708
    0.26934731
   -0.05175438
    0.08404841
   -0.15251419
    0.18492358
   -0.08952138
   -0.07974190
   -0.41136609
    0.02103115
    0.03888288
    0.04151136
    0.04318969
    0.03848923
    0.06010739
    0.08458968
    0.03243340
    0.04075051
    0.04197364
    0.04503752
    0.03321945
    0.08166057
    0.05218819
    0.07191771
    0.33890260
    0.08630293
    0.05989997
