           1           2   1.4477389087348262     
           2           3   1.4360520082616994     
           1           4  0.11173331350211563     
           3           4   1.4414754609971068     
           2           5  0.11068273000845445     
           4           5   1.4415773089807817     
           1           6   1.4102072638223866     
           3           6  0.10943204668593834     
           5           6   1.4154822237251734     
           6           7  0.98771964900478670     
           7           8  0.95746903120707461     
           8           9  0.98091362687883843     
           9          10   1.4030213646167824     
          10          11   1.4521837371102906     
           9          12  0.10938475997291114     
          11          12   1.4314633315766057     
          10          13  0.11312063454612437     
          12          13   1.4473307763219241     
           9          14   1.4241784162161615     
          11          14  0.11001909420312297     
          13          14   1.4332734665980795     
           8          15  0.96661367936134024     
          15          16   1.1932051977461597     
          16          17  0.97249189742796271     
          17          18   1.5708242773630423     
          18          19   1.1363047529364698     
          18          20  0.13031298806153779     
          19          20   1.1345703207380962     
          20          21   1.0162217775950273     
          17          22   1.2486481208986673     
          20          22   1.5534690081534177     
          15          23  0.19110832457973703     
          16          23   1.7039318588602577     
          15          24  0.98524043423528362     
          24          25  0.88960259396356700     
          25          26   1.1701037159388403     
          25          27   1.7887450787674020     
          26          27  0.17485446645334279     
           7          28  0.94543821541059847     
          24          28  0.99056645188647274     
          28          29   1.1767218970140167     
          29          30   1.0004580230317501     
          30          31   1.5424713552104632     
          31          32   1.1504586817179210     
          31          33  0.12725760479199741     
          32          33   1.1263476232468481     
          33          34   1.0236433686145499     
          30          35   1.2467841088186591     
          33          35   1.5607317969700782     
          28          36  0.18269396631071391     
          29          36   1.6929913319697512     
           1          37  0.96903021917917032     
           2          38  0.97066671989961384     
           3          39  0.97073921970929800     
           4          40  0.97018476295814493     
           5          41  0.96786875277090056     
           7          42  0.95532199537492279     
           8          43  0.94299809453204553     
          10          44  0.96788223184128697     
          11          45  0.97032500526830778     
          12          46  0.97059214012508765     
          13          47  0.97013027473722391     
          14          48  0.96572288170628906     
          18          49  0.96189226262150940     
          22          50  0.97132505348567211     
          24          51  0.93434341516306252     
          26          52  0.84447544101875582     
          31          53  0.96080488109634454     
          35          54  0.96683569021479687     
