    0.14052318
   -0.27348945
    0.03688445
   -0.06441487
   -0.03016921
   -0.03983244
   -0.03390074
   -0.02262365
    0.04033620
    0.04027570
   -0.02420895
   -0.03722894
   -0.03835560
   -0.03102431
   -0.06538333
    0.13686499
   -0.28155083
    0.03903068
   -0.11162253
    0.27498527
   -0.01256455
   -0.02578328
   -0.03343379
    0.01222226
   -0.03731781
   -0.03048655
   -0.02953597
   -0.03202656
    0.01513237
   -0.02913936
   -0.42214033
    0.08551177
    0.35811000
   -0.36374991
   -0.36432215
   -0.10740947
    0.26871158
   -0.01248568
   -0.02818972
    0.01512624
   -0.03213323
   -0.02809645
   -0.02870976
   -0.03586502
    0.01359983
   -0.03094121
   -0.02618462
   -0.46010097
    0.04418404
    0.06593961
    0.04479638
    0.04129031
    0.04208599
    0.04322033
    0.04092694
    0.07072629
    0.06690537
    0.06999838
    0.04507179
    0.03907726
    0.03756717
    0.06132500
    0.04076168
    0.04527528
    0.03228069
    0.03499777
    0.02854618
    0.03117780
    0.03331511
    0.03814171
    0.04944729
    0.07338286
    0.36414337
    0.04327603
    0.03745071
    0.03632686
    0.03512777
    0.03260943
    0.04070687
    0.03702447
