           1           2   1.0644072871510557     
           2           3  0.97996355565040905     
           1           4   1.3761489047785169     
           4           5   1.4394265399110504     
           5           6   1.4377218631085928     
           4           7  0.10281310461142962     
           6           7   1.4313627601128711     
           1           8   1.3257215483995837     
           5           8  0.10603126208899229     
           7           8   1.4311879940254202     
           8           9  0.99133410011342460     
           9          10  0.95167191468944501     
          10          11  0.98867218280751334     
          11          12   1.4341904917845296     
          12          13   1.4269516152299719     
          11          14  0.10612987595464868     
          13          14   1.4434713547290785     
          12          15  0.10381838571812797     
          14          15   1.4343630417475310     
          11          16   1.3275290911228876     
          15          16   1.3824002910353093     
          16          17   1.0534122927653691     
          17          18  0.98179739398471066     
          10          19  0.96560008458133539     
          19          20   1.2003989762186842     
          20          21  0.95607271676208472     
          21          22   1.2943509970681533     
          22          23   1.5554000661526963     
          23          24   1.2793336850246160     
          24          25   1.2783902355437764     
          25          26   1.5589288770030991     
          26          27   1.3179308791177418     
          25          28  0.11816371308000720     
          27          28   1.5606425557896704     
          24          29   1.2503504948882893     
          28          29   1.2759045469206631     
          21          30   1.5178518055351329     
          23          30  0.11698679437658779     
          29          30   1.2828675111612315     
          19          31  0.18976786163664078     
          20          31   1.6998491523648998     
          19          32  0.99455302369192911     
          32          33  0.88754718933121668     
          33          34   1.2018861562020431     
          33          35   1.7790198310539744     
          34          35  0.18032136695466189     
           9          36  0.95816349352102848     
          32          36  0.96922268319420313     
          36          37   1.2674537171424307     
          37          38  0.97121275201112578     
          38          39   1.5170055655789301     
          39          40   1.2828338162834245     
          40          41   1.2770047398328448     
          41          42   1.5593864083775284     
          42          43   1.3192493440627242     
          41          44  0.11803119048294516     
          43          44   1.5572894519644254     
          40          45   1.2498654613843978     
          44          45   1.2805320956360131     
          39          46  0.11462965481026161     
          45          46   1.2766422923331642     
          38          47   1.2831392610153318     
          46          47   1.5611908439826765     
          36          48  0.18793402660770681     
          37          48   1.6002979825611594     
           3          49  0.97645041288318701     
           3          50  0.97912500214280163     
           3          51  0.97470040870702668     
           4          52  0.96520536301096183     
           5          53  0.97062973644061723     
           6          54  0.97032013583476484     
           7          55  0.96782363377857950     
           9          56  0.94962418307038465     
          10          57  0.94899245067287463     
          12          58  0.95830078342806135     
          13          59  0.97012276437803091     
          14          60  0.97076705483959169     
          15          61  0.96549097298841302     
          18          62  0.97954166544740251     
          18          63  0.97648559900989351     
          18          64  0.97468558279491491     
          22          65  0.96954020110382810     
          23          66  0.96729057598411172     
          25          67  0.96835946050346222     
          26          68  0.97109352262700410     
          27          69  0.97082150909606957     
          28          70  0.96791546460905242     
          30          71  0.96546275998052622     
          32          72  0.93752487817201580     
          34          73  0.77932520132719663     
          39          74  0.96639136310132068     
          41          75  0.96802107727466069     
          42          76  0.97065631282166842     
          43          77  0.97083730236773347     
          44          78  0.96817762204460478     
          46          79  0.96655064254577816     
          47          80  0.96884019693317724     
