   -0.03711716
   -0.02752303
   -0.02857497
   -0.02602527
   -0.03455154
   -0.00023549
    0.03529557
    0.04956345
    0.01179721
   -0.02899979
   -0.02529709
   -0.02790486
   -0.02612065
   -0.03100908
   -0.12223608
    0.27066881
   -0.02108113
   -0.02891124
   -0.05462348
    0.10746665
   -0.12383917
    0.02192327
   -0.41534245
    0.09293410
    0.36749800
   -0.37128800
   -0.38586556
   -0.10398644
    0.27325056
   -0.01282493
   -0.03083718
   -0.05631845
    0.10074403
   -0.12369205
    0.02248510
   -0.42385948
    0.04557225
    0.04024704
    0.04080857
    0.04223790
    0.03722320
    0.05580560
    0.06105720
    0.03504267
    0.03948339
    0.03860641
    0.03890680
    0.03382762
    0.07264724
    0.06874225
    0.07640129
    0.34138715
    0.07521618
    0.07122506
