           1           2   1.4458179971450835     
           2           3   1.4366761326700497     
           1           4  0.11098411644399697     
           3           4   1.4397520137698754     
           2           5  0.10979230620573967     
           4           5   1.4423597834180557     
           1           6   1.4100221306239971     
           3           6  0.10930694025670079     
           5           6   1.4121443753307046     
           6           7  0.99199930267024627     
           7           8  0.94681861979802129     
           8           9  0.99001005172998269     
           9          10   1.4140367901506701     
          10          11   1.4432437574056689     
           9          12  0.10935703773554190     
          11          12   1.4400500836916947     
          10          13  0.11109385630801381     
          12          13   1.4373542313273653     
           9          14   1.4111338271758689     
          11          14  0.11160688304806848     
          13          14   1.4463219723334035     
           8          15  0.95876346327657924     
          15          16   1.1761661362302411     
          16          17   1.0254181404129954     
          17          18   1.5473143769656252     
          18          19   1.2962428738501515     
          19          20   1.5469995866361526     
          20          21   1.0165646113969014     
          17          22   1.1381668023399312     
          20          22   1.1742433561244656     
          15          23  0.17681252412149634     
          16          23   1.6695628000754297     
          15          24  0.98212137631775809     
          24          25  0.90698666926420002     
          25          26   1.1319493915834913     
          25          27   1.7735752709407822     
          26          27  0.16909495261116514     
           7          28  0.95996801558688483     
          24          28  0.97975796937710502     
          28          29   1.2220827253244666     
          29          30   1.0233357668233147     
          30          31   1.5533355419511672     
          31          32   1.2918943537854837     
          30          33  0.10006812298108672     
          32          33   1.5504462588753136     
          33          34   1.0160957249528415     
          30          35   1.1370216715217059     
          33          35   1.1719137796748156     
          28          36  0.18269206725588183     
          29          36   1.6188126202146988     
           1          37  0.96447941668751935     
           2          38  0.97050203669148816     
           3          39  0.97075230423063863     
           4          40  0.97023042373116830     
           5          41  0.96801164667612760     
           7          42  0.95182713849201339     
           8          43  0.95127056619106798     
          10          44  0.96865628077437793     
          11          45  0.97051775936085471     
          12          46  0.97097730503692337     
          13          47  0.97062461072019235     
          14          48  0.96866050514751212     
          18          49  0.95961513332996851     
          19          50  0.96044600868253116     
          24          51  0.93975210520823671     
          26          52  0.85882203035735838     
          31          53  0.95910711958102879     
          32          54  0.96002524776624598     
