   -0.03719236
   -0.03330143
    0.01332801
   -0.03364940
   -0.02951275
   -0.02914732
   -0.03381494
    0.01555764
   -0.03605946
    0.00423304
    0.04194449
    0.03716750
    0.00178946
   -0.03777285
    0.01520868
   -0.03209340
   -0.02787163
   -0.02849397
   -0.03364074
    0.01294275
   -0.03415717
   -0.03547001
   -0.11676720
    0.27247183
   -0.01885415
   -0.04002982
    0.01072272
   -0.10862102
    0.01107370
   -0.10815677
   -0.03940145
   -0.02705230
   -0.44253377
    0.08687213
    0.35424897
   -0.36526634
   -0.38571631
   -0.12012600
    0.27365102
   -0.02304384
   -0.02764244
   -0.03922033
    0.01086173
   -0.10917546
    0.01310425
   -0.10962266
   -0.04156585
   -0.42358037
    0.03148535
    0.03665699
    0.03300947
    0.03189467
    0.03167600
    0.03038452
    0.03258072
    0.06893664
    0.05766115
    0.03468223
    0.03614281
    0.03471490
    0.03355175
    0.03153268
    0.03623829
    0.03602484
    0.03731349
    0.04969153
    0.04725390
    0.04369169
    0.05007249
    0.04235572
    0.04683362
    0.03515044
    0.04367006
    0.10619800
    0.34200982
    0.03679352
    0.03476051
    0.04806231
    0.04159571
    0.04889088
    0.04858963
    0.05003782
    0.04767008
    0.03556134
