           1           2   1.5708195242901688     
           2           3   1.2721918078066370     
           3           4   1.2835625754791993     
           4           5   1.5543829342550630     
           5           6   1.3227636911777343     
           4           7  0.11788158355497477     
           6           7   1.5554363536440328     
           3           8   1.2531038911781949     
           7           8   1.2813183146018474     
           2           9  0.11274864504118726     
           8           9   1.2759991989499069     
           1          10   1.2858069643635519     
           9          10   1.5345715579905943     
          10          11  0.98926164447083087     
          11          12  0.93873860037347179     
          12          13  0.99876907949555183     
          13          14   1.5199550024965085     
          14          15   1.2846225813518894     
          15          16   1.2779753327376213     
          16          17   1.5581574505917426     
          17          18   1.3202114755045924     
          16          19  0.11780510754954579     
          18          19   1.5558343747007881     
          15          20   1.2487348244208882     
          19          20   1.2819897619298488     
          14          21  0.11381065626031164     
          20          21   1.2770385488129201     
          13          22   1.2935248600614928     
          21          22   1.5605539779966067     
          12          23  0.96267849878528844     
          23          24   1.1984128096589826     
          24          25  0.98787937652895830     
          25          26   1.3912475985425559     
          26          27   1.4292100932744907     
          27          28   1.0286278448402899     
          25          29  0.10197555678590284     
          27          29   1.3674646819028322     
          29          30   1.0302652619494603     
          26          31  0.10219688838706370     
          29          31   1.4168893125234803     
          25          32   1.3952018678855087     
          27          32  0.10238885212007040     
          31          32   1.4447236196684548     
          23          33  0.18383844430104931     
          24          33   1.6671666916196499     
          23          34  0.98864844160754861     
          34          35  0.91650591504732326     
          35          36   1.1503382441957328     
          35          37   1.7826611751548271     
          36          37  0.18068359610637308     
          11          38  0.96905034699450243     
          34          38  0.97832331542014972     
          38          39   1.1942223778034176     
          39          40  0.96554777171870221     
          40          41   1.4057563154313593     
          41          42   1.4384796133119790     
          40          43  0.10418390950884206     
          42          43   1.4212516603823575     
          43          44   1.0297154848091075     
          41          45  0.10461725267445283     
          43          45   1.3690009864107500     
          45          46   1.0296376687479383     
          40          47   1.3967758758380051     
          42          47  0.10421443845666667     
          45          47   1.4237197576218221     
          38          48  0.18716955489346401     
          39          48   1.6957218047078522     
           1          49  0.96746219307401138     
           2          50  0.96769182581531554     
           4          51  0.96838793261097644     
           5          52  0.97106005756416214     
           6          53  0.97104107769571080     
           7          54  0.96843269033716239     
           9          55  0.96336633376724778     
          11          56  0.94707093588586078     
          12          57  0.95371141612009813     
          14          58  0.96534891611151930     
          16          59  0.96810027156309075     
          17          60  0.97082418420314531     
          18          61  0.97096221148404294     
          19          62  0.96835618177183480     
          21          63  0.96747397229483723     
          22          64  0.96691598690652891     
          26          65  0.96631267873440985     
          28          66  0.96988377805044035     
          28          67  0.96865247298136459     
          28          68  0.98518293531576762     
          30          69  0.96911031724253216     
          30          70  0.98525248594257453     
          30          71  0.96880630514007826     
          31          72  0.96745838281325280     
          32          73  0.96881565485962484     
          34          74  0.92291500106273772     
          36          75  0.85681710262664745     
          41          76  0.96982686745930768     
          42          77  0.96746503011604934     
          44          78  0.96907089278379410     
          44          79  0.98533358121363945     
          44          80  0.96961742114371008     
          46          81  0.98451804021824207     
          46          82  0.96939590358610628     
          46          83  0.96859150081839362     
          47          84  0.96497496496468227     
