   -0.03430823
   -0.02920629
   -0.02827871
   -0.03309948
    0.01114859
    0.01583116
   -0.03601524
   -0.02837416
   -0.03586347
    0.00384972
    0.04299270
    0.04678011
    0.00911318
   -0.03186677
   -0.02880616
   -0.03452989
    0.01749009
    0.01521099
   -0.03051769
   -0.02750518
   -0.02828291
   -0.03343177
   -0.11025938
    0.26772095
    0.08333868
   -0.04316614
   -0.07226169
    0.20298560
   -0.11437604
   -0.18463770
   -0.41561069
    0.08328677
    0.35653817
   -0.36245471
   -0.38073188
   -0.10123569
    0.26620678
    0.08336398
   -0.04139890
   -0.07077923
    0.20427855
   -0.11785629
   -0.19504213
   -0.41808127
    0.03474808
    0.03275871
    0.03078801
    0.02702689
    0.03579931
    0.03696412
    0.04809807
    0.06718422
    0.05322219
    0.02761015
    0.03576553
    0.03766915
    0.02732457
    0.03278328
    0.03423461
    0.03588561
    0.08276257
    0.07259580
    0.10171641
    0.34597170
    0.08440363
    0.07252901
