           1           2   1.5563575380465089     
           2           3   1.3230104018339695     
           1           4  0.11830792552368387     
           3           4   1.5534297522870877     
           4           5   1.2830733123342111     
           1           6   1.2798055165172428     
           5           6   1.2534971379609638     
           6           7   1.2780431078963002     
           7           8   1.5559213726919701     
           8           9   1.3228907324213162     
           5          10   1.2497786194462106     
           7          10  0.11411476993693334     
           9          10   1.5285393624693897     
          10          11  0.98730775905896917     
          11          12  0.94883493613331871     
          12          13  0.99157507533014488     
          13          14   1.5197660668721307     
          14          15   1.3300138165351478     
          13          16  0.11485548431663474     
          15          16   1.5497679433773333     
          16          17   1.2815798689470537     
          13          18   1.2542173722519283     
          17          18   1.2513084025729770     
          18          19   1.2810993472127266     
          19          20   1.5561675572260623     
          20          21   1.3207592687065819     
          17          22   1.2783598622556087     
          19          22  0.11844643821156227     
          21          22   1.5583271119034088     
          12          23  0.95562111076645595     
          23          24   1.1891497509222659     
          24          25   1.0234890375162129     
          25          26   1.5335404142227815     
          26          27   1.3116566040774513     
          25          28  0.12592735391997709     
          27          28   1.5270370942017846     
          28          29   1.0112600934442921     
          25          30   1.0745987256350118     
          28          30   1.1306551930514759     
          23          31  0.18413086623419150     
          24          31   1.6567430251760611     
          23          32  0.98701154308667716     
          32          33  0.90470016587749902     
          33          34   1.1588883607460154     
          33          35   1.7815758599769018     
          34          35  0.18115392460121690     
          11          36  0.95801583495200004     
          32          36  0.99811782615796729     
          36          37   1.1988923888028935     
          37          38   1.0234108704771074     
          38          39   1.5357725980397126     
          39          40   1.3108346464001535     
          38          41  0.12679423674742349     
          40          41   1.5290147197180914     
          41          42   1.0082896579189564     
          38          43   1.0705660694479873     
          41          43   1.1287048215929467     
          36          44  0.18979304269370464     
          37          44   1.6505517034154269     
           1          45  0.96797718583266334     
           2          46  0.97072515667255066     
           3          47  0.97104203933036048     
           4          48  0.96146133062598160     
           7          49  0.96781708566054059     
           8          50  0.97025275181094806     
           9          51  0.96083692777965735     
          11          52  0.94519323670874833     
          12          53  0.94702820302607704     
          14          54  0.96826187136490804     
          15          55  0.97030965998184959     
          16          56  0.96784359510992668     
          19          57  0.96115036026204770     
          20          58  0.97096903978479676     
          21          59  0.97064654998342281     
          22          60  0.96791438165152288     
          26          61  0.96864023762239015     
          27          62  0.97044178544177662     
          32          63  0.91857162204192266     
          34          64  0.85312960757616563     
          39          65  0.96830667984107965     
          40          66  0.97046791552474787     
