    0.14451225
   -0.27228019
    0.04049474
   -0.06392570
   -0.03055133
   -0.03904284
   -0.02995661
   -0.01106185
    0.04470825
    0.04979317
   -0.00339795
   -0.03077931
   -0.03870097
   -0.03125372
   -0.06441409
    0.14958902
   -0.27119200
    0.04065341
   -0.11740816
    0.28623448
   -0.02970204
    0.05746647
   -0.15779564
   -0.05302268
   -0.03169346
    0.08293485
   -0.39821598
    0.09109125
    0.34854029
   -0.35660214
   -0.38139392
   -0.10399975
    0.28156961
   -0.02580110
    0.07520983
   -0.13780993
   -0.05012977
   -0.02329406
    0.01445227
   -0.40008291
    0.03829979
    0.04501323
    0.06218774
    0.03942108
    0.03921392
    0.04096292
    0.03696094
    0.08273587
    0.06680776
    0.04485502
    0.04022763
    0.03743518
    0.03830270
    0.04625094
    0.06129287
    0.03591104
    0.06370161
    0.06724679
    0.07858175
    0.35064256
    0.06558415
    0.06462270
