           1           2   1.0618956783828930     
           2           3  0.98344652908833186     
           1           4   1.3856292861275648     
           4           5   1.4299851392282041     
           5           6   1.4493603416800911     
           4           7  0.10146429700456566     
           6           7   1.4181320601616270     
           1           8   1.3165596844620668     
           5           8  0.10618233626692264     
           7           8   1.4460415357477669     
           8           9  0.99099631534554455     
           9          10  0.95049074022604152     
          10          11  0.99513520163410552     
          11          12   1.4383159071829474     
          12          13   1.4252215741808667     
          11          14  0.10653244975045094     
          13          14   1.4440706847166294     
          12          15  0.10222407888772092     
          14          15   1.4342020763539443     
          11          16   1.3239662595016732     
          15          16   1.3811822141468153     
          16          17   1.0607741400926807     
          17          18  0.98394484536629878     
          10          19  0.94959760696156081     
          19          20   1.1825648599504506     
          20          21  0.98397266925331750     
          21          22   1.5228339749398458     
          22          23  0.98223743062127133     
          22          24   1.2611768687886815     
          21          25  0.10435362988557706     
          24          25   1.6099723831757218     
          21          26   1.1791109143725176     
          25          26   1.2211898013422353     
          19          27  0.18388898522226632     
          20          27   1.7054660191985251     
          19          28  0.99419005491306656     
          28          29  0.90194242368848887     
          29          30   1.1625959970524296     
          29          31   1.7832436126649431     
          30          31  0.18288173247071302     
           9          32  0.95424849935804912     
          28          32  0.99489526677864260     
          32          33   1.2158720439803852     
          33          34  0.96913699251304464     
          34          35   1.5481462191398028     
          35          36  0.99202194279839317     
          35          37   1.2473650806680616     
          34          38  0.11082570840000674     
          37          38   1.6315722303542399     
          34          39   1.1557985801715860     
          38          39   1.1934748132935102     
          32          40  0.19813433121379484     
          33          40   1.6903573148336708     
           3          41  0.97581785771418250     
           3          42  0.97611113381815462     
           3          43  0.97933560751402227     
           4          44  0.96554404061472554     
           5          45  0.97087889237683866     
           6          46  0.97062309895075738     
           7          47  0.96528131319714372     
           9          48  0.94561324426885496     
          10          49  0.95039564167210422     
          12          50  0.96573787617596096     
          13          51  0.97063578955176388     
          14          52  0.97102667984651769     
          15          53  0.96564811907428649     
          18          54  0.97638363693886432     
          18          55  0.97956365960041114     
          18          56  0.97563247382388363     
          24          57  0.96274073099276769     
          25          58  0.96679700619194286     
          28          59  0.92130462468548346     
          30          60  0.84968550449590474     
          37          61  0.96158411808466526     
          38          62  0.96669624926777997     
