           1           2   1.6084389737111204     
           2           3  0.97634380805998888     
           3           4  0.91725101621730853     
           4           5   1.3807572195660669     
           5           6   1.4524763215291343     
           6           7   1.4015215542343245     
           7           8   1.0005604850089782     
           8           9   1.0037922044108767     
           9          10   1.9800703789730978     
           5          11  0.10878206414937523     
           7          11   1.4139184466199270     
           4          12   1.4023835973124805     
           6          12  0.10871984028464771     
          11          12   1.4375808108416046     
           2          13  0.65396652836176516     
          13          14  0.97979987625519216     
          13          15  0.97631986810657867     
          13          16  0.98004545041065017     
           1          17  0.12624310260837163     
           2          17   1.6083973549164716     
           5          18  0.96547746391764311     
           6          19  0.96667784904684373     
           8          20  0.96678042525155949     
           8          21  0.95840010045101731     
           9          22  0.96680890633121241     
          10          23  0.97551402058667325     
          10          24  0.97477644171078714     
          11          25  0.96655160671984952     
          12          26  0.95943678018444767     
