   -0.03234090
   -0.02770583
   -0.02912045
   -0.02626102
   -0.02910899
    0.00628580
    0.04298815
    0.03646956
    0.00165573
   -0.03493378
   -0.02844428
   -0.03011157
   -0.02653207
   -0.03653156
   -0.12171715
    0.27177842
   -0.02039390
   -0.03255460
   -0.03826644
    0.02466987
   -0.11232942
   -0.03698610
   -0.02053531
   -0.42135741
    0.08825113
    0.35202551
   -0.36198948
   -0.38395772
   -0.11927316
    0.27286654
   -0.02608430
   -0.02567401
   -0.03798922
    0.02267380
   -0.11159424
   -0.03623214
   -0.03192866
   -0.42404963
    0.02951106
    0.03551063
    0.03557298
    0.03762039
    0.03808960
    0.06510994
    0.05710642
    0.03823368
    0.03841637
    0.03740743
    0.03860812
    0.03383814
    0.03823661
    0.03733305
    0.04916815
    0.05258521
    0.04824296
    0.04050636
    0.05168967
    0.10197966
    0.33990685
    0.04028384
    0.03654612
    0.05325571
    0.04835106
    0.04509513
    0.04086929
    0.03526442
