           1           2   1.4484701455532933     
           2           3   1.4356788555287137     
           1           4  0.11190348991793538     
           3           4   1.4414977103086311     
           2           5  0.11062872863092887     
           4           5   1.4414633462516329     
           1           6   1.4092731893049244     
           3           6  0.10949013212244822     
           5           6   1.4162957398941818     
           6           7  0.98904818493515712     
           7           8  0.94629283533187736     
           8           9  0.98780654511710420     
           9          10   1.4186866546630541     
          10          11   1.4353364768250974     
           9          12  0.10963160007331935     
          11          12   1.4452035172093585     
          10          13  0.10953463865842315     
          12          13   1.4321898981076071     
           9          14   1.4047553887567652     
          11          14  0.11242588755757518     
          13          14   1.4519187969804537     
           8          15  0.97424368879629131     
          15          16   1.1674574104332367     
          16          17  0.99283541162078881     
          17          18   1.3869226721945955     
          18          19   1.4569067903333908     
          17          20  0.10228259278979862     
          19          20   1.4029233309640134     
          20          21   1.0285705416759083     
          18          22  0.10513981350576529     
          20          22   1.4052896458037722     
          17          23   1.3895857179272868     
          19          23  0.10600982524227030     
          22          23   1.4558327574712622     
          15          24  0.17467192956377153     
          16          24   1.6930313573037130     
          15          25  0.98040451997610245     
          25          26  0.91610479490191821     
          26          27   1.1503608004647035     
          26          28   1.7809219446896087     
          27          28  0.18178123082362202     
           7          29  0.96038790410902319     
          25          29  0.98497763445919884     
          29          30   1.1981734966472957     
          30          31  0.96784846370910438     
          31          32   1.4066401475137318     
          32          33   1.4448016053578896     
          31          34  0.10596522117898191     
          33          34   1.4130110817256947     
          34          35   1.0275891933237544     
          32          36  0.10782659860607972     
          34          36   1.4014523851319629     
          31          37   1.3935379567551553     
          33          37  0.10756125917801485     
          36          37   1.4570655237780892     
          29          38  0.18613632972893557     
          30          38   1.6941664055226444     
           1          39  0.96827511976441394     
           2          40  0.97086628427535360     
           3          41  0.97118888840769568     
           4          42  0.97063636560508759     
           5          43  0.96788698988358945     
           7          44  0.95324011316958146     
           8          45  0.94563035432872034     
          10          46  0.96375397536784735     
          11          47  0.97064832249456046     
          12          48  0.97100336365486528     
          13          49  0.97054711348256806     
          14          50  0.96845611131400144     
          18          51  0.96473369284395516     
          19          52  0.96875999248494216     
          21          53  0.97878589333017252     
          21          54  0.96511293438092771     
          21          55  0.98254969414494742     
          22          56  0.96793865514949462     
          23          57  0.96771479201190447     
          25          58  0.92669316255199696     
          27          59  0.85847971316122007     
          32          60  0.96937941257761018     
          33          61  0.96819573502863499     
          35          62  0.96612173445713556     
          35          63  0.97831190589696826     
          35          64  0.98367122987643085     
          36          65  0.96846448746672587     
          37          66  0.96819744942918895     
