   -0.03283968
   -0.02717849
   -0.02995601
   -0.02927128
   -0.03946708
   -0.00310490
    0.03974962
    0.03179673
   -0.00219555
   -0.03502438
   -0.02674345
   -0.02872044
   -0.02622158
   -0.02995329
   -0.11955515
    0.27545473
   -0.01170751
   -0.04259257
    0.00647668
   -0.10725075
   -0.03017105
   -0.01793181
   -0.43079561
    0.09161302
    0.35409959
   -0.36765807
   -0.37509232
   -0.11314662
    0.27447082
   -0.01723825
   -0.05619516
    0.00589204
   -0.10747592
   -0.03640924
    0.01709244
   -0.42439710
    0.05864588
    0.03912428
    0.03535658
    0.03787550
    0.04100598
    0.07571601
    0.06495633
    0.03622811
    0.03856068
    0.03772839
    0.03917145
    0.03019076
    0.05152051
    0.05535104
    0.04568963
    0.05184496
    0.05056545
    0.09914307
    0.34270857
    0.03803997
    0.05281671
    0.04459867
    0.05497581
    0.04983328
