           1           2   1.4495233207671383     
           2           3   1.4343263553082011     
           1           4  0.11272225356246744     
           3           4   1.4440606441511514     
           2           5  0.11032616645867356     
           4           5   1.4366113575417230     
           1           6   1.4070147651873739     
           3           6  0.10908769173195731     
           5           6   1.4189435127293002     
           6           7  0.98166766150934259     
           7           8  0.96175383051890828     
           8           9  0.98893967581370190     
           9          10   1.4131636223850543     
          10          11   1.4427566758958832     
           9          12  0.10933698558262167     
          11          12   1.4402101908596590     
          10          13  0.11017267398994203     
          12          13   1.4359560654229799     
           9          14   1.4097645224930895     
          11          14  0.11127515435347494     
          13          14   1.4478313090359125     
           8          15  0.95826948979251814     
          15          16   1.1898771520384597     
          16          17   1.0124636213034339     
          17          18   1.5722733199706145     
          18          19   1.2562665977994909     
          19          20   1.0230077327448619     
          17          21  0.10930203172939960     
          19          21   1.5880726896969761     
          17          22   1.1458009879177977     
          21          22   1.1912765601886457     
          15          23  0.17893166432270802     
          16          23   1.6662649753952947     
          15          24  0.98480866367779074     
          24          25  0.91393678234827380     
          25          26   1.1464491740272797     
          25          27   1.7887246056292290     
          26          27  0.18098953710440691     
           7          28  0.95101565168935387     
          24          28  0.99142453170839617     
          28          29   1.2022589397494274     
          29          30  0.99170281200615185     
          30          31   1.5753873108872085     
          31          32   1.2525817460473543     
          32          33   1.0233220578531264     
          30          34  0.11000332092049465     
          32          34   1.5885722311914829     
          30          35   1.1632482958345438     
          31          35  0.10019339774266270     
          34          35   1.1982635010763361     
          28          36  0.18784311642500803     
          29          36   1.6737514918530105     
           1          37  0.96511749972822314     
           2          38  0.97036514032432108     
           3          39  0.97101459805450108     
           4          40  0.97076219102365524     
           5          41  0.96413445507540663     
           7          42  0.95339803045864557     
           8          43  0.94948351262894559     
          10          44  0.96780280747529046     
          11          45  0.97049793516399829     
          12          46  0.97101306951899091     
          13          47  0.97061012213767373     
          14          48  0.96820327068863432     
          18          49  0.96302080295839887     
          20          50  0.97306591571690371     
          20          51  0.98530682535036740     
          20          52  0.96983914124180715     
          21          53  0.96878224780590505     
          24          54  0.91602361012336142     
          26          55  0.85678305634778296     
          31          56  0.96129299106601074     
          33          57  0.97100370600834041     
          33          58  0.98547802280636310     
          33          59  0.97177169984079859     
          34          60  0.96902337329080612     
