   -0.03823499
   -0.03371147
    0.01537847
   -0.03162878
   -0.02699225
   -0.02631955
   -0.03027568
    0.01743008
   -0.03592725
   -0.00514399
    0.03289626
    0.03783771
   -0.00350507
   -0.04616392
    0.01253209
   -0.03471802
   -0.02977336
   -0.02966614
   -0.03502801
    0.01172322
   -0.03450078
   -0.03589902
   -0.10935958
    0.27567138
   -0.01453455
   -0.03602353
   -0.02821844
   -0.06588789
    0.14823479
   -0.26244825
    0.03597558
   -0.05376466
   -0.42139867
    0.09200660
    0.35488266
   -0.36672993
   -0.37714733
   -0.11730903
    0.27660402
   -0.01063182
   -0.04659279
    0.14715988
   -0.26541947
    0.03781964
   -0.06611864
   -0.02975770
   -0.04188822
   -0.42345322
    0.02978943
    0.03385769
    0.03004813
    0.03257611
    0.03520606
    0.03700207
    0.03201899
    0.05787768
    0.07690751
    0.03995473
    0.03775415
    0.03258377
    0.03174919
    0.03317896
    0.03860257
    0.05599862
    0.04444461
    0.04109071
    0.04064758
    0.04175130
    0.06524948
    0.04322452
    0.04617918
    0.09504084
    0.34189051
    0.05666380
    0.04272779
    0.06388500
    0.04021484
    0.03957063
    0.04048846
    0.03984468
