           1           2   1.5603237836736714     
           2           3   1.2780146133678745     
           3           4   1.2815969670043317     
           4           5   1.5563093375215593     
           5           6   1.3204205704578220     
           4           7  0.11816195917613459     
           6           7   1.5581334580619342     
           3           8   1.2482227896395990     
           7           8   1.2780514504735454     
           2           9  0.11460384314022436     
           8           9   1.2852063001454255     
           1          10   1.2966565793652098     
           9          10   1.5213740771713122     
          10          11  0.98813451936934005     
          11          12  0.96067304934330677     
          12          13  0.98367498315349011     
          13          14   1.5319158212155894     
          14          15   1.2764490799208621     
          15          16   1.2802670793278539     
          16          17   1.5562298663726006     
          17          18   1.3221039542340318     
          16          19  0.11821732682152668     
          18          19   1.5552300383360489     
          15          20   1.2530462518217311     
          19          20   1.2822952409414792     
          14          21  0.11309219749958864     
          20          21   1.2737117812620751     
          13          22   1.2884640008870631     
          21          22   1.5684780424065428     
          12          23  0.95055640712949196     
          23          24   1.2105722191786772     
          24          25  0.95667062030195804     
          25          26   1.3872863834992903     
          26          27   1.4465542442166588     
          25          28  0.10150390576576551     
          27          28   1.4376543548585328     
          28          29   1.3717229387358438     
          29          30   1.0715446747567967     
          30          31  0.98319201058974148     
          25          32   1.4334452660473946     
          27          32  0.10801389902278589     
          29          32   1.3468161499739131     
          23          33  0.19025895172719720     
          24          33   1.6917735462016346     
          23          34  0.99270069952180973     
          34          35  0.91439059602122419     
          35          36   1.1478012458259206     
          35          37   1.7869738704064753     
          36          37  0.18053353395191843     
          11          38  0.96117741906276877     
          34          38  0.98335266429068280     
          38          39   1.1981832886869097     
          39          40  0.96692403825656825     
          40          41   1.4344327042766862     
          41          42   1.3492792357740628     
          42          43   1.0680314831631756     
          43          44  0.98391624174451942     
          42          45   1.3723386415872945     
          41          46  0.10718886830146353     
          45          46   1.4332426948562775     
          40          47   1.3801475231820384     
          46          47   1.4511190138091106     
          38          48  0.18673829297662348     
          39          48   1.6962592318358363     
           1          49  0.96785451214348683     
           2          50  0.96778798537446487     
           4          51  0.96837134729729779     
           5          52  0.97102474765381652     
           6          53  0.97082219430411820     
           7          54  0.96797348665069238     
           9          55  0.96402870756204295     
          11          56  0.95066794646623987     
          12          57  0.95242653872845640     
          14          58  0.96065865826155172     
          16          59  0.96787167399450014     
          17          60  0.97095575225809139     
          18          61  0.97104191655858663     
          19          62  0.96840612005641291     
          21          63  0.96747597940856822     
          22          64  0.96531991026668817     
          26          65  0.96963778557821001     
          27          66  0.96989075358232413     
          28          67  0.96614494458154943     
          31          68  0.97662983958849114     
          31          69  0.97939427069874818     
          31          70  0.97663401867813060     
          32          71  0.96532549373044196     
          34          72  0.92110307596234819     
          36          73  0.85734305736501004     
          41          74  0.96588596063299537     
          44          75  0.97622744266679584     
          44          76  0.97951733902032301     
          44          77  0.97653525226488391     
          45          78  0.96627517295339282     
          46          79  0.97005110894617697     
          47          80  0.96915637003485822     
