   -0.03424900
   -0.02701748
   -0.02756841
   -0.02780689
   -0.03722335
    0.00080535
    0.03881998
    0.04968171
    0.01333264
   -0.02909546
   -0.02518920
   -0.02818091
   -0.02648082
   -0.02883314
   -0.12277045
    0.27407128
   -0.05921147
    0.09720400
   -0.17737924
    0.12863816
   -0.01190018
   -0.03692708
   -0.03534683
   -0.03215358
   -0.04539343
   -0.41885265
    0.09419355
    0.36545774
   -0.37288186
   -0.39004886
   -0.10885423
    0.27537150
   -0.05086655
    0.09371189
   -0.18523919
    0.12373915
   -0.01294907
   -0.03473637
   -0.03539231
   -0.03242677
   -0.04765498
   -0.43029362
    0.03182307
    0.03930475
    0.04067338
    0.04016680
    0.04658235
    0.05095483
    0.05535526
    0.03396168
    0.03852018
    0.03741695
    0.03711299
    0.03021267
    0.06495698
    0.03046868
    0.03973537
    0.04450584
    0.05378763
    0.07441510
    0.33986746
    0.06752385
    0.03756434
    0.04299897
    0.04644482
    0.05354248
