           1           2   1.4399813212123167     
           2           3   1.4423458335136461     
           1           4  0.10923229828481015     
           3           4   1.4335999005194033     
           2           5  0.11163682075834093     
           4           5   1.4498922613995446     
           1           6   1.4156045319709420     
           3           6  0.10940009589398277     
           5           6   1.4062527890634189     
           6           7  0.99448680381722931     
           7           8  0.94658830437735464     
           8           9  0.99214961636186638     
           9          10   1.4137140106845765     
          10          11   1.4433992712404318     
           9          12  0.10938327069714988     
          11          12   1.4401109810329040     
          10          13  0.11087240880613553     
          12          13   1.4368188812345162     
           9          14   1.4101362363098617     
          11          14  0.11143218942339909     
          13          14   1.4469520226824695     
           8          15  0.96007574003022100     
          15          16   1.1776524360945304     
          16          17  0.99621334137167517     
          17          18   1.6004505300880998     
          18          19   1.1357854159541521     
          19          20   1.0819046096339400     
          17          21   1.1635201300134623     
          20          21   1.2789987840314496     
          21          22   1.3353396678712686     
          22          23   1.4957321175155405     
          23          24   1.3841557487177458     
          20          25   1.3540574133323542     
          22          25  0.11517385174362162     
          24          25   1.4829018557592015     
          15          26  0.18020657529893763     
          16          26   1.6927057565123631     
          15          27  0.98189195783261463     
          27          28  0.90883193670083262     
          28          29   1.1297499685473407     
          28          30   1.7740926964961206     
          29          30  0.16910979409679583     
           7          31  0.95883180393242207     
          27          31  0.97935381609679484     
          31          32   1.2195337111908242     
          32          33   1.0026024664103035     
          33          34   1.5986646476017774     
          34          35   1.1328422500520916     
          35          36   1.0769914132061074     
          33          37   1.1614047872683293     
          36          37   1.2808285991891499     
          37          38   1.3377335135269841     
          38          39   1.4962157564317660     
          39          40   1.3849557429755870     
          36          41   1.3553982895910810     
          38          41  0.11566000225133008     
          40          41   1.4815513982398114     
          31          42  0.18308341499250624     
          32          42   1.6376676014357761     
           1          43  0.96810210271068575     
           2          44  0.97048910048172465     
           3          45  0.97078433518264884     
           4          46  0.97049234273588536     
           5          47  0.96449863832025629     
           7          48  0.95078108051908927     
           8          49  0.95138277184920728     
          10          50  0.96868520422472271     
          11          51  0.97059550707330211     
          12          52  0.97107974719047130     
          13          53  0.97076726622902210     
          14          54  0.96696787988381017     
          18          55  0.96390595844859184     
          22          56  0.96594401065080304     
          23          57  0.97077168291703342     
          24          58  0.97083386632702817     
          25          59  0.96668973793531343     
          27          60  0.93972262114399585     
          29          61  0.85976064745579117     
          34          62  0.96350469601375255     
          38          63  0.96716638851486658     
          39          64  0.97045645359302191     
          40          65  0.97063817597518121     
          41          66  0.96670024791450337     
