    0.14169191
   -0.27874236
    0.04317843
   -0.06454305
   -0.02998920
   -0.03727124
   -0.02678110
   -0.01017841
    0.05163479
    0.03674626
   -0.02547021
   -0.03815502
   -0.04071347
   -0.03187213
   -0.06722985
    0.13620714
   -0.27408382
    0.03680309
   -0.08846663
    0.27732033
   -0.01768817
    0.09975169
   -0.16377180
   -0.03695755
   -0.02706925
   -0.03063034
   -0.01962498
   -0.42725110
    0.09593045
    0.36801930
   -0.36081973
   -0.38570255
   -0.09949877
    0.27900701
   -0.02573303
   -0.02378422
   -0.02693206
   -0.02089101
   -0.03157911
    0.10302882
   -0.17223955
   -0.41693038
    0.05954241
    0.03904307
    0.04204906
    0.03947750
    0.03947323
    0.04124441
    0.04392911
    0.06389443
    0.07931653
    0.05791078
    0.04300438
    0.04162069
    0.04095002
    0.04523899
    0.04205629
    0.06617609
    0.06112755
    0.04932389
    0.05113840
    0.05741424
    0.07143848
    0.34370649
    0.04607281
    0.04922015
    0.05321081
    0.06370107
