           1           2   1.0528871680228038     
           2           3  0.98420900861270910     
           1           4   1.3859564095083139     
           4           5   1.4322818443871363     
           5           6   1.4457293983718769     
           4           7  0.10258548149233102     
           6           7   1.4247603839879552     
           1           8   1.3246957827733183     
           5           8  0.10674889765469009     
           7           8   1.4379657125198395     
           8           9  0.99139564418576642     
           9          10  0.95328080485116651     
          10          11  0.99187588195322562     
          11          12   1.4314312600745684     
          12          13   1.4305030017681626     
          11          14  0.10606747590337347     
          13          14   1.4392067890062072     
          12          15  0.10305771821864657     
          14          15   1.4378458745988676     
          11          16   1.3262794355686405     
          15          16   1.3773154738652247     
          16          17   1.0617110527791662     
          17          18  0.98085421057865418     
          10          19  0.95950265480466179     
          19          20   1.2487843586759468     
          20          21  0.96094958619101323     
          21          22   1.3738737076971110     
          22          23  0.97855878074562697     
          22          24   1.4035953487126855     
          21          25  0.10637407698323209     
          24          25   1.4420879681594529     
          25          26   1.4297920435723932     
          21          27   1.4004821195650268     
          24          27  0.10879544049700604     
          26          27   1.4459831517437385     
          19          28  0.19509294309250777     
          20          28   1.6507213527419913     
          19          29  0.97936110446510294     
          29          30  0.90835482075010732     
          30          31   1.1459010300780115     
          30          32   1.7777999242187528     
          31          32  0.17543530939350799     
           9          33  0.95435748149501953     
          29          33  0.98605984462326224     
          33          34   1.2229134370505554     
          34          35  0.95109566186823025     
          35          36   1.4049161398814181     
          36          37   1.4414875553574631     
          35          38  0.10819734283080010     
          37          38   1.4337520796373451     
          36          39  0.10913663320053640     
          38          39   1.4404527602407808     
          35          40   1.3791275740092845     
          37          40  0.10061550815573500     
          39          40   1.4061803909551354     
          40          41  0.97379955597375123     
          33          42  0.19630337829352740     
          34          42   1.6910124313544277     
           3          43  0.97910997500461905     
           3          44  0.97624356137107449     
           3          45  0.97646303673797263     
           4          46  0.96541480622306208     
           5          47  0.97084807555315422     
           6          48  0.97039436851698602     
           7          49  0.96710166992891089     
           9          50  0.95352784358814868     
          10          51  0.94504426895702731     
          12          52  0.96354013064775679     
          13          53  0.97030714607268298     
          14          54  0.97065020397665536     
          15          55  0.96530685369466662     
          18          56  0.97626499465268701     
          18          57  0.97547072666893431     
          18          58  0.97900078023378911     
          24          59  0.96616811846488260     
          25          60  0.96914477608154048     
          26          61  0.96887280735088499     
          27          62  0.96686732230851513     
          29          63  0.93962893523159097     
          31          64  0.85649807812982159     
          36          65  0.96739776274028699     
          37          66  0.96903025497353479     
          38          67  0.96881731047006503     
          39          68  0.96600087960606407     
