    0.14033960
   -0.26053781
    0.03806433
   -0.07085754
   -0.03384276
   -0.04088010
   -0.03491539
   -0.02481713
    0.03977909
    0.04254788
   -0.01542745
   -0.03079128
   -0.03982259
   -0.03056960
   -0.06344600
    0.14042452
   -0.27186240
    0.03643520
   -0.12751196
    0.27622199
   -0.01408102
   -0.05099618
   -0.04681185
   -0.02805991
    0.06496963
   -0.42348858
    0.09034933
    0.35303037
   -0.35555295
   -0.38342486
   -0.10913527
    0.27470906
   -0.01597220
   -0.03180283
   -0.04194583
   -0.01867132
   -0.01494471
   -0.41496709
    0.06907167
    0.04171155
    0.03855158
    0.03712311
    0.03704485
    0.04324968
    0.05392777
    0.09925337
    0.09180349
    0.02593406
    0.03496225
    0.03813870
    0.04046787
    0.06320027
    0.04363629
    0.04359636
    0.02522905
    0.04040377
    0.05317721
    0.07268991
    0.34373235
    0.06042010
    0.04787056
    0.05306981
