           1           2   1.0738244015786538     
           2           3  0.98343702305215952     
           1           4   1.3835706145724871     
           4           5   1.4281111213962239     
           5           6   1.4510183669693888     
           4           7  0.10057331542131567     
           6           7   1.4150280030731970     
           1           8   1.3079952414633487     
           5           8  0.10516380259291849     
           7           8   1.4459612279279275     
           8           9  0.98862590644413562     
           9          10  0.96105197449521440     
          10          11  0.98826648255298155     
          11          12   1.4468721704449519     
          12          13   1.4164100673875737     
          11          14  0.10610111275414996     
          13          14   1.4507251419943301     
          12          15  0.10065387229128506     
          14          15   1.4282538420760305     
          11          16   1.3155213330609494     
          15          16   1.3881949199971033     
          16          17   1.0616612444147420     
          17          18  0.98308221680193508     
          10          19  0.96182983679289624     
          19          20   1.1847954121383792     
          20          21   1.0127367271118974     
          21          22   1.5489406489811079     
          22          23   1.2961499309535616     
          21          24  0.10706093698176680     
          23          24   1.5980876873321266     
          21          25   1.1754765584564113     
          24          25   1.2302685724261975     
          19          26  0.18041896226537160     
          20          26   1.6725462570288412     
          19          27  0.97738043573255096     
          27          28  0.91409720645124437     
          28          29   1.1541668060339239     
          28          30   1.7793217464971509     
          29          30  0.17912766928587523     
           9          31  0.94758417272939321     
          27          31  0.99860915818218265     
          31          32   1.1820412727593497     
          32          33   1.0165080459107494     
          33          34   1.5562954174086685     
          34          35   1.2936636613893131     
          33          36  0.11225503426802592     
          35          36   1.6076948180591182     
          33          37   1.1473241053272722     
          36          37   1.2106916537520114     
          31          38  0.17912855229990912     
          32          38   1.6739073967262981     
           3          39  0.97862058030911503     
           3          40  0.97619446189021342     
           3          41  0.97645936396622823     
           4          42  0.96564539886367240     
           5          43  0.97089163748713359     
           6          44  0.97040646001317121     
           7          45  0.96219463445160203     
           9          46  0.94248656395185937     
          10          47  0.93923986371862589     
          12          48  0.96710022782973681     
          13          49  0.97103153078947191     
          14          50  0.97099693334990766     
          15          51  0.96546719711407758     
          18          52  0.97947160298904601     
          18          53  0.97641293330494161     
          18          54  0.97653899034514235     
          22          55  0.96210676625157776     
          23          56  0.96558332125109847     
          24          57  0.97015843434469407     
          27          58  0.92379984754412547     
          29          59  0.85550268963903464     
          34          60  0.96215074269129397     
          35          61  0.96397062677796719     
          36          62  0.96920373468412679     
