   -0.03253311
   -0.02717759
   -0.03129055
   -0.02859609
   -0.03820277
    0.00201840
    0.03712417
    0.03403291
    0.00013526
   -0.02771801
   -0.02544545
   -0.02895919
   -0.02664834
   -0.03424977
   -0.11619534
    0.27144074
   -0.01729418
   -0.03164930
   -0.03404293
    0.01246182
    0.02559474
   -0.10599668
   -0.10912938
   -0.10664993
   -0.03734102
   -0.02337822
   -0.43918328
    0.09258188
    0.35730795
   -0.35674945
   -0.38839778
   -0.12391530
    0.27128522
   -0.02475382
   -0.03753902
   -0.03588137
    0.01596150
    0.02585279
   -0.10662266
   -0.10943950
   -0.10627692
   -0.03289590
   -0.02226869
   -0.42406033
    0.04116684
    0.03922880
    0.03543897
    0.03511182
    0.03050036
    0.08604103
    0.05442420
    0.03383790
    0.04019855
    0.03704235
    0.03516562
    0.02962171
    0.03135433
    0.03544835
    0.03975212
    0.03616406
    0.03433721
    0.03644464
    0.03802653
    0.03885580
    0.03985295
    0.03636373
    0.03743899
    0.04418904
    0.03994097
    0.09661206
    0.34066714
    0.05268709
    0.04700069
    0.03915064
    0.03699410
    0.03746038
    0.03799801
    0.03743770
    0.03857914
    0.03774622
    0.03920516
    0.03543653
    0.03715079
    0.04461199
