           1           2   1.4383297369742936     
           2           3   1.4438257911978294     
           1           4  0.11027716757501652     
           3           4   1.4334910831460119     
           2           5  0.11203079589344936     
           4           5   1.4498953206599399     
           1           6   1.4173127533325058     
           3           6  0.10932025375336871     
           5           6   1.4052154412838846     
           6           7  0.98954517930159624     
           7           8  0.94560440983615657     
           8           9  0.99259109873052065     
           9          10   1.4072598392510962     
          10          11   1.4495553333858757     
           9          12  0.10934905739936557     
          11          12   1.4346196325855378     
          10          13  0.11130221876145174     
          12          13   1.4408449983697103     
           9          14   1.4141133572921656     
          11          14  0.10966483013144590     
          13          14   1.4417301508387113     
           8          15  0.96449684904769284     
          15          16   1.2079319218488249     
          16          17  0.97274213013622934     
          17          18   1.3904719115001147     
          18          19   1.4591419739631983     
          17          20  0.10665600684329631     
          19          20   1.3999524711730646     
          20          21  0.98536157644312716     
          21          22  0.98682237409704543     
          21          23   1.0000456903636850     
          21          24  0.98605674125846121     
          18          25  0.10591002337710098     
          20          25   1.4161153129752770     
          17          26   1.4053140464235221     
          19          26  0.10817689386075049     
          25          26   1.4430311780397567     
          15          27  0.18750762263973769     
          16          27   1.6768947289332532     
          15          28  0.98056758337024408     
          28          29  0.91566905997431247     
          29          30   1.1594023389874411     
          29          31   1.7737707288229503     
          30          31  0.18128996325192456     
           7          32  0.97238655876789393     
          28          32  0.98566985579186339     
          32          33   1.1647873583768593     
          33          34  0.99679747982633704     
          34          35   1.3937241892102934     
          35          36   1.4443448013109457     
          34          37  0.10290284596897602     
          36          37   1.4155323034687970     
          37          38  0.98603932658480709     
          38          39  0.98609081417005084     
          38          40  0.99998957400513455     
          38          41  0.98580339378683624     
          35          42  0.10642601661166641     
          37          42   1.3962790958123961     
          34          43   1.3806595921114913     
          36          43  0.10456770590813910     
          42          43   1.4655169949566822     
          32          44  0.17508810372351044     
          33          44   1.6907936550616214     
           1          45  0.96643434132811945     
           2          46  0.97050296810559933     
           3          47  0.97113179017072837     
           4          48  0.97081824758948776     
           5          49  0.96743707966441139     
           7          50  0.93782363397770996     
           8          51  0.95214726833124119     
          10          52  0.96873678626819415     
          11          53  0.97052250471819890     
          12          54  0.97109096716232313     
          13          55  0.96917434412767556     
          14          56  0.96796110691166926     
          18          57  0.96897108263154819     
          19          58  0.96418475181068375     
          22          59  0.98430351664757298     
          22          60  0.98352497781049797     
          22          61  0.98499734411133144     
          23          62  0.98464461518233115     
          23          63  0.98438902192253419     
          23          64  0.98424414397932558     
          24          65  0.98423096628929196     
          24          66  0.98667146518841053     
          24          67  0.98363959281028590     
          25          68  0.96434093758277750     
          26          69  0.96930555920687023     
          28          70  0.93091622115585648     
          30          71  0.85782060081426148     
          35          72  0.96293404327023990     
          36          73  0.96419801549221207     
          39          74  0.98423653094388464     
          39          75  0.98663498002874839     
          39          76  0.98347714113528706     
          40          77  0.98429417603169167     
          40          78  0.98440855749092471     
          40          79  0.98453733924868525     
          41          80  0.98354751228731918     
          41          81  0.98422835802456654     
          41          82  0.98673191379353808     
          42          83  0.96413458859385170     
          43          84  0.96843442066055019     
