   -0.03296294
   -0.02915296
   -0.02842195
   -0.03780029
    0.01441631
    0.01839016
   -0.03313482
   -0.02772816
   -0.03497885
    0.00864906
    0.04686634
    0.04285562
    0.00272282
   -0.03627891
   -0.03134455
   -0.03408428
    0.01598986
    0.01656114
   -0.02780423
   -0.02659222
   -0.02762839
   -0.03323651
   -0.12914815
    0.27332523
   -0.04774204
    0.08121378
   -0.16014091
    0.18161061
   -0.10160318
   -0.07966786
   -0.41219116
    0.09082125
    0.35366985
   -0.35234384
   -0.38287698
   -0.12682298
    0.28070318
   -0.04838894
    0.08067676
   -0.16194616
    0.18205539
   -0.09980552
   -0.07904963
   -0.39418084
    0.03470157
    0.03285174
    0.03362833
    0.03511750
    0.03760807
    0.03642528
    0.03793293
    0.05001215
    0.06178234
    0.02636074
    0.03353422
    0.03774760
    0.04021373
    0.03601040
    0.03463785
    0.03503085
    0.08315344
    0.06385694
    0.06869262
    0.34800484
    0.08142906
    0.07779771
