           1           2   1.5542818862882271     
           2           3   1.3257379887727498     
           1           4  0.11844710789256577     
           3           4   1.5507996242385302     
           4           5   1.2884760617462370     
           1           6   1.2819392427730767     
           5           6   1.2575242805475177     
           6           7   1.2731374896780869     
           7           8   1.5611940162870170     
           8           9   1.3173430819197971     
           5          10   1.2412364650452448     
           7          10  0.11410112743874851     
           9          10   1.5333295656917363     
          10          11  0.99573044688320445     
          11          12  0.96077227065827275     
          12          13  0.99429872693775834     
          13          14   1.5212430290797156     
          14          15   1.3292512098455536     
          13          16  0.11497306831966878     
          15          16   1.5501638159363098     
          16          17   1.2814988008276955     
          13          18   1.2532020624497908     
          17          18   1.2512188385748111     
          18          19   1.2818905969359649     
          19          20   1.5541097858205457     
          20          21   1.3216119802734940     
          17          22   1.2786083951851372     
          19          22  0.11842451256269698     
          21          22   1.5578057918646222     
          12          23  0.93882457634320915     
          23          24   1.1971588014978165     
          24          25  0.99449242093341550     
          25          26   1.5508710498687213     
          26          27   1.1429893310620987     
          26          28  0.12976609638937192     
          27          28   1.1241594908520161     
          28          29   1.0165772296078748     
          25          30   1.2463158815797859     
          28          30   1.5637311125770268     
          23          31  0.18659100768993861     
          24          31   1.6880560719477824     
          23          32  0.97839142523918166     
          32          33  0.91793359170895561     
          33          34   1.1620195875999317     
          33          35   1.7757229692408778     
          34          35  0.18376906152034631     
          11          36  0.94605278341782872     
          32          36  0.98818678292131235     
          36          37   1.1657336664421476     
          37          38  0.99337071345715788     
          38          39   1.5530736568906089     
          39          40   1.1427629012696612     
          39          41  0.12820531532173682     
          40          41   1.1203202250981057     
          41          42   1.0169886014847378     
          38          43   1.2409233754409987     
          41          43   1.5691846767962701     
          36          44  0.17671870280742646     
          37          44   1.7160010493542850     
           1          45  0.96806207081146756     
           2          46  0.97076097493745195     
           3          47  0.97098217027524203     
           4          48  0.96453744285417975     
           7          49  0.96779698884884136     
           8          50  0.97034126740639137     
           9          51  0.96158183444239542     
          11          52  0.93906859101762064     
          12          53  0.94581843145391364     
          14          54  0.96401019407321209     
          15          55  0.97041969514766246     
          16          56  0.96772805682926877     
          19          57  0.95747713565114845     
          20          58  0.97075485014944296     
          21          59  0.97057533970073218     
          22          60  0.96788184354014672     
          26          61  0.96129978195511601     
          30          62  0.96770928057265593     
          32          63  0.92777379695826734     
          34          64  0.85199775349148998     
          39          65  0.96153072720711596     
          43          66  0.96653170541819111     
