   -0.03009219
   -0.03157680
    0.01480984
   -0.03310234
   -0.02950985
   -0.02943723
   -0.03422773
    0.01581595
   -0.03892730
    0.01194559
    0.04753222
    0.04706062
    0.01433627
   -0.03691246
    0.01610517
   -0.03434260
   -0.02904710
   -0.02926969
   -0.03300006
    0.01518630
   -0.03093557
   -0.02912591
   -0.11761290
    0.27379790
   -0.03119960
    0.01611404
   -0.10621900
   -0.03726225
   -0.02664362
   -0.02551219
   -0.02094877
   -0.41450969
    0.08996322
    0.34891676
   -0.35533630
   -0.38813847
   -0.11887436
    0.27334979
   -0.03225677
   -0.02782701
   -0.02959758
   -0.02418321
   -0.03319923
    0.01802836
   -0.10720359
   -0.41583553
    0.03341198
    0.03853035
    0.03365329
    0.03172042
    0.03081056
    0.02832076
    0.03852007
    0.05123143
    0.05250953
    0.03010547
    0.03042161
    0.03164203
    0.03200074
    0.03379868
    0.03897594
    0.03414772
    0.04723300
    0.05417780
    0.03718436
    0.03671891
    0.03874888
    0.04097946
    0.03106116
    0.06685276
    0.34159326
    0.03369823
    0.03745414
    0.04034156
    0.04121444
    0.05726179
    0.03873121
    0.04585333
