           1           2   1.5606426707258538     
           2           3   1.2783219369331515     
           3           4   1.2811982441957133     
           4           5   1.5570501227548927     
           5           6   1.3198836574783084     
           4           7  0.11805116570968312     
           6           7   1.5586082694487018     
           3           8   1.2493486447761024     
           7           8   1.2777830833445940     
           2           9  0.11571349987674903     
           8           9   1.2851334126426190     
           1          10   1.2972692871043117     
           9          10   1.5221025000472934     
          10          11  0.99149676440317858     
          11          12  0.95176414200542592     
          12          13  0.99261168973908331     
          13          14   1.5198645424717447     
          14          15   1.2862955047855043     
          15          16   1.2775092492151210     
          16          17   1.5586894372522841     
          17          18   1.3197979611019934     
          16          19  0.11810501053555553     
          18          19   1.5570836422455976     
          15          20   1.2486646453942045     
          19          20   1.2811464666641925     
          14          21  0.11554079733193003     
          20          21   1.2788406751573924     
          13          22   1.2977510977584776     
          21          22   1.5600407793923290     
          12          23  0.95241510794313888     
          23          24   1.1938720039076574     
          24          25  0.95602608685793289     
          25          26   1.3747824173038894     
          26          27   1.0245426667084454     
          26          28   1.4174641748812753     
          25          29  0.10913786743704595     
          28          29   1.4408356994848683     
          26          30  0.10829481135820430     
          29          30   1.4390725497971508     
          25          31   1.4150030180449169     
          28          31  0.10895280450281553     
          30          31   1.4371580208996457     
          23          32  0.18733094733624833     
          24          32   1.7062310968879690     
          23          33  0.98634665090232243     
          33          34  0.90746512335741680     
          34          35   1.1529321537693162     
          34          36   1.7809084174537595     
          35          36  0.18108582377721213     
          11          37  0.95337271115483602     
          33          37  0.98713469532242437     
          37          38   1.1981686009423984     
          38          39  0.95381989279117607     
          39          40   1.3964035669403554     
          40          41   1.4482248076662265     
          39          42  0.10624146016817382     
          41          42   1.4283694562216518     
          40          43  0.11068464498191108     
          42          43   1.4524559605841603     
          39          44   1.3887669747704474     
          41          44  0.10764718565076407     
          43          44   1.4069020644702241     
          44          45   1.0239859864640659     
          37          46  0.19075692525263066     
          38          46   1.7035015712692920     
           1          47  0.96799850458920356     
           2          48  0.96766985667962868     
           4          49  0.96832899509935677     
           5          50  0.97106990419095240     
           6          51  0.97109114990422052     
           7          52  0.96856927297720885     
           9          53  0.96171588872473568     
          11          54  0.95254059980890626     
          12          55  0.95314720092927352     
          14          56  0.96359792292243507     
          16          57  0.96844916540988080     
          17          58  0.97105498903331888     
          18          59  0.97104610632532873     
          19          60  0.96831565526259400     
          21          61  0.96764264672196054     
          22          62  0.96786639900386162     
          27          63  0.98401092510508792     
          27          64  0.97358862730273232     
          27          65  0.96701313569845770     
          28          66  0.96776396322289426     
          29          67  0.97068602287162409     
          30          68  0.96982275375036575     
          31          69  0.97011153105385972     
          33          70  0.93994065898057833     
          35          71  0.85690919404188137     
          40          72  0.96951002362003313     
          41          73  0.96992573774155733     
          42          74  0.97052152530696723     
          43          75  0.96859887108068454     
          45          76  0.97119061292379061     
          45          77  0.98335871232219030     
          45          78  0.97016783771912196     
