   -0.03334581
   -0.02661208
   -0.02515880
   -0.03801086
    0.01200871
    0.01653856
   -0.03431724
   -0.03520627
   -0.04272997
   -0.01040910
    0.03634656
    0.03977196
   -0.00127868
   -0.03039086
   -0.02914718
   -0.03344612
    0.01827825
    0.01013340
   -0.03635316
   -0.02683095
   -0.02759690
   -0.03198814
   -0.11663432
    0.27523079
   -0.01124556
   -0.03802811
   -0.02718985
   -0.04630719
    0.17395307
   -0.21872878
   -0.03905222
   -0.41400214
    0.08830624
    0.35224453
   -0.35961726
   -0.38462409
   -0.11300773
    0.27626078
   -0.01522782
   -0.05590174
    0.17316454
   -0.21939125
   -0.04626913
   -0.02625036
   -0.02708803
   -0.41286857
    0.03481300
    0.03482745
    0.03761515
    0.05458624
    0.03729035
    0.03383645
    0.03775766
    0.08708015
    0.07842393
    0.01389157
    0.03172564
    0.03808281
    0.02967511
    0.03476452
    0.03529505
    0.03662217
    0.03485794
    0.05174124
    0.06634727
    0.07495526
    0.06939101
    0.34834690
    0.07868340
    0.06521297
    0.05479635
    0.06139933
