           1           2   1.5549497497173410     
           2           3   1.3252506095637548     
           1           4  0.11894751588736643     
           3           4   1.5513697967515481     
           4           5   1.2868695663450294     
           1           6   1.2805503355270964     
           5           6   1.2550381124150503     
           6           7   1.2760080304226737     
           7           8   1.5584749349755955     
           8           9   1.3185567657154280     
           5          10   1.2451968180492019     
           7          10  0.11272775954950494     
           9          10   1.5267317335340957     
          10          11  0.98640511104941397     
          11          12  0.95813318880297627     
          12          13  0.98532355241448233     
          13          14   1.5313592142503212     
          14          15   1.3194333321803562     
          13          16  0.11392301990662100     
          15          16   1.5588072428637234     
          16          17   1.2755401723361470     
          13          18   1.2469890523830329     
          17          18   1.2559102293947622     
          18          19   1.2851247592930641     
          19          20   1.5533379323246375     
          20          21   1.3237587651098646     
          17          22   1.2806025759216448     
          19          22  0.11846745069637536     
          21          22   1.5560704832892145     
          12          23  0.95865877650237574     
          23          24   1.2112026009035251     
          24          25  0.96192225488299021     
          25          26   1.4025371678148233     
          26          27   1.4418205060869653     
          25          28  0.10856393023965069     
          27          28   1.4392013456084642     
          28          29   1.3943492756465690     
          29          30  0.96387141724073189     
          25          31   1.4078680250098390     
          27          31  0.10969850690120722     
          29          31   1.4006757449803648     
          23          32  0.19323167829289650     
          24          32   1.6936198430244258     
          23          33  0.98020060295882494     
          33          34  0.91386094761405579     
          34          35   1.1587505413736643     
          34          36   1.7738983248355027     
          35          36  0.18059348047590995     
          11          37  0.94587744810116159     
          33          37  0.99623908991437726     
          37          38   1.1899827145853483     
          38          39  0.97670001852306387     
          39          40   1.3958253920793200     
          40          41   1.4015646045573427     
          41          42  0.96349415766136237     
          39          43  0.10629451583088656     
          41          43   1.3928118583740245     
          40          44  0.10918331496054152     
          43          44   1.4390616736750128     
          39          45   1.3998456538632464     
          44          45   1.4433704987727303     
          37          46  0.18416901088695020     
          38          46   1.6942459808081438     
           1          47  0.96800277312759664     
           2          48  0.97057185968188153     
           3          49  0.97069307680872519     
           4          50  0.95959173217474247     
           7          51  0.96770457898474438     
           8          52  0.97049874217767873     
           9          53  0.96304266695830998     
          11          54  0.94491344613805839     
          12          55  0.94159233935029363     
          14          56  0.96459418350492854     
          15          57  0.97053563781966412     
          16          58  0.96787011217325158     
          19          59  0.96558996043811607     
          20          60  0.97087846144250589     
          21          61  0.97063045039320572     
          22          62  0.96794454508345207     
          26          63  0.96481140151140821     
          27          64  0.96911096324447465     
          28          65  0.96629742229306170     
          31          66  0.96382623029387016     
          33          67  0.92283280470409645     
          35          68  0.85186599021065001     
          40          69  0.95959779144031121     
          43          70  0.96639842926654196     
          44          71  0.96869535156047948     
          45          72  0.96689003858560763     
