   -0.03187556
   -0.02832556
   -0.02978226
   -0.04138203
    0.01026726
    0.01648281
   -0.03290731
   -0.02636169
   -0.02747501
    0.00099038
    0.04807843
    0.03618172
   -0.01343933
   -0.04043799
   -0.03071689
   -0.03529313
    0.01269510
    0.00372124
   -0.03899261
   -0.02851934
   -0.02914356
   -0.03312271
   -0.10841496
    0.27368026
   -0.00126673
   -0.01978245
   -0.01931837
   -0.01961253
   -0.02084367
    0.48578751
   -0.20423241
   -0.20281185
   -0.20798652
   -0.01509710
   -0.41604088
    0.09680702
    0.36416236
   -0.36489821
   -0.38310378
   -0.11587698
    0.27156952
   -0.00951839
   -0.02226769
   -0.01760700
    0.48618048
   -0.20109323
   -0.20870563
   -0.20980521
   -0.01633215
   -0.01452227
   -0.01046630
   -0.40646091
    0.03750804
    0.03701900
    0.03574442
    0.02468862
    0.04038459
    0.04081160
    0.03694205
    0.06141443
    0.05620732
    0.04905446
    0.04538565
    0.04834426
    0.02807512
    0.03774392
    0.04055176
    0.04704979
    0.05378362
    0.06082562
    0.06442039
    0.07194622
    0.06689565
    0.34469412
    0.05697225
    0.06873652
    0.06314160
    0.05889509
