           1           2   1.5570263855537605     
           2           3   1.3222555794850979     
           1           4  0.11769830017508598     
           3           4   1.5535333063828887     
           4           5   1.2830427978460968     
           1           6   1.2801835920497655     
           5           6   1.2518170881110176     
           6           7   1.2793962242517929     
           7           8   1.5528141827581183     
           8           9   1.3271226731013197     
           5          10   1.2538296880226005     
           7          10  0.11467961417082187     
           9          10   1.5228763154892946     
          10          11  0.98982519665660174     
          11          12  0.95337120190545077     
          12          13  0.99019251431366251     
          13          14   1.5148171603870897     
          14          15   1.3327654726842042     
          13          16  0.11470123810420169     
          15          16   1.5461090650019484     
          16          17   1.2823843814598623     
          13          18   1.2564699814044509     
          17          18   1.2498991683855092     
          18          19   1.2822744029758091     
          19          20   1.5546263064234875     
          20          21   1.3212734797014796     
          17          22   1.2778790940634170     
          19          22  0.11823569006351561     
          21          22   1.5577953096912709     
          12          23  0.95281203439042650     
          23          24   1.2304570700299151     
          24          25  0.96614908757316953     
          25          26   1.4044147106773388     
          26          27   1.4404617209686121     
          25          28  0.10816112546326932     
          27          28   1.4423972127178144     
          26          29  0.10467480956238030     
          28          29   1.4047524255694621     
          29          30  0.95077819909781958     
          30          31  0.94421909123597958     
          30          32  0.95322868252606596     
          30          33  0.94277813269208788     
          25          34   1.4008119290396848     
          27          34  0.10914170896477297     
          29          34   1.4246083500392988     
          23          35  0.19173894598673419     
          24          35   1.6639804918664589     
          23          36  0.97994726165098989     
          36          37  0.90673178682589328     
          37          38   1.1406775882248119     
          37          39   1.7806407078686142     
          38          39  0.17409357342441725     
          11          40  0.95176142146996667     
          36          40  0.98342816140046940     
          40          41   1.2017951488303733     
          41          42  0.96167847866700262     
          42          43   1.4068906128929732     
          43          44   1.4169975621646929     
          44          45  0.95100167848541661     
          45          46  0.95478587259255288     
          45          47  0.94485548214958537     
          45          48  0.93786377800869825     
          42          49  0.10802162297779787     
          44          49   1.4118244322486901     
          43          50  0.11093307772227774     
          49          50   1.4393032003438253     
          42          51   1.4060581361475277     
          44          51  0.10579172136300354     
          50          51   1.4428662191483470     
          40          52  0.19175383917120584     
          41          52   1.7026693225643805     
           1          53  0.96777629015667754     
           2          54  0.97049369109163597     
           3          55  0.97072124359501788     
           4          56  0.96297097643484275     
           7          57  0.96758798473985419     
           8          58  0.96979943661036994     
           9          59  0.96708794643152918     
          11          60  0.95033385886799893     
          12          61  0.94505882005461239     
          14          62  0.96250996252367793     
          15          63  0.96944307579700162     
          16          64  0.96680217142529934     
          19          65  0.96016809840790607     
          20          66  0.97057372007916876     
          21          67  0.97014771798222188     
          22          68  0.96693266774150022     
          26          69  0.96793047811524624     
          27          70  0.96763650253417233     
          28          71  0.96707139142784526     
          34          72  0.96410630436490363     
          36          73  0.94052560176415545     
          38          74  0.85602668034599150     
          43          75  0.96391399699282121     
          49          76  0.96627504728417202     
          50          77  0.96750163257664901     
          51          78  0.96793466493926905     
