   -0.03330757
   -0.02863882
   -0.02776519
   -0.03399839
    0.01055220
    0.01645269
   -0.03480348
   -0.02765620
   -0.03063921
    0.00251442
    0.05052056
    0.04136831
   -0.01338196
   -0.03278219
   -0.02624053
   -0.03352240
    0.01497931
    0.00512900
   -0.03708684
   -0.02840938
   -0.02848861
   -0.03307633
   -0.10906299
    0.28245408
   -0.03342942
    0.07633392
   -0.10906706
    0.03491710
   -0.02614050
   -0.04299753
   -0.41853325
    0.09826219
    0.36625854
   -0.35359359
   -0.39275897
   -0.11225955
    0.28074059
   -0.04084493
    0.07216533
   -0.12221026
    0.04048159
   -0.02943554
   -0.04055374
   -0.40370714
    0.03595851
    0.03416933
    0.03232231
    0.02555520
    0.03727485
    0.03752045
    0.04163813
    0.06330007
    0.05385293
    0.03970217
    0.04827113
    0.04262125
    0.02525982
    0.03426716
    0.03706948
    0.03977499
    0.06284448
    0.05554184
    0.07368437
    0.34800532
    0.06246914
    0.06015881
