           1           2   1.5574463744769571     
           2           3   1.3220041871892110     
           1           4  0.11847837325236223     
           3           4   1.5548517028940294     
           4           5   1.2828195776269273     
           1           6   1.2792700257596603     
           5           6   1.2522328250001200     
           6           7   1.2797314914294180     
           7           8   1.5531700506722370     
           8           9   1.3260860843626274     
           5          10   1.2531459005539096     
           7          10  0.11446732565623870     
           9          10   1.5249707417402507     
          10          11  0.98702246417230866     
          11          12  0.95150590441547422     
          12          13  0.98757405936297693     
          13          14   1.5221868009177109     
          14          15   1.3260401012226293     
          13          16  0.11356219266867111     
          15          16   1.5518691736617813     
          16          17   1.2796610327698428     
          13          18   1.2521114006993683     
          17          18   1.2524543431024751     
          18          19   1.2827073935155200     
          19          20   1.5542520672853777     
          20          21   1.3219402673055549     
          17          22   1.2786128545654925     
          19          22  0.11841563207507173     
          21          22   1.5575716272744196     
          12          23  0.95575543870261137     
          23          24   1.2288741314868163     
          24          25  0.95286278927255519     
          25          26   1.5421539309644337     
          26          27   1.0245086328148216     
          26          28   1.1701047425988080     
          26          29  0.10367640885602111     
          28          29   1.1948398452464921     
          25          30   1.2381092680456500     
          29          30   1.6281695265559319     
          23          31  0.19507551000377329     
          24          31   1.6770399227055386     
          23          32  0.97578704374937508     
          32          33  0.90702872841645099     
          33          34   1.1653830491520101     
          33          35   1.7670786022123799     
          34          35  0.17978884781512652     
          11          36  0.95516127496287362     
          32          36  0.98755658279230174     
          36          37   1.2142699136647150     
          37          38  0.94794525628704607     
          38          39   1.5430271913971714     
          39          40   1.0175425357445131     
          39          41   1.1706734671220209     
          39          42  0.10503418325037110     
          41          42   1.1946118373420587     
          38          43   1.2381948885013765     
          42          43   1.6296743820245514     
          36          44  0.19806773041985026     
          37          44   1.7023806597513107     
           1          45  0.96795108535381458     
           2          46  0.97066039546140359     
           3          47  0.97102625935455933     
           4          48  0.96245419621095751     
           7          49  0.96785456399741954     
           8          50  0.97020624613595996     
           9          51  0.96537895505739291     
          11          52  0.94755398543120251     
          12          53  0.94628124860440532     
          14          54  0.96740761701065314     
          15          55  0.96907485417820427     
          16          56  0.96740124703978858     
          19          57  0.96101676804322966     
          20          58  0.97084853134258253     
          21          59  0.97042906516046057     
          22          60  0.96764361743727001     
          29          61  0.96772455838543303     
          30          62  0.96085389839589253     
          32          63  0.94006644710032894     
          34          64  0.85256694378039655     
          42          65  0.96775157387500454     
          43          66  0.96105889209212503     
