   -0.03369474
   -0.02894100
   -0.02834041
   -0.03714937
    0.00798530
    0.01589679
   -0.03546781
   -0.02842948
   -0.02964457
   -0.00114118
    0.04506268
    0.03849601
   -0.00826346
   -0.03101824
   -0.03065947
   -0.03492077
    0.01408586
    0.00589675
   -0.03767132
   -0.02567664
   -0.02717138
   -0.03295335
   -0.09843691
    0.26683305
    0.09680460
   -0.05899038
   -0.01020244
   -0.03356984
   -0.03633238
   -0.03251958
   -0.04999233
    0.12742262
   -0.20756373
   -0.42687441
    0.08908352
    0.35606802
   -0.35145665
   -0.38578069
   -0.11736593
    0.27055626
    0.09271658
   -0.07224344
   -0.00871452
    0.12938035
   -0.04756037
   -0.03247431
   -0.03636578
   -0.03443882
   -0.18039545
   -0.39974771
    0.03590686
    0.03407007
    0.03235273
    0.02872106
    0.03770887
    0.03808221
    0.03082874
    0.07522923
    0.06124703
    0.03511250
    0.03655938
    0.03896697
    0.03210629
    0.03692564
    0.03745824
    0.03694684
    0.05534085
    0.04350762
    0.04177019
    0.04374491
    0.04800410
    0.09930284
    0.34381360
    0.04047972
    0.05090666
    0.04140685
    0.03855260
    0.04082786
