           1           2   1.5551878985885297     
           2           3   1.3245187134899670     
           1           4  0.11834058002394571     
           3           4   1.5519035094495139     
           4           5   1.2859738259801587     
           1           6   1.2810703720635495     
           5           6   1.2548325126073037     
           6           7   1.2758119249867412     
           7           8   1.5587644832411627     
           8           9   1.3192900394993132     
           5          10   1.2471225140837843     
           7          10  0.11429985437190408     
           9          10   1.5328864330438028     
          10          11  0.98520737667370994     
          11          12  0.94553402152977173     
          12          13  0.99203791514823114     
          13          14   1.5165174398643662     
          14          15   1.3273374242766629     
          13          16  0.11422061248089142     
          15          16   1.5514152598555371     
          16          17   1.2792452985145648     
          13          18   1.2516925471807099     
          17          18   1.2513967995122013     
          18          19   1.2848294569643677     
          19          20   1.5526480367044599     
          20          21   1.3234530629763677     
          17          22   1.2802845945582231     
          19          22  0.11803747302081487     
          21          22   1.5560563807624457     
          12          23  0.96030451821288043     
          23          24   1.2110271951343443     
          24          25  0.99059315688569416     
          25          26   1.6006917749515042     
          26          27   1.2126442593852005     
          27          28   1.3275631110136741     
          28          29   1.5038456696719154     
          29          30   1.3795172783856628     
          28          31  0.11514917978503682     
          30          31   1.4829896489321848     
          27          32   1.2696371361606347     
          31          32   1.3525394914721884     
          25          33   1.0807295052701331     
          32          33   1.0839715535807810     
          23          34  0.19247580217105612     
          24          34   1.6633588666677197     
          23          35  0.99174740451997445     
          35          36  0.90656950651768498     
          36          37   1.1645382510249334     
          36          38   1.7774948199403817     
          37          38  0.18493534223508931     
          11          39  0.96370591372833947     
          35          39  0.98114548487250497     
          39          40   1.1946500349532980     
          40          41  0.97021549264026063     
          41          42   1.5985936318428386     
          42          43   1.2109482153212394     
          43          44   1.2708228434443152     
          44          45   1.3486536524190205     
          45          46   1.4870038332037296     
          46          47   1.3776381749227113     
          43          48   1.3264763609605408     
          45          48  0.11620623879743436     
          47          48   1.5054037838653485     
          41          49   1.1014685083752151     
          44          49   1.0914267780515532     
          39          50  0.19361520305522084     
          40          50   1.6987079266480629     
           1          51  0.96796118131714981     
           2          52  0.97066456434164539     
           3          53  0.97096704350781349     
           4          54  0.96219060154927027     
           7          55  0.96773294314510561     
           8          56  0.97019644287022355     
           9          57  0.96329023467808861     
          11          58  0.94561610596189061     
          12          59  0.95312663334785896     
          14          60  0.96657630868064148     
          15          61  0.96999552061179040     
          16          62  0.96765404595825144     
          19          63  0.96409891009268600     
          20          64  0.97068950079860994     
          21          65  0.97043588043673723     
          22          66  0.96780028178842514     
          26          67  0.97158295236467218     
          28          68  0.96890056468652030     
          29          69  0.97059324236958189     
          30          70  0.97091163789081780     
          31          71  0.96729471671834522     
          35          72  0.92651276803980687     
          37          73  0.85541137307368476     
          42          74  0.96998158145206037     
          45          75  0.96709936011907893     
          46          76  0.97107237641618871     
          47          77  0.97084877330040542     
          48          78  0.96913164952510100     
