   -0.02980624
   -0.02641712
   -0.02818927
   -0.02452038
   -0.02687307
    0.01531514
    0.04537034
    0.04542336
    0.01183541
   -0.02928503
   -0.02605234
   -0.02888166
   -0.02642768
   -0.03363378
   -0.11970223
    0.27408862
   -0.08537400
    0.02363535
   -0.02777154
   -0.02671464
   -0.03048469
   -0.02876694
   -0.03455192
   -0.41013081
    0.08579474
    0.34875808
   -0.37283100
   -0.37451582
   -0.11723873
    0.27473585
   -0.09774345
    0.01260901
   -0.04353643
   -0.03073201
   -0.03126329
   -0.02715080
   -0.03591551
   -0.41325014
    0.02798519
    0.03468331
    0.03658285
    0.03890435
    0.03713270
    0.05716092
    0.05529944
    0.03200011
    0.03593034
    0.03456685
    0.03586315
    0.05045195
    0.04312389
    0.05098254
    0.03358437
    0.03399821
    0.03223615
    0.03211207
    0.02784217
    0.07189676
    0.34232021
    0.05427972
    0.07504766
    0.02891665
    0.03247623
    0.03481932
    0.03601343
    0.04398410
