           1           2   1.4501097380777188     
           2           3   1.4341091438972930     
           1           4  0.11172823251245370     
           3           4   1.4423665939874608     
           2           5  0.11004478707679119     
           4           5   1.4405933735676264     
           1           6   1.4061872231686217     
           3           6  0.10946006027184552     
           5           6   1.4168457839985755     
           6           7  0.99194570552681616     
           7           8  0.95421654796420052     
           8           9  0.99009314808357363     
           9          10   1.4131132794332495     
          10          11   1.4440427427465155     
           9          12  0.10927149446896145     
          11          12   1.4392266789360519     
          10          13  0.11110823862055084     
          12          13   1.4382566004958757     
           9          14   1.4122300463144046     
          11          14  0.11176674689180939     
          13          14   1.4453568595774386     
           8          15  0.95149592429725205     
          15          16   1.1997081700460392     
          16          17  0.94953770204109889     
          17          18   1.0082758312652054     
          18          19   1.4089345773028670     
          19          20   1.4497915782218342     
          18          21  0.10962755194642398     
          20          21   1.4351583949253885     
          19          22  0.11264172953706046     
          21          22   1.4427365814491129     
          18          23   1.4202686997443121     
          20          23  0.11045044713101251     
          22          23   1.4396616664554722     
          15          24  0.18632075303135584     
          16          24   1.7158310841648114     
          15          25  0.99245048973931804     
          25          26  0.90461911794167715     
          26          27   1.1377071984894946     
          26          28   1.7895038895992150     
          27          28  0.17987255824359016     
           7          29  0.95154944046314827     
          25          29  0.98230173484741101     
          29          30   1.1976222110765273     
          30          31  0.95187169575833264     
          31          32  0.99657584688315859     
          32          33   1.4103601194014317     
          33          34   1.4381334342121759     
          32          35  0.10839285858909177     
          34          35   1.4420656604385169     
          33          36  0.10899790116332141     
          35          36   1.4341276428494052     
          32          37   1.4051283025151842     
          34          37  0.11160625163298329     
          36          37   1.4499407850400960     
          29          38  0.18123124655210004     
          30          38   1.7112063704829572     
           1          39  0.96695706985062324     
           2          40  0.97090548366328999     
           3          41  0.97115919006234042     
           4          42  0.97060475292832560     
           5          43  0.96837094795294498     
           7          44  0.95390708879016950     
           8          45  0.95250268030737606     
          10          46  0.96859325895207093     
          11          47  0.97075695449559385     
          12          48  0.97122429481362116     
          13          49  0.97088058050127279     
          14          50  0.96259740810717864     
          17          51  0.95230500215114633     
          17          52  0.95436549166225182     
          19          53  0.96992484198674256     
          20          54  0.97100686389629109     
          21          55  0.97142164490463312     
          22          56  0.97117058645656607     
          23          57  0.96902294464093386     
          25          58  0.93661631990516137     
          27          59  0.85579446402972636     
          31          60  0.95986125269027811     
          31          61  0.95946339068081921     
          33          62  0.96707599545895906     
          34          63  0.97096905707737746     
          35          64  0.97124663247402931     
          36          65  0.97072785729196642     
          37          66  0.96801989962353008     
