   -0.03370032
   -0.02910475
   -0.02787785
   -0.03137352
    0.01394242
    0.01641466
   -0.03537484
   -0.02920152
   -0.03700023
    0.00137881
    0.04594348
    0.04967433
    0.00908378
   -0.02841501
   -0.02626753
   -0.03365636
    0.01700225
    0.01581215
   -0.03373318
   -0.02950359
   -0.02978411
   -0.03278065
   -0.12268244
    0.28028252
   -0.02799571
    0.01293706
    0.02634610
   -0.10612775
   -0.10689435
   -0.10684326
   -0.03390555
   -0.03208330
   -0.03349773
   -0.02940030
   -0.41712132
    0.09484018
    0.35176397
   -0.36859428
   -0.38769520
   -0.12811898
    0.27761228
   -0.02630725
   -0.03051053
   -0.03184791
   -0.03051278
   -0.03441749
    0.01283569
    0.02662222
   -0.10700946
   -0.10695817
   -0.10883634
   -0.41712147
    0.03359892
    0.03206202
    0.03184552
    0.02825311
    0.03473621
    0.03544513
    0.04863685
    0.06490154
    0.05077047
    0.03309387
    0.03700246
    0.03656734
    0.02688472
    0.02890097
    0.03114379
    0.03373850
    0.03971419
    0.02523906
    0.04973155
    0.03136515
    0.03842617
    0.04100995
    0.04308346
    0.04180864
    0.03751835
    0.04125711
    0.03473740
    0.03680000
    0.03639396
    0.06112503
    0.34516888
    0.02785582
    0.03754884
    0.03536879
    0.03862040
    0.04157381
    0.03996942
    0.03689730
    0.03391894
    0.04323993
    0.02994120
    0.03333658
    0.05320859
    0.03732316
