           1           2   1.5571716211462776     
           2           3   1.3220165822682848     
           1           4  0.11842708520223381     
           3           4   1.5549082227444333     
           4           5   1.2836656169008867     
           1           6   1.2795617432610897     
           5           6   1.2517556291708150     
           6           7   1.2797538062169331     
           7           8   1.5528428674430426     
           8           9   1.3255935387834079     
           5          10   1.2538773198770525     
           7          10  0.11439189175038204     
           9          10   1.5212869909739934     
          10          11  0.99047104632371563     
          11          12  0.95485060372321517     
          12          13  0.99507237139109439     
          13          14   1.5208149593821561     
          14          15   1.3273341295045313     
          13          16  0.11458105222761829     
          15          16   1.5531198045146315     
          16          17   1.2782646120130234     
          13          18   1.2516476330623982     
          17          18   1.2521353601979912     
          18          19   1.2851877919760137     
          19          20   1.5510151145166933     
          20          21   1.3239335303324473     
          17          22   1.2812316134752912     
          19          22  0.11767696998394808     
          21          22   1.5554287880470072     
          12          23  0.94526773709048773     
          23          24   1.1906895549215344     
          24          25  0.94974269950202728     
          25          26   1.4026770827724668     
          26          27  0.98431302819935718     
          27          28   1.0008148514187769     
          27          29  0.98773486738176741     
          27          30  0.98281603088006830     
          26          31   1.3950507707611850     
          25          32  0.10568228807209283     
          31          32   1.4603487518301912     
          26          33  0.10779556804074381     
          32          33   1.4214159399396369     
          25          34   1.3805983489529772     
          31          34  0.11122053141640294     
          33          34   1.4530313243210209     
          23          35  0.18088065318268229     
          24          35   1.6996936989497691     
          23          36  0.98968822168281934     
          36          37  0.90761816289096997     
          37          38   1.1559630620673937     
          37          39   1.7665580479046898     
          38          39  0.18113453195600762     
          11          40  0.94692360389230601     
          36          40  0.98246092484991787     
          40          41   1.1909285644563405     
          41          42  0.95409812297674979     
          42          43   1.3844406822481372     
          43          44   1.4554405267503818     
          42          45  0.10676959605658405     
          44          45   1.4177721377880732     
          43          46  0.11074515549721911     
          45          46   1.4634863217289069     
          42          47   1.4025469088387712     
          44          47  0.10789162353408385     
          46          47   1.3937534432714580     
          47          48  0.98437884018859201     
          48          49  0.98393517838635269     
          48          50  0.98561862037668568     
          48          51   1.0016845626970949     
          40          52  0.18508678977159729     
          41          52   1.7014600130460302     
           1          53  0.96804261566361016     
           2          54  0.97078376885141560     
           3          55  0.97103754412747512     
           4          56  0.96039079410621719     
           7          57  0.96795301961954539     
           8          58  0.97028182421764164     
           9          59  0.95761996011220940     
          11          60  0.94195189786910505     
          12          61  0.95118710255029804     
          14          62  0.96713473911416836     
          15          63  0.97012733761204495     
          16          64  0.96792670838560546     
          19          65  0.96052296199465648     
          20          66  0.97110051610275616     
          21          67  0.97089461415239842     
          22          68  0.96810955546338817     
          28          69  0.98228899202178233     
          28          70  0.97686737608609309     
          28          71  0.97759463187869855     
          29          72  0.98475306578130617     
          29          73  0.98199367681608840     
          29          74  0.98440092491093134     
          30          75  0.98594613497683903     
          30          76  0.98359378101891304     
          30          77  0.98401547907036058     
          31          78  0.96313917793924231     
          32          79  0.97050606085790214     
          33          80  0.96948936607494984     
          34          81  0.96797720959202382     
          36          82  0.93818238425780076     
          38          83  0.85094753792988131     
          43          84  0.96735826287656579     
          44          85  0.96878319827939730     
          45          86  0.97052506994054788     
          46          87  0.96263693046142818     
          49          88  0.98353744519064901     
          49          89  0.98660622418629662     
          49          90  0.98246577503995380     
          50          91  0.98327667018546738     
          50          92  0.98406689479947129     
          50          93  0.98362363592280244     
          51          94  0.97207996653464335     
          51          95  0.98224823347526213     
          51          96  0.98298957594245928     
