   -0.02816809
   -0.02456802
   -0.02678175
   -0.02531942
   -0.02762685
    0.00703547
    0.04039397
    0.03601457
    0.00243521
   -0.03390706
   -0.02798950
   -0.03040773
   -0.02679621
   -0.03649137
   -0.11690293
    0.27295243
   -0.01821967
   -0.03654920
   -0.02342025
   -0.02722126
    0.06305705
   -0.11597305
   -0.02531790
   -0.40478425
    0.08948483
    0.35158576
   -0.35167087
   -0.38891556
   -0.11710033
    0.27325722
   -0.01728513
   -0.03625584
    0.05652291
   -0.11816429
   -0.03074731
   -0.02395954
   -0.02474071
   -0.40671360
    0.03667286
    0.04003583
    0.03938867
    0.03964486
    0.02002980
    0.06611994
    0.08840619
    0.03370352
    0.03894240
    0.03811698
    0.03961704
    0.03593650
    0.05900039
    0.05253717
    0.06249294
    0.06420554
    0.06835761
    0.34575268
    0.04562255
    0.05851708
    0.05301981
    0.05313793
