           1           2   1.4411133864399752     
           2           3   1.4420359767891793     
           1           4  0.11073227145547186     
           3           4   1.4353650534135214     
           2           5  0.11177806250180572     
           4           5   1.4487344442176120     
           1           6   1.4164944069425565     
           3           6  0.10957041740579562     
           5           6   1.4092715474562707     
           6           7  0.98940972924776971     
           7           8  0.95198322199038987     
           8           9  0.98894474220691087     
           9          10   1.4177909468424286     
          10          11   1.4377714724425206     
           9          12  0.10946952987904703     
          11          12   1.4440170356114563     
          10          13  0.11019212811951733     
          12          13   1.4335802105280040     
           9          14   1.4057183411120853     
          11          14  0.11227430821579024     
          13          14   1.4500369278787417     
           8          15  0.96411365103333768     
          15          16   1.1738962659225485     
          16          17  0.97658817760217931     
          17          18   1.3942499064961729     
          18          19   1.4397669837113809     
          17          20  0.10490119775331209     
          19          20   1.4354019819134256     
          18          21  0.10042083705199839     
          20          21   1.4169373587283240     
          21          22  0.97386291841334460     
          17          23   1.3931437697671114     
          19          23  0.10788845662365551     
          21          23   1.4312019549294963     
          15          24  0.18218821169514987     
          16          24   1.7081741954344658     
          15          25  0.99010605933121731     
          25          26  0.90647203613313176     
          26          27   1.1695515550555045     
          26          28   1.7709306624103136     
          27          28  0.18437399668728385     
           7          29  0.95226170351803330     
          25          29  0.98557254330333521     
          29          30   1.2071795290677798     
          30          31  0.95476300081177712     
          31          32   1.3955685298636609     
          32          33   1.4299431288954043     
          33          34  0.97180856954700234     
          31          35  0.10797061756427097     
          33          35   1.4175959116097603     
          32          36  0.10939896481538627     
          35          36   1.4381832298326729     
          31          37   1.4110625890583535     
          33          37  0.10080227259847394     
          36          37   1.4361423513155414     
          29          38  0.19338345894701686     
          30          38   1.7048632507882402     
           1          39  0.96799678700726022     
           2          40  0.97046487620422173     
           3          41  0.97094079302149083     
           4          42  0.97059293261521340     
           5          43  0.96888632517779105     
           7          44  0.95239196459582265     
           8          45  0.93877663906586051     
          10          46  0.96674804069785669     
          11          47  0.97055381183526857     
          12          48  0.97094544694276608     
          13          49  0.97047824016064443     
          14          50  0.96728158016961030     
          18          51  0.96353179542622613     
          19          52  0.96704950300034209     
          20          53  0.96735689709944805     
          23          54  0.96574597880978053     
          25          55  0.93226970390351016     
          27          56  0.85389652483957090     
          32          57  0.96692411373591647     
          35          58  0.96833619888399447     
          36          59  0.96698661781642725     
          37          60  0.96813151084883375     
