   -0.03197949
   -0.02543062
   -0.02803681
   -0.02558737
   -0.02909335
    0.00549941
    0.04027592
    0.03686813
   -0.00072609
   -0.03142717
   -0.02682573
   -0.02930285
   -0.02953653
   -0.03737186
   -0.10545223
    0.27373587
   -0.00550414
    0.01369570
    0.11159497
   -0.23321152
   -0.01869858
   -0.02359007
   -0.01861000
   -0.01609192
   -0.41369372
    0.09616523
    0.34948640
   -0.36493441
   -0.38256777
   -0.11649448
    0.27779267
   -0.00701217
   -0.03275886
   -0.02339077
   -0.02559018
   -0.01784010
    0.03610426
    0.12573459
   -0.21759617
   -0.40511841
    0.03727584
    0.04194199
    0.03631419
    0.03809664
    0.03746851
    0.07090123
    0.07912552
    0.05523516
    0.04002636
    0.03729777
    0.03974185
    0.03390580
    0.05022803
    0.04976160
    0.05118076
    0.05733941
    0.06531968
    0.34705256
    0.04912990
    0.04437785
    0.04424662
    0.05055298
