           1           2   1.4442260747340818     
           2           3   1.4390606856005475     
           1           4  0.11187930832851785     
           3           4   1.4391433079579943     
           2           5  0.11152400447537093     
           4           5   1.4439288618658672     
           1           6   1.4141599274293823     
           3           6  0.10914664834422222     
           5           6   1.4135012723327185     
           6           7  0.98508466289586472     
           7           8  0.96678782262828866     
           8           9  0.98320066274250273     
           9          10   1.4115768253824721     
          10          11   1.4455298003149966     
           9          12  0.10936548886222604     
          11          12   1.4377842964356429     
          10          13  0.11182562879479405     
          12          13   1.4403636304978304     
           9          14   1.4154968873387717     
          11          14  0.11102255321531401     
          13          14   1.4409829839021726     
           8          15  0.94145435853241177     
          15          16   1.2196670390255748     
          16          17  0.95732028736644603     
          17          18   1.3322425362161356     
          18          19   1.0962347608754621     
          19          20   2.7863104922586373     
          18          21   1.3570754118565516     
          17          22  0.10325589942205578     
          21          22   1.4568073967207491     
          22          23   1.4259367736599873     
          17          24   1.4158730695491513     
          21          24  0.10521775888106459     
          23          24   1.4385095596033490     
          15          25  0.19436305342289650     
          16          25   1.6879395973577473     
          15          26  0.99950230972455167     
          26          27  0.90487329039937126     
          27          28   1.1533790030238635     
          27          29   1.7839617827823147     
          28          29  0.18168264878365312     
           7          30  0.94990635404803225     
          26          30  0.99195558101208403     
          30          31   1.1986106521970139     
          31          32  0.96130772483478366     
          32          33   1.4168993561411900     
          33          34   1.4350908572671821     
          32          35  0.10422669747523075     
          34          35   1.4303386655835384     
          33          36  0.10520736244246823     
          35          36   1.4519682113208821     
          32          37   1.3362902922348923     
          34          37  0.10085518136268773     
          36          37   1.3690765194712553     
          37          38   1.0860191714421523     
          38          39   2.8155312454396784     
          30          40  0.19135255791118300     
          31          40   1.7047550818423218     
           1          41  0.96146253123961856     
           2          42  0.97038624519287797     
           3          43  0.97104681579141150     
           4          44  0.97058888239322161     
           5          45  0.96801001153454547     
           7          46  0.95069154650862853     
           8          47  0.95433130968979563     
          10          48  0.96616008477429616     
          11          49  0.97032894121857494     
          12          50  0.97090422705132484     
          13          51  0.97061643477282078     
          14          52  0.96390326460837705     
          21          53  0.96886402727866261     
          22          54  0.96862913313030541     
          23          55  0.96902035283069698     
          24          56  0.96671311357517076     
          26          57  0.92037930850970628     
          28          58  0.85296365633060245     
          33          59  0.96328174660969479     
          34          60  0.96975542442314944     
          35          61  0.96936882220715781     
          36          62  0.96883038464542637     
