   -0.02675359
   -0.02390827
   -0.02714392
   -0.02683073
   -0.03086784
    0.00804246
    0.03995990
    0.03759648
    0.00602939
   -0.02348274
   -0.02337501
   -0.02691412
   -0.02484919
   -0.03539134
   -0.10561218
    0.27194642
   -0.00841863
   -0.01959250
   -0.02169985
   -0.02195013
   -0.01859643
    0.48651961
   -0.20092837
   -0.21179143
   -0.20306933
   -0.01647477
   -0.39703857
    0.08597005
    0.34909923
   -0.37430634
   -0.36431688
   -0.10952968
    0.27240193
   -0.01059604
   -0.02375862
   -0.02140532
    0.48703842
   -0.21854635
   -0.19953287
   -0.19891106
   -0.02296920
   -0.02172367
   -0.02116907
   -0.39744489
    0.04171607
    0.04235453
    0.03940906
    0.03585016
    0.01977833
    0.07385759
    0.08477983
    0.01969437
    0.04008484
    0.04055313
    0.04064676
    0.03428841
    0.05710148
    0.06167322
    0.06950186
    0.05889947
    0.05761626
    0.36195798
    0.06694297
    0.06977375
    0.06118229
    0.05663266
