           1           2   1.4407900689005797     
           2           3   1.4422065787164096     
           1           4  0.11060772060852939     
           3           4   1.4351594020276868     
           2           5  0.11186183994483564     
           4           5   1.4489120621766516     
           1           6   1.4170953236979258     
           3           6  0.10959497356092690     
           5           6   1.4091590605567590     
           6           7  0.98757825228886875     
           7           8  0.95592374097775268     
           8           9  0.98370284574716704     
           9          10   1.4222945322800968     
          10          11   1.4365096117179852     
           9          12  0.10992249515401359     
          11          12   1.4449504105733837     
          10          13  0.11011127544425786     
          12          13   1.4332888802147143     
           9          14   1.4050616301310104     
          11          14  0.11275910712418080     
          13          14   1.4507786298007199     
           8          15  0.96075045304472939     
          15          16   1.2033962584373905     
          16          17  0.95113777454272475     
          17          18   1.4048709059609241     
          18          19   1.4438999987334600     
          17          20  0.10885772466794486     
          19          20   1.4369493593387361     
          18          21  0.10683517183294648     
          20          21   1.4173444325270641     
          21          22  0.94965257089090116     
          22          23  0.95519350263389058     
          22          24  0.93927602107085206     
          22          25  0.94593697232769858     
          17          26   1.4124578347130763     
          19          26  0.11228107608899136     
          21          26   1.4127664345545250     
          15          27  0.19507960263936774     
          16          27   1.7124241339026021     
          15          28  0.98952557202314861     
          28          29  0.89684420308297952     
          29          30   1.1590814001542795     
          29          31   1.7954009816350505     
          30          31  0.18818007936448020     
           7          32  0.94922459926177916     
          28          32  0.98673450773819738     
          32          33   1.2144782193177897     
          33          34  0.94538792829646523     
          34          35   1.4164488692994555     
          35          36   1.4089164542604500     
          36          37  0.95016200781251015     
          37          38  0.92872205830503929     
          37          39  0.95692124967884329     
          37          40  0.95330761409479792     
          34          41  0.10913879952245775     
          36          41   1.4193748386660405     
          35          42  0.11182229415098602     
          41          42   1.4347148154067548     
          34          43   1.4044710243102145     
          36          43  0.10703614569592466     
          42          43   1.4458329985071017     
          32          44  0.19864569105675706     
          33          44   1.7116223610292338     
           1          45  0.96761743151446811     
           2          46  0.97027879006359408     
           3          47  0.97094110824449831     
           4          48  0.97085592423835820     
           5          49  0.96961013674102869     
           7          50  0.95227614209586409     
           8          51  0.94204544230902520     
          10          52  0.96690954359837922     
          11          53  0.97053429964055771     
          12          54  0.97080082123844691     
          13          55  0.97036505683274477     
          14          56  0.96808403334674653     
          18          57  0.96815019052027096     
          19          58  0.96766248156089651     
          20          59  0.96590882016586666     
          26          60  0.96565018526783253     
          28          61  0.94558992055943214     
          30          62  0.84020890279701432     
          35          63  0.96504931331857124     
          41          64  0.96577431095743826     
          42          65  0.96765544436525985     
          43          66  0.96820407478019277     
