   -0.03421416
   -0.02853425
   -0.02764820
   -0.03242802
    0.01085512
    0.01590832
   -0.03563872
   -0.02853643
   -0.03063907
    0.00107709
    0.04363695
    0.04887751
    0.01058238
   -0.03200543
   -0.02964431
   -0.03583140
    0.01659093
    0.01582564
   -0.02950579
   -0.02800740
   -0.02887795
   -0.03432876
   -0.12353503
    0.26864213
    0.06881456
    0.01367322
   -0.11426751
   -0.06823749
    0.07831765
   -0.21263867
   -0.42245825
    0.07605552
    0.35312863
   -0.36642080
   -0.35287045
   -0.11964465
    0.25780459
    0.06314125
    0.01546258
   -0.11636896
   -0.06512015
    0.07577142
   -0.22421305
   -0.43009551
    0.03482668
    0.03312623
    0.03166377
    0.02991463
    0.03645438
    0.03716816
    0.02648496
    0.07244467
    0.06149632
    0.02723485
    0.03250233
    0.03471760
    0.03079439
    0.03177087
    0.03200059
    0.03339310
    0.06232870
    0.08218860
    0.05227315
    0.04942470
    0.04989906
    0.07396587
    0.34245687
    0.05579421
    0.08141228
    0.06790888
    0.05547021
    0.05842889
