           1           2   1.5559683206930548     
           2           3   1.3237836360793502     
           1           4  0.11851650479651595     
           3           4   1.5525347262129556     
           4           5   1.2839972708238707     
           1           6   1.2799532235208368     
           5           6   1.2544141887290641     
           6           7   1.2774057511048251     
           7           8   1.5565311178002541     
           8           9   1.3220312878795168     
           5          10   1.2484224123942393     
           7          10  0.11410340776897707     
           9          10   1.5295243128169200     
          10          11  0.98973129158274564     
          11          12  0.94854994043072205     
          12          13  0.99246966833788186     
          13          14   1.5202141483909661     
          14          15   1.3295615282994839     
          13          16  0.11476110653378105     
          15          16   1.5503046382465813     
          16          17   1.2807753872262286     
          13          18   1.2529617288625929     
          17          18   1.2521720166452153     
          18          19   1.2814873038860559     
          19          20   1.5556764900077231     
          20          21   1.3212630223952151     
          17          22   1.2785007682388840     
          19          22  0.11856493945711707     
          21          22   1.5579345949704613     
          12          23  0.95507802409237597     
          23          24   1.1634386670108905     
          24          25   1.0445566536232471     
          25          26   1.4900734932011828     
          26          27   1.0431251093069336     
          26          28   1.2823168654985500     
          25          29  0.13552919561794299     
          28          29   1.5959597383404804     
          25          30   1.0740409174013661     
          29          30   1.1363572596665206     
          23          31  0.17079692034000901     
          24          31   1.6537548990256774     
          23          32  0.99515589085368394     
          32          33  0.88645478387585186     
          33          34   1.1598088086064946     
          33          35   1.8041804527405283     
          34          35  0.17198016939976182     
          11          36  0.95625176502310061     
          32          36  0.98406428351120290     
          36          37   1.1947826946367504     
          37          38   1.0364949213776653     
          38          39   1.5073139682583783     
          39          40   1.0440312928470770     
          39          41   1.2675625908756560     
          38          42  0.13664905454074558     
          41          42   1.6165743249526947     
          38          43   1.0536242622548022     
          42          43   1.1140147458100023     
          36          44  0.18494838310080033     
          37          44   1.6364045501461666     
           1          45  0.96801697186777669     
           2          46  0.97070344427806543     
           3          47  0.97100124312062719     
           4          48  0.96148533555975924     
           7          49  0.96785490263242835     
           8          50  0.97025683270989349     
           9          51  0.96485479831577969     
          11          52  0.94341101489275558     
          12          53  0.94693659281051135     
          14          54  0.96832765078003091     
          15          55  0.97051636272438979     
          16          56  0.96806978886754069     
          19          57  0.96098138432829905     
          20          58  0.97103111694125266     
          21          59  0.97078933312314752     
          22          60  0.96810040464095870     
          27          61  0.95866268568201640     
          27          62  0.96825316784927928     
          27          63  0.98019066498483820     
          28          64  0.97291528197091803     
          29          65  0.96557114157833390     
          32          66  0.93582882732304451     
          34          67  0.82269400827655881     
          40          68  0.97531524512065337     
          40          69  0.97165724418395494     
          40          70  0.95646344621503343     
          41          71  0.97205120668558398     
          42          72  0.96467175026096874     
