    0.13771380
   -0.27587468
    0.03704757
   -0.06525641
   -0.02963746
   -0.03765317
   -0.03556900
   -0.02513528
    0.03911928
    0.05117132
   -0.01180911
   -0.02718793
   -0.03720355
   -0.03007993
   -0.06498586
    0.14055686
   -0.28013284
    0.04194084
   -0.10357137
    0.27120798
   -0.00937017
   -0.04668331
    0.00929110
   -0.03045142
   -0.03238962
   -0.02987438
   -0.03547234
    0.03750261
   -0.02415966
   -0.42060149
    0.09657536
    0.36969635
   -0.36781051
   -0.38541119
   -0.10048764
    0.27277262
   -0.00141949
   -0.04764742
    0.00449751
    0.03006821
   -0.03660238
   -0.03138434
   -0.03597708
   -0.03432804
   -0.01046769
   -0.42374982
    0.04441555
    0.06292741
    0.04448384
    0.04006904
    0.04195013
    0.04484884
    0.05427342
    0.07105343
    0.06723350
    0.04540107
    0.04229103
    0.04031008
    0.03981993
    0.04225129
    0.05792967
    0.04076709
    0.03719531
    0.03672210
    0.03600484
    0.03830700
    0.04276383
    0.06940872
    0.34343876
    0.04565481
    0.04482464
    0.04017428
    0.03609835
    0.03860525
