           1           2   1.0592839891881971     
           2           3  0.98093995474283713     
           1           4   1.3789600556166839     
           4           5   1.4370313816255087     
           5           6   1.4398290159021352     
           4           7  0.10323569602021479     
           6           7   1.4304153237094150     
           1           8   1.3268101084309121     
           5           8  0.10596227892754181     
           7           8   1.4308834250563593     
           8           9  0.99160894656785192     
           9          10  0.95238477265735666     
          10          11  0.99095951463882037     
          11          12   1.4367539034500978     
          12          13   1.4258565066262472     
          11          14  0.10688819729598166     
          13          14   1.4451127338381395     
          12          15  0.10292896219251967     
          14          15   1.4329961715764481     
          11          16   1.3267732286785638     
          15          16   1.3854486872119376     
          16          17   1.0512453335488126     
          17          18  0.98452450580445416     
          10          19  0.95660107855701604     
          19          20   1.2112266740250666     
          20          21  0.98215072050611618     
          21          22   1.6312786762475064     
          22          23   1.1965943071408578     
          23          24   1.3267103272280194     
          24          25   1.4995149256142122     
          25          26   1.3800345788213095     
          24          27  0.11082729082941375     
          26          27   1.4764745713653435     
          23          28   1.2848864463153140     
          27          28   1.3772587911224199     
          21          29   1.1199884066464703     
          22          29  0.10133233032601158     
          28          29   1.1100712085508770     
          19          30  0.19386712597178013     
          20          30   1.6772173311944245     
          19          31  0.98556197133274470     
          31          32  0.90800071772092061     
          32          33   1.1375194400653530     
          32          34   1.7740465302833912     
          33          34  0.17148051847075843     
           9          35  0.95833053603111540     
          31          35  0.97748382901427555     
          35          36   1.2342477948414869     
          36          37  0.99295370453899534     
          37          38   1.6202303243503746     
          38          39   1.2008610151393844     
          39          40   1.2809753504510630     
          40          41   1.3757607105950005     
          41          42   1.4774645622151301     
          42          43   1.3786796346488945     
          39          44   1.3246551165865401     
          41          44  0.11009725181157146     
          43          44   1.4985011782994258     
          37          45   1.1219629315409689     
          38          45  0.10030583755734576     
          40          45   1.1166055824088337     
          35          46  0.19059202262636629     
          36          46   1.6370786407330871     
           3          47  0.97311845241505290     
           3          48  0.97939867593778707     
           3          49  0.97644340415341058     
           4          50  0.96529549129646253     
           5          51  0.97062046785682776     
           6          52  0.97015287249465509     
           7          53  0.96448627274706622     
           9          54  0.95042740585707586     
          10          55  0.95184512003952881     
          12          56  0.96695630644425989     
          13          57  0.97027523402730986     
          14          58  0.97076878015753654     
          15          59  0.96532039758002175     
          18          60  0.97666810215429345     
          18          61  0.97913567617087460     
          18          62  0.97609395268287924     
          22          63  0.96152827505776328     
          24          64  0.96812546753945283     
          25          65  0.97081863913585509     
          26          66  0.97021048916552288     
          27          67  0.96848546943017544     
          31          68  0.94009621683637856     
          33          69  0.85743190671349512     
          38          70  0.96158671425095743     
          41          71  0.96822846957380859     
          42          72  0.97008233800336674     
          43          73  0.97080896509982983     
          44          74  0.96758457542479237     
