   -0.04547827
   -0.03302535
    0.01428895
   -0.03075203
   -0.02797841
   -0.02938806
   -0.03785450
    0.01179618
   -0.04632840
   -0.00596056
    0.03745117
    0.04570479
    0.01201625
   -0.03580402
    0.01823873
   -0.03270109
   -0.02812945
   -0.02864008
   -0.03371083
    0.01506779
   -0.03264454
   -0.03039225
   -0.10828034
    0.27685384
   -0.03981653
    0.07432624
    0.48914144
   -0.20406427
   -0.19011790
   -0.19648921
   -0.16358024
    0.13437297
   -0.12474744
   -0.07527110
   -0.39437148
    0.09010334
    0.36191542
   -0.36156566
   -0.37479132
   -0.10445366
    0.27582773
   -0.03259508
    0.07973349
    0.48945343
   -0.18688880
   -0.19377324
   -0.19750851
   -0.16546468
    0.13231356
   -0.12396618
   -0.07552122
   -0.42243588
    0.06668962
    0.05040812
    0.04297513
    0.03680593
    0.03337112
    0.03046321
    0.02929770
    0.05143048
    0.06634171
    0.03871720
    0.03634827
    0.03429027
    0.03353051
    0.03387855
    0.03734927
    0.02685841
    0.08081252
    0.06966932
    0.07995938
    0.05756355
    0.07702544
    0.35582093
    0.08026188
    0.06935361
    0.07923049
    0.05743265
