           1           2   1.5647269734520219     
           2           3   1.2753080640334433     
           3           4   1.2817326679528041     
           4           5   1.5562045473373602     
           5           6   1.3207370169005652     
           4           7  0.11803055366722558     
           6           7   1.5573456923726385     
           3           8   1.2510386421682482     
           7           8   1.2778384491715868     
           2           9  0.11287921072160441     
           8           9   1.2818434457673173     
           1          10   1.2919635763225783     
           9          10   1.5242110429725615     
          10          11  0.99163887401987338     
          11          12  0.94920515751890355     
          12          13  0.99273309994283254     
          13          14   1.5278528040150274     
          14          15   1.2804096168955710     
          15          16   1.2794924302573278     
          16          17   1.5568959042157127     
          17          18   1.3217744571106465     
          16          19  0.11807994338115904     
          18          19   1.5551073029731504     
          15          20   1.2515045563960909     
          19          20   1.2829312474089403     
          14          21  0.11328552928470546     
          20          21   1.2742266133077609     
          13          22   1.2903514447105646     
          21          22   1.5669046194694556     
          12          23  0.95165109179749785     
          23          24   1.2096105337476148     
          24          25  0.95840677651609174     
          25          26   1.5349143904395046     
          26          27  0.95960750717535137     
          27          28  0.93814943108342153     
          27          29  0.95337600647074805     
          27          30  0.95700984432395597     
          26          31   1.1138165068857535     
          26          32  0.13324928155096721     
          31          32   1.1293182312455707     
          32          33   1.0334174566483179     
          25          34   1.2663226600767474     
          32          34   1.5611362300757810     
          23          35  0.19665723534428625     
          24          35   1.7082431167288306     
          23          36  0.98658429645848433     
          36          37  0.89986689833821909     
          37          38   1.1661393714941495     
          37          39   1.7818628029271604     
          38          39  0.18347363590405483     
          11          40  0.95495845672598700     
          36          40  0.97825854063464401     
          40          41   1.2243720559167932     
          41          42  0.98076345697057421     
          42          43   1.5269598144261134     
          43          44  0.95756930110104688     
          44          45  0.96419952056847491     
          44          46  0.94572444523672894     
          44          47  0.94687130614676629     
          43          48   1.1203820464481689     
          43          49  0.13072304600889503     
          48          49   1.1238141160082378     
          49          50   1.0329690164339107     
          42          51   1.2608811418447678     
          49          51   1.5676707709830393     
          40          52  0.19529570020382311     
          41          52   1.6672134757383488     
           1          53  0.95916374463868492     
           2          54  0.96663638812979658     
           4          55  0.96768619584821391     
           5          56  0.97070565218887539     
           6          57  0.97089125932797493     
           7          58  0.96825712410167319     
           9          59  0.96520259885273574     
          11          60  0.95220484262283533     
          12          61  0.95061817205182264     
          14          62  0.96537844070320089     
          16          63  0.96812999910169839     
          17          64  0.97084263410934823     
          18          65  0.97096014293454225     
          19          66  0.96832481924608738     
          21          67  0.96783302931114856     
          22          68  0.96839802329532421     
          33          69  0.96574220756863638     
          33          70  0.98149007328790672     
          33          71  0.96155690389114479     
          34          72  0.97290931456855123     
          36          73  0.94591584480592172     
          38          74  0.84624811268721800     
          50          75  0.96649600895157683     
          50          76  0.98166194443332322     
          50          77  0.96057881720803695     
          51          78  0.97240836759000371     
