   -0.03220413
   -0.02644665
   -0.02544441
   -0.03432795
    0.00715255
    0.01542309
   -0.03503150
   -0.02960979
   -0.03435512
   -0.01074484
    0.04166528
    0.04523032
   -0.00995631
   -0.03536681
   -0.03049823
   -0.03340179
    0.01376795
    0.00614860
   -0.04239520
   -0.02589743
   -0.02765939
   -0.03345234
   -0.11560710
    0.27883451
   -0.03244041
   -0.00249471
   -0.02624912
    0.03191357
    0.00092916
   -0.03311817
   -0.03251898
   -0.03070348
   -0.03586797
   -0.42666912
    0.10555297
    0.38124849
   -0.33845173
   -0.41034068
   -0.12183332
    0.27837731
   -0.03261369
   -0.01244933
   -0.04158082
    0.03225189
    0.00541683
   -0.02900941
   -0.03260688
   -0.03112800
   -0.03724418
   -0.42229272
    0.03714824
    0.03806165
    0.03713919
    0.02711907
    0.03814749
    0.03781263
    0.03285003
    0.05546474
    0.04678542
    0.02659215
    0.03607243
    0.04009886
    0.05288561
    0.04403031
    0.03608395
    0.03590282
    0.05927147
    0.03324336
    0.03868086
    0.04177162
    0.04581950
    0.06505311
    0.34676886
    0.05022053
    0.04372969
    0.03908984
    0.03979538
    0.04246038
