           1           2   1.5576313620576379     
           2           3   1.3217305715109733     
           1           4  0.11821741018645929     
           3           4   1.5544279277922668     
           4           5   1.2834926873551475     
           1           6   1.2787485630402795     
           5           6   1.2516534408508060     
           6           7   1.2801564680126098     
           7           8   1.5492965071559146     
           8           9   1.3289286015962907     
           5          10   1.2532307106875058     
           7          10  0.11339485244579263     
           9          10   1.5187079988814494     
          10          11  0.99037053136745434     
          11          12  0.94539256431109808     
          12          13  0.99532746309707143     
          13          14   1.5202400078495835     
          14          15   1.3261554316692714     
          13          16  0.11394461534062146     
          15          16   1.5529204978041657     
          16          17   1.2785769135741694     
          13          18   1.2504426217214881     
          17          18   1.2519131433447905     
          18          19   1.2839388245222478     
          19          20   1.5508643717426933     
          20          21   1.3240552126663490     
          17          22   1.2800124136413531     
          19          22  0.11853563193148535     
          21          22   1.5556511789108169     
          12          23  0.95991594670809688     
          23          24   1.2171430030969446     
          24          25  0.97842880150400136     
          25          26   1.6290156029899296     
          26          27   1.1716391709317533     
          27          28   1.1031085748030272     
          25          29   1.1543464651279332     
          28          29   1.2928996263944978     
          29          30   1.3339720455891209     
          30          31   1.4942889201581182     
          31          32   1.3833972934077627     
          28          33   1.3790174741228944     
          30          33  0.11078435029661868     
          32          33   1.4750531338461303     
          23          34  0.18742560077672329     
          24          34   1.6531198565522571     
          23          35  0.97676532022620610     
          35          36  0.90789369476081139     
          36          37   1.1797156605678978     
          36          38   1.7414972638009567     
          37          38  0.17652481993814273     
          11          39  0.96008262859103044     
          35          39  0.97547094516292154     
          39          40   1.2122327028082125     
          40          41  0.95546379369655665     
          41          42   1.6461927775521006     
          42          43   1.1546464872892295     
          43          44   1.1045428074490404     
          41          45   1.1548939756510366     
          44          45   1.2932013175024817     
          45          46   1.3336492500396095     
          46          47   1.4945390880831044     
          47          48   1.3834733733285169     
          44          49   1.3764679022196242     
          46          49  0.11148879641951243     
          48          49   1.4758010905936634     
          39          50  0.19210974405876452     
          40          50   1.6874872399480896     
           1          51  0.96778037012324980     
           2          52  0.97037717766824627     
           3          53  0.97067441549337119     
           4          54  0.96131394596994146     
           7          55  0.96774144193102862     
           8          56  0.96997393441258939     
           9          57  0.96721641739594322     
          11          58  0.94463175192883586     
          12          59  0.94906401686821540     
          14          60  0.96701320860508178     
          15          61  0.97011753489697261     
          16          62  0.96754944564995760     
          19          63  0.95835853675722593     
          20          64  0.97017287081241199     
          21          65  0.97041642320275090     
          22          66  0.96785283124711530     
          26          67  0.96788274238559180     
          30          68  0.96652138691141232     
          31          69  0.97059455409711781     
          32          70  0.96993630559904098     
          33          71  0.96807696304802582     
          35          72  0.94538518726401555     
          37          73  0.85411116457633784     
          42          74  0.96878511290923086     
          46          75  0.96679473344377787     
          47          76  0.97051673378616798     
          48          77  0.97005613208441688     
          49          78  0.96844250878272631     
