   -0.03215121
   -0.02789142
   -0.02609041
   -0.03008384
    0.01063282
    0.01576759
   -0.03437109
   -0.02974297
   -0.03624675
   -0.00970261
    0.03731796
    0.03838218
   -0.01690430
   -0.03868712
   -0.03044036
   -0.03419187
    0.01364545
    0.00770160
   -0.04019906
   -0.02680251
   -0.02812906
   -0.03494860
   -0.16063884
    0.27131942
   -0.02452404
   -0.02247984
   -0.02728986
   -0.03258292
    0.01621556
    0.02578975
   -0.10667220
   -0.10980987
   -0.10688776
   -0.04165073
   -0.41982216
    0.08272227
    0.34834727
   -0.36615496
   -0.34651390
   -0.12885018
    0.27787371
   -0.01542836
   -0.02555323
    0.01272592
    0.02563438
   -0.10504886
   -0.10875764
   -0.10724817
   -0.03730596
   -0.03023582
   -0.03194004
   -0.42861829
    0.03602018
    0.03501059
    0.03476418
    0.02677727
    0.03656349
    0.03665215
    0.03005098
    0.05081493
    0.07493008
    0.03360760
    0.03993217
    0.03772750
    0.06108397
    0.03669528
    0.03324689
    0.03378463
    0.04885147
    0.03927806
    0.04751231
    0.03716250
    0.04271890
    0.03462162
    0.04055946
    0.03946663
    0.03677633
    0.03961842
    0.04380771
    0.03689830
    0.03290088
    0.09273555
    0.33243471
    0.04185860
    0.03279986
    0.03531509
    0.03966137
    0.03896729
    0.03796826
    0.03551506
    0.03687502
    0.04147870
    0.03939155
    0.04307972
    0.03558763
    0.03501808
