           1           2   1.5545470835166106     
           2           3   1.3246883708921153     
           1           4  0.11826998138536254     
           3           4   1.5510910403999898     
           4           5   1.2860198416402562     
           1           6   1.2803659453805165     
           5           6   1.2510616341027672     
           6           7   1.2782915939606092     
           7           8   1.5518982479085053     
           8           9   1.3275753181416901     
           5          10   1.2514526824140861     
           7          10  0.11463797751702558     
           9          10   1.5206062267180582     
          10          11  0.99218356928226614     
          11          12  0.94997780504967633     
          12          13  0.98852838236180429     
          13          14   1.5238047365630132     
          14          15   1.3252601977374678     
          13          16  0.11469225201076064     
          15          16   1.5521449098479037     
          16          17   1.2808734460757145     
          13          18   1.2521816083510429     
          17          18   1.2507697000272375     
          18          19   1.2847313477463222     
          19          20   1.5529175133018354     
          20          21   1.3233679961065834     
          17          22   1.2792594121485004     
          19          22  0.11901633393658421     
          21          22   1.5564762635562301     
          12          23  0.94853048187036260     
          23          24   1.1494639291949664     
          24          25  0.99375174390457666     
          25          26   1.3797479249644959     
          26          27   1.4534309801460035     
          25          28  0.10210048404926737     
          27          28   1.4323877355712373     
          26          29  0.10634880418607034     
          28          29   1.4140545933957764     
          29          30  0.98481342643029579     
          30          31  0.98619390265457207     
          30          32   1.0000210323506349     
          30          33  0.98561347845441727     
          25          34   1.4027787979111808     
          27          34  0.10633367945107521     
          29          34   1.4094290433017866     
          23          35  0.16823456734897968     
          24          35   1.7015926859062833     
          23          36  0.98515424587926381     
          36          37  0.90861371364590049     
          37          38   1.1362041655047177     
          37          39   1.8099872058470476     
          38          39  0.16825447791880749     
          11          40  0.96449100587653325     
          36          40  0.98038705476705534     
          40          41   1.1816863822656587     
          41          42  0.97982538759463511     
          42          43   1.4128861735581220     
          43          44   1.4081471715756946     
          44          45  0.98409302761027617     
          45          46  0.98713353788872116     
          45          47  0.99984239647785245     
          45          48  0.98624841861599866     
          42          49  0.10360310247888282     
          44          49   1.4174584624824123     
          43          50  0.10749028083239809     
          49          50   1.4309496344213330     
          42          51   1.3846114141256207     
          44          51  0.10754075174684374     
          50          51   1.4532125949975567     
          40          52  0.17965459202218875     
          41          52   1.6895883264204850     
           1          53  0.96773611658831948     
           2          54  0.97055457138656642     
           3          55  0.96953465612844580     
           4          56  0.96262142544918139     
           7          57  0.96731075602666716     
           8          58  0.97005894222866018     
           9          59  0.96683552684412777     
          11          60  0.94759307911196000     
          12          61  0.94677587125745721     
          14          62  0.96008854586950088     
          15          63  0.96999786214112083     
          16          64  0.96751855759143912     
          19          65  0.95444850998302855     
          20          66  0.97070786411463539     
          21          67  0.97059444688766394     
          22          68  0.96793418108663298     
          26          69  0.96697207960807807     
          27          70  0.96956352085326647     
          28          71  0.96503228644133809     
          31          72  0.98316603126564606     
          31          73  0.98394349226666522     
          31          74  0.98681268431533875     
          32          75  0.98399172784769517     
          32          76  0.98441498813919837     
          32          77  0.98450354560570230     
          33          78  0.98630584946512012     
          33          79  0.98362894790738953     
          33          80  0.98307637814390392     
          34          81  0.95854680025402117     
          36          82  0.91962989844431009     
          38          83  0.84243100379511093     
          43          84  0.96300982303026672     
          46          85  0.98486677118385735     
          46          86  0.98241723549369719     
          46          87  0.98427709067166003     
          47          88  0.98426828127346222     
          47          89  0.98455072342561922     
          47          90  0.98461939711190172     
          48          91  0.98659806496287705     
          48          92  0.98315096436472638     
          48          93  0.98420893297107281     
          49          94  0.96542712671042974     
          50          95  0.96993614217172008     
          51          96  0.96870601148580526     
