   -0.02562543
   -0.02375533
   -0.03005032
   -0.02792447
   -0.03535323
   -0.00175655
    0.03760327
    0.04811027
    0.01150585
   -0.03113847
   -0.02668211
   -0.02892455
   -0.02582300
   -0.03038352
   -0.11065387
    0.28558402
   -0.05109318
   -0.00984787
    0.00828782
   -0.07058627
    0.12487071
   -0.28114190
    0.03816927
   -0.41376822
    0.07624754
    0.35027220
   -0.36939920
   -0.37230054
   -0.10176828
    0.27842335
   -0.04476601
   -0.02683789
    0.00417350
   -0.07039333
    0.13906490
   -0.26200857
    0.03482726
   -0.45149150
    0.04249761
    0.04344403
    0.03707146
    0.03941580
    0.03185214
    0.04975051
    0.06304362
    0.03849320
    0.03544814
    0.03636238
    0.03804327
    0.03474501
    0.07606201
    0.05264800
    0.06360897
    0.04167503
    0.04565059
    0.07789329
    0.36715633
    0.05651041
    0.05407521
    0.07216017
    0.04680334
    0.04192312
