           1           2   1.4458514595258070     
           2           3   1.4367946916997552     
           1           4  0.11165197138040940     
           3           4   1.4392527852264796     
           2           5  0.11069731240885024     
           4           5   1.4429310251768392     
           1           6   1.4102400964364425     
           3           6  0.10858767105956699     
           5           6   1.4133936872250439     
           6           7  0.98857744628387489     
           7           8  0.95244818423762356     
           8           9  0.98838302158497071     
           9          10   1.4110438921233337     
          10          11   1.4468622427253373     
           9          12  0.10956794909488425     
          11          12   1.4369249848209511     
          10          13  0.11177602020418234     
          12          13   1.4404092479403143     
           9          14   1.4153819785429567     
          11          14  0.11101555932812189     
          13          14   1.4427649330265016     
           8          15  0.96284793130426771     
          15          16   1.1786039430277615     
          16          17  0.97929278439660594     
          17          18   1.5876876614450699     
          18          19   1.2184413640301039     
          18          20  0.10821386794374661     
          19          20   1.1686215166786218     
          17          21   1.1799569014451921     
          20          21   1.5595676408467520     
          21          22   1.0430768827061616     
          22          23  0.97986580953639346     
          15          24  0.17993893338539507     
          16          24   1.6976002146211759     
          15          25   1.0029321066984924     
          25          26  0.88610531687772842     
          26          27   1.2075474060483420     
          26          28   1.7739110469521095     
          27          28  0.18245215828275627     
           7          29  0.95641462532797017     
          25          29  0.96629654290320699     
          29          30   1.2803348066207398     
          30          31  0.96531225971621626     
          31          32   1.5994041175252371     
          31          33  0.10691618579677659     
          32          33   1.2039434448100015     
          32          34  0.11098482029150616     
          33          34   1.1684067746022091     
          31          35   1.1721258294539665     
          34          35   1.5471784502813941     
          35          36   1.0707527318980834     
          36          37  0.97755267153020742     
          29          38  0.18985381303575238     
          30          38   1.5962359098528502     
           1          39  0.96716283900502620     
           2          40  0.97022151974735538     
           3          41  0.97095173736833162     
           4          42  0.97048334538666248     
           5          43  0.96830093778466875     
           7          44  0.95407571062404650     
           8          45  0.95203752517436557     
          10          46  0.96778416556785674     
          11          47  0.97085777320873845     
          12          48  0.97114665739291794     
          13          49  0.97065076429902075     
          14          50  0.96883125527600944     
          18          51  0.96687676588445326     
          20          52  0.96862444718571583     
          23          53  0.98014587015493593     
          23          54  0.97754416114178255     
          23          55  0.97762747814833428     
          25          56  0.93019866332255985     
          27          57  0.76210166760165798     
          32          58  0.96999551884909607     
          34          59  0.96839579071040249     
          37          60  0.97946200263736771     
          37          61  0.97727614467149282     
          37          62  0.97599563214123641     
