   -0.03437132
   -0.02928853
   -0.02862741
   -0.03284427
    0.01165035
    0.01586273
   -0.03613550
   -0.02927030
   -0.03204223
    0.00584958
    0.05050580
    0.04385041
   -0.00035731
   -0.03354543
   -0.03207872
   -0.03690674
    0.01284509
    0.00745418
   -0.04051016
   -0.02514095
   -0.02751596
   -0.03526884
   -0.10604808
    0.26732560
    0.08208701
   -0.04751696
   -0.07400387
    0.12560624
   -0.12027406
   -0.19235884
   -0.43325126
    0.09647138
    0.37378640
   -0.36374397
   -0.41307671
   -0.12384172
    0.26588522
    0.07278680
   -0.04727194
   -0.07496330
    0.12688603
   -0.12087770
   -0.19924131
   -0.41986677
    0.03417414
    0.03248045
    0.03144847
    0.02980045
    0.03570884
    0.03462427
    0.03260384
    0.06591983
    0.05094555
    0.02972678
    0.03227929
    0.03570687
    0.05437500
    0.04433142
    0.03484428
    0.03322127
    0.05921531
    0.04695411
    0.06770398
    0.06762735
    0.06238623
    0.07156285
    0.34210688
    0.06022001
    0.04420935
    0.06552198
    0.05959765
    0.07209091
