           1           2   1.5574698484792056     
           2           3   1.3218953325550069     
           1           4  0.11851868247127674     
           3           4   1.5549138266685583     
           4           5   1.2829823530709883     
           1           6   1.2791031508718058     
           5           6   1.2524279780350933     
           6           7   1.2800563328024011     
           7           8   1.5518826895106217     
           8           9   1.3278223638067637     
           5          10   1.2535547415614900     
           7          10  0.11452083616046602     
           9          10   1.5223357914999298     
          10          11  0.99182977997228050     
          11          12  0.94085445094431808     
          12          13  0.99720209652715974     
          13          14   1.5162608225202623     
          14          15   1.3275663883191793     
          13          16  0.11391861021523553     
          15          16   1.5490734833742539     
          16          17   1.2805930891426136     
          13          18   1.2522142563961716     
          17          18   1.2502217036218295     
          18          19   1.2829987947143613     
          19          20   1.5512040692074522     
          20          21   1.3240020962972698     
          17          22   1.2794692774738909     
          19          22  0.11852411556147642     
          21          22   1.5557220875972666     
          12          23  0.95924357304292174     
          23          24   1.2260648115945054     
          24          25   1.0323014722418742     
          25          26   1.5224714768295835     
          26          27   1.3219036717149824     
          25          28  0.12806335900186419     
          27          28   1.5426242309499192     
          28          29   1.0315837933551175     
          25          30   1.0929864745493290     
          28          30   1.1313735156755693     
          23          31  0.17983930201091092     
          24          31   1.5919100389322642     
          23          32  0.97199362272760281     
          32          33  0.90834077908483080     
          33          34   1.1440088076711601     
          33          35   1.7383304029064568     
          34          35  0.16346174887492082     
          11          36  0.96095777535989246     
          32          36  0.98467070903360487     
          36          37   1.1713451591859294     
          37          38   1.0281909048628657     
          38          39   1.5274522287288004     
          39          40   1.3187676384710816     
          38          41  0.12845831155866588     
          40          41   1.5460716426590666     
          41          42   1.0312085707798546     
          38          43   1.0910362733571717     
          41          43   1.1291866921787850     
          36          44  0.17777365934116074     
          37          44   1.6657725261326506     
           1          45  0.96804661607591591     
           2          46  0.97075686494563040     
           3          47  0.97105224844898408     
           4          48  0.96131879020163558     
           7          49  0.96797166917482302     
           8          50  0.97037271686253435     
           9          51  0.96741122367780441     
          11          52  0.94400660034685635     
          12          53  0.95100714880222248     
          14          54  0.96724283737737626     
          15          55  0.96987683210193265     
          16          56  0.96784400041157281     
          19          57  0.95808708232717843     
          20          58  0.97009931507348446     
          21          59  0.97049360804284557     
          22          60  0.96799163163642310     
          26          61  0.97261355987112896     
          27          62  0.97385239416363645     
          29          63  0.97319298878488891     
          29          64  0.95894124983732576     
          29          65  0.98149519352040415     
          32          66  0.94473212009902374     
          34          67  0.85799240654860287     
          39          68  0.97245056689474785     
          40          69  0.97410362749996904     
          42          70  0.96565484901697218     
          42          71  0.98321912586433347     
          42          72  0.96840160110543028     
