   -0.03688710
   -0.03405648
    0.01352128
   -0.03233594
   -0.02714793
   -0.02698267
   -0.03393311
    0.01412717
   -0.04115445
   -0.00206075
    0.03727080
    0.04820062
    0.00647037
   -0.04006147
    0.01668929
   -0.03337663
   -0.02968687
   -0.02992099
   -0.03517977
    0.01273844
   -0.03439191
   -0.03483345
   -0.10571137
    0.28182903
   -0.05083526
   -0.01000573
    0.00973156
   -0.06952090
    0.12487414
   -0.28298342
    0.03798831
   -0.41981752
    0.07377856
    0.35195307
   -0.36991409
   -0.37255996
   -0.09617228
    0.27485806
   -0.04434238
   -0.01740929
    0.01141820
   -0.07026871
    0.13344498
   -0.26884740
    0.03597057
   -0.46970473
    0.03395614
    0.04041757
    0.03741249
    0.03714033
    0.03624417
    0.03191524
    0.03194302
    0.06524668
    0.05955494
    0.05909967
    0.04184426
    0.03155053
    0.02986304
    0.03045880
    0.03458182
    0.02749883
    0.07140620
    0.05287923
    0.04316820
    0.04559042
    0.06407319
    0.08284506
    0.36596349
    0.06579350
    0.05502651
    0.07079956
    0.04141276
    0.04755249
