           1           2   1.5684185357454750     
           2           3   1.2730774677833956     
           3           4   1.2839607002424474     
           4           5   1.5540390266251731     
           5           6   1.3224074612652286     
           4           7  0.11773643721818200     
           6           7   1.5559053848041471     
           3           8   1.2506420893432824     
           7           8   1.2798280158706556     
           2           9  0.11154108443083209     
           8           9   1.2805107430079010     
           1          10   1.2887556278116272     
           9          10   1.5257530155994801     
          10          11  0.99117841483147828     
          11          12  0.94998506038795361     
          12          13  0.98458919745137619     
          13          14   1.5286856755410299     
          14          15   1.2808131091789854     
          15          16   1.2785449871407020     
          16          17   1.5580838292163357     
          17          18   1.3206235670152486     
          16          19  0.11834093071442273     
          18          19   1.5564704187250151     
          15          20   1.2518637675356306     
          19          20   1.2812935969813923     
          14          21  0.11541597809108270     
          20          21   1.2761251832379066     
          13          22   1.2941937738916958     
          21          22   1.5633595443535775     
          12          23  0.96317510040010901     
          23          24   1.2009073492610043     
          24          25  0.96994170984942907     
          25          26   1.5911663581965296     
          26          27   1.2150493909473281     
          26          28  0.10955938262033375     
          27          28   1.1720961431867416     
          25          29   1.1838399955829293     
          28          29   1.5567650338408316     
          29          30   1.0406118757390399     
          30          31  0.97890690609844466     
          23          32  0.18869058318373139     
          24          32   1.6883151496294229     
          23          33   1.0017895517096844     
          33          34  0.89149063863875133     
          34          35   1.2066562615368785     
          34          36   1.7689383083014028     
          35          36  0.18160062247190220     
          11          37  0.95799846828172841     
          33          37  0.96688525631208722     
          37          38   1.2797408013942544     
          38          39  0.99011172287946858     
          39          40   1.5800337595367071     
          39          41  0.10111409497566050     
          40          41   1.2195914576000451     
          40          42  0.10714116356992190     
          41          42   1.1664220432606391     
          39          43   1.1724275862380611     
          42          43   1.5540582182763898     
          43          44   1.0615329595570018     
          44          45  0.97730384880422760     
          37          46  0.18548508995207938     
          38          46   1.5687602943595633     
           1          47  0.96832648546743494     
           2          48  0.96752573764026062     
           4          49  0.96808752322198433     
           5          50  0.97070792448393362     
           6          51  0.97071388173161111     
           7          52  0.96835742601190777     
           9          53  0.96483746313147145     
          11          54  0.94833219959133186     
          12          55  0.95221965731383074     
          14          56  0.95722175181882307     
          16          57  0.96768101916522320     
          17          58  0.97099332843633668     
          18          59  0.97117056258955403     
          19          60  0.96852258254652057     
          21          61  0.96791914078188324     
          22          62  0.96864828692082794     
          26          63  0.96796043683758592     
          28          64  0.96857312413849928     
          31          65  0.97753331720731340     
          31          66  0.97766086994973633     
          31          67  0.98011136268863708     
          33          68  0.92327767331839328     
          35          69  0.76417786088687123     
          40          70  0.96895049394576327     
          42          71  0.96839008892371425     
          45          72  0.97947885065137608     
          45          73  0.97681123511695334     
          45          74  0.97731427697339113     
