   -0.02110750
    0.48942096
   -0.22023490
   -0.20446285
   -0.20208716
   -0.01812155
   -0.01863453
   -0.01453153
   -0.02666894
    0.02358024
    0.05299221
    0.03225002
    0.00637428
   -0.03462000
    0.48401970
   -0.20442580
   -0.20901283
   -0.20513707
   -0.02067621
   -0.01991113
   -0.01779811
   -0.03154122
   -0.10752746
    0.27655428
   -0.01760528
   -0.04661679
    0.06879041
   -0.14172734
   -0.03520177
    0.04037739
   -0.40619093
    0.09186940
    0.36286873
   -0.34560495
   -0.38027969
   -0.12043412
    0.27760056
   -0.00617708
   -0.03110015
    0.07795075
   -0.13932386
   -0.02474623
    0.01419083
   -0.41453534
    0.07220667
    0.06345256
    0.06167163
    0.04564400
    0.06127894
    0.07898497
    0.06931033
    0.06889291
    0.06477456
    0.05628031
    0.06850492
    0.07842462
    0.09328544
    0.35302035
    0.07941896
    0.07205138
