           1           2  0.95118397474629313     
           2           3  0.93177926628020447     
           2           4  0.94599410524445815     
           2           5  0.95229877376660010     
           1           6   1.4097130011527510     
           6           7   1.4458917608026629     
           1           8  0.10543020116574747     
           7           8   1.4309036111183988     
           6           9  0.10863960733787069     
           8           9   1.4504470988020397     
           1          10   1.3883707806431458     
           7          10  0.10837924884331034     
           9          10   1.4048632498483931     
          10          11  0.99420859089691915     
          11          12  0.94399889304308160     
          12          13  0.99486093926634289     
          13          14   1.3984809818908275     
          14          15  0.94838385495649724     
          15          16  0.94595024905889669     
          15          17  0.94802404059718270     
          15          18  0.94234527364437271     
          14          19   1.3978703913444199     
          13          20  0.10695896848996150     
          19          20   1.4551501853333624     
          14          21  0.10378178207853432     
          20          21   1.4214260015702245     
          13          22   1.3960430311429308     
          19          22  0.11000718731921610     
          21          22   1.4587527016610877     
          12          23  0.96738622616549919     
          23          24   1.1964679175050548     
          24          25  0.98281223092705783     
          25          26   1.5794912269167045     
          26          27   1.2574602253363452     
          27          28  0.98844365314928662     
          25          29  0.10859448457526440     
          27          29   1.5725116188985586     
          25          30   1.1608095506088341     
          29          30   1.2063797021862734     
          23          31  0.19038463028678584     
          24          31   1.6896955468719874     
          23          32  0.98829391552705881     
          32          33  0.90491150879573934     
          33          34   1.1770597806196077     
          33          35   1.7796540765460209     
          34          35  0.18665651598121952     
          11          36  0.96290090771015147     
          32          36  0.98291658409381921     
          36          37   1.1868675636725057     
          37          38   1.0045197708625773     
          38          39   1.5727947324768627     
          39          40   1.2610107392445484     
          40          41  0.98840981499275682     
          38          42  0.10955900925409272     
          40          42   1.5728867583163919     
          38          43   1.1505470785233680     
          42          43   1.1985864132226987     
          36          44  0.18402367527034719     
          37          44   1.6753943568459864     
           6          45  0.96495704178578368     
           7          46  0.96794580221251314     
           8          47  0.96802580218660605     
           9          48  0.96625813635272317     
          11          49  0.94797838628470021     
          12          50  0.94806630834003025     
          19          51  0.96562351475357699     
          20          52  0.96716875445870421     
          21          53  0.96764909569256830     
          22          54  0.96501039279560286     
          26          55  0.96152676030856532     
          29          56  0.96604067993421117     
          32          57  0.92511582688360083     
          34          58  0.84903569873204943     
          39          59  0.95953614568097123     
          42          60  0.96695820672871369     
