   -0.03424293
   -0.02734988
   -0.02909666
   -0.02637757
   -0.03339183
    0.00030154
    0.03971966
    0.04533680
    0.00713286
   -0.03024848
   -0.02582888
   -0.02898833
   -0.02762660
   -0.03113101
   -0.12016893
    0.27157903
   -0.02763328
   -0.03382251
    0.01341460
   -0.10880859
    0.01727559
   -0.10927463
   -0.03281515
   -0.03162015
   -0.42611719
    0.09982272
    0.37070306
   -0.37475461
   -0.39056052
   -0.11107185
    0.27383776
   -0.01844800
   -0.03502208
   -0.03938959
    0.01232087
   -0.10983240
    0.01213183
   -0.10968496
   -0.03195621
   -0.42337483
    0.03161476
    0.03668502
    0.03636069
    0.03964149
    0.04839935
    0.04585140
    0.06835024
    0.03629081
    0.03797789
    0.03638688
    0.03599086
    0.02938045
    0.03867399
    0.04189687
    0.04838272
    0.04937813
    0.05205722
    0.04746773
    0.04363247
    0.03823994
    0.02520915
    0.05581174
    0.33972825
    0.03064562
    0.03723601
    0.04409228
    0.04919455
    0.05126705
    0.04531121
    0.04864209
    0.05190311
    0.04336137
