           1           2   1.4395972686520924     
           2           3   1.4424239945087463     
           1           4  0.10916355055397126     
           3           4   1.4329638159987694     
           2           5  0.11169215463137468     
           4           5   1.4508455626060930     
           1           6   1.4167641513653721     
           3           6  0.10929109198682914     
           5           6   1.4054706663995249     
           6           7  0.99082222980386814     
           7           8  0.94963055953207676     
           8           9  0.98751626497278500     
           9          10   1.4135540106049262     
          10          11   1.4442537464329821     
           9          12  0.10970647035665768     
          11          12   1.4393558872905112     
          10          13  0.11131102205631201     
          12          13   1.4379407568418432     
           9          14   1.4128531316051403     
          11          14  0.11138423351872857     
          13          14   1.4455440280624434     
           8          15  0.96274288228785532     
          15          16   1.1904154477423017     
          16          17  0.97576055661556294     
          17          18   1.3977793575596951     
          18          19   1.4262878216533168     
          19          20   1.0283564025594258     
          17          21  0.10274914092305450     
          19          21   1.3708377676040215     
          21          22   1.0306537905143536     
          18          23  0.10242059147126485     
          21          23   1.4146980556667774     
          17          24   1.3938688341853758     
          19          24  0.10389471153308949     
          23          24   1.4470838107002426     
          15          25  0.18456425025006026     
          16          25   1.6904668546443316     
          15          26  0.98710600537567383     
          26          27  0.91068492216514785     
          27          28   1.1251979252413593     
          27          29   1.7679311735963172     
          28          29  0.16559144549798135     
           7          30  0.96172679103793757     
          26          30  0.97423936896599206     
          30          31   1.2265363342943605     
          31          32  0.97795787401438561     
          32          33   1.3952659349005996     
          33          34   1.4449131390689154     
          32          35  0.10232554762752460     
          34          35   1.4157580723249441     
          35          36   1.0307912336734377     
          33          37  0.10340589479201284     
          35          37   1.3687138619642185     
          37          38   1.0292483020407635     
          32          39   1.3960364642541434     
          34          39  0.10229713944998245     
          37          39   1.4270507292629027     
          30          40  0.18308492532081044     
          31          40   1.6447863510497851     
           1          41  0.96829821149366291     
           2          42  0.97065768081547954     
           3          43  0.97107830431219500     
           4          44  0.97054679083989903     
           5          45  0.96601095414137972     
           7          46  0.95474935560884977     
           8          47  0.95155396640749645     
          10          48  0.96857351934731239     
          11          49  0.97059003425551948     
          12          50  0.97114270175079542     
          13          51  0.97083395385630122     
          14          52  0.96816603187502481     
          18          53  0.96696047267281071     
          20          54  0.98542011076930103     
          20          55  0.97001057828659831     
          20          56  0.96946360738000636     
          22          57  0.96840111915126392     
          22          58  0.96934219823421941     
          22          59  0.98517418595411543     
          23          60  0.96722675811910952     
          24          61  0.96906050602822802     
          26          62  0.94239505588242123     
          28          63  0.86036153243019975     
          33          64  0.96935593372225637     
          34          65  0.96735795038817174     
          36          66  0.98513024740924160     
          36          67  0.96895572753035575     
          36          68  0.96831215108687740     
          38          69  0.98507329084267536     
          38          70  0.96856384816850405     
          38          71  0.96948823013012453     
          39          72  0.96631105075878221     
