   -0.02834021
   -0.02977509
    0.01411477
   -0.03265114
   -0.02895168
   -0.02881535
   -0.03577270
    0.01397077
   -0.04812204
   -0.00028770
    0.04212877
    0.03599271
   -0.01047818
   -0.04367143
    0.01202867
   -0.03595511
   -0.02434930
   -0.02184344
   -0.02926875
    0.01370486
   -0.03196987
   -0.03512477
   -0.11169777
    0.27050310
   -0.00493934
   -0.02178473
   -0.02117323
   -0.01617392
    0.02718640
    0.11442330
   -0.21654355
   -0.01154558
   -0.45370701
    0.08230355
    0.35105360
   -0.36707795
   -0.36210305
   -0.10876041
    0.27238929
   -0.01561965
   -0.01607123
    0.02385623
    0.11345790
   -0.22136075
   -0.01743447
   -0.02140710
   -0.02560425
   -0.40761345
    0.05592155
    0.04468135
    0.03660727
    0.03362895
    0.03233584
    0.02882535
    0.02419635
    0.08439984
    0.05676216
    0.02663236
    0.03169707
    0.04019047
    0.04602597
    0.04436014
    0.04458960
    0.02404330
    0.04635814
    0.05369791
    0.05438721
    0.05168388
    0.05540139
    0.36531384
    0.05005038
    0.05174662
    0.05339948
    0.06194387
