           1           2   1.5529824701484678     
           2           3   1.2828382649448553     
           3           4   1.2785130705328234     
           4           5   1.5594334848297839     
           5           6   1.3182704207726634     
           4           7  0.11847299674949896     
           6           7   1.5601675098049386     
           3           8   1.2487080350580668     
           7           8   1.2761068877319146     
           2           9  0.11720589241003056     
           8           9   1.2863522196961932     
           1          10   1.3045696412396433     
           9          10   1.5182699911752169     
          10          11  0.98090209656101079     
          11          12  0.95714564193201790     
          12          13  0.98680970837644044     
          13          14   1.5235018770057891     
          14          15   1.2831064875163363     
          15          16   1.2773497793638879     
          16          17   1.5582766079148265     
          17          18   1.3201853217534107     
          16          19  0.11785171531703358     
          18          19   1.5558238710820553     
          15          20   1.2491804633036567     
          19          20   1.2819338634665360     
          14          21  0.11246130106734391     
          20          21   1.2763123647534891     
          13          22   1.2920021339917194     
          21          22   1.5642533678750856     
          12          23  0.95154410373963827     
          23          24   1.2786624794540915     
          24          25  0.96667904918559233     
          25          26   1.3971309750444423     
          26          27   1.4339987889411527     
          25          28  0.10439724898048393     
          27          28   1.4521419373770486     
          28          29   1.3620884186360338     
          29          30   1.0886573213532234     
          30          31   2.8134865107957858     
          25          32   1.4176218916589085     
          27          32  0.10586489222445022     
          29          32   1.3679051145019396     
          23          33  0.18938024468877368     
          24          33   1.5960420714271419     
          23          34  0.96051595441042059     
          34          35  0.88682985425284544     
          35          36   1.2113355278389921     
          35          37   1.7751319003138661     
          36          37  0.18491883154905847     
          11          38  0.96703779086401620     
          34          38   1.0051021792992518     
          38          39   1.1907093074245876     
          39          40  0.96300349954613318     
          40          41   1.4180765629105927     
          41          42   1.3665379416719530     
          42          43   1.0901010717555104     
          43          44   2.8114503450886228     
          40          45  0.10269585843834397     
          42          45   1.3622902248769451     
          41          46  0.10560117029580018     
          45          46   1.4522734841281222     
          40          47   1.3952211263244283     
          42          47  0.10040160105177506     
          46          47   1.4353756857350022     
          38          48  0.18781338077623358     
          39          48   1.7073919435062768     
           1          49  0.96327138129269518     
           2          50  0.96719258344495107     
           4          51  0.96816490060909211     
           5          52  0.97092090250112917     
           6          53  0.97099804553061020     
           7          54  0.96847389250085758     
           9          55  0.96391918945085153     
          11          56  0.93927955489068293     
          12          57  0.95117824639512616     
          14          58  0.96533505381120399     
          16          59  0.96827591070932251     
          17          60  0.97036146347243790     
          18          61  0.96993946010014365     
          19          62  0.96750490430143254     
          21          63  0.96723471887541679     
          22          64  0.96835650266149076     
          26          65  0.96884636008056302     
          27          66  0.96758027544458713     
          28          67  0.96917803636240440     
          32          68  0.96832240916556489     
          34          69  0.93636400218825067     
          36          70  0.76075003846372702     
          41          71  0.96835056065108116     
          45          72  0.96946026879604241     
          46          73  0.96764937271091955     
          47          74  0.96508586347430181     
