   -0.03952119
   -0.02733929
   -0.02831433
   -0.02394898
   -0.03674495
   -0.00791597
    0.03210009
    0.04441600
    0.00736524
   -0.02767038
   -0.02489575
   -0.02761222
   -0.02684670
   -0.03170644
   -0.14023205
    0.26680136
   -0.05826403
    0.07428367
   -0.17480711
    0.11990126
   -0.12004266
   -0.08027299
   -0.43007483
    0.06983228
    0.34628895
   -0.35643663
   -0.34748027
   -0.12478016
    0.27460169
   -0.04766098
    0.06743323
   -0.17619815
    0.11630135
   -0.11929967
   -0.06773223
   -0.42326052
    0.03098801
    0.03837747
    0.03961796
    0.04501159
    0.05012679
    0.05643775
    0.05059677
    0.03688102
    0.03946878
    0.03749465
    0.03696781
    0.02906950
    0.06008544
    0.06639848
    0.06472926
    0.06839277
    0.05006495
    0.10941803
    0.33113020
    0.05605225
    0.06771735
    0.06207962
    0.06494462
    0.05768228
