           1           2   1.4514748495245120     
           2           3   1.4320794174850524     
           1           4  0.11278906705268407     
           3           4   1.4463218124789887     
           2           5  0.11002248949660701     
           4           5   1.4345515396215487     
           1           6   1.4042126429997959     
           3           6  0.10920218235162805     
           5           6   1.4200221556114681     
           6           7  0.98551760372156294     
           7           8  0.94622192754230305     
           8           9  0.99061551094984379     
           9          10   1.4169802575986981     
          10          11   1.4404793997074370     
           9          12  0.10934894920379067     
          11          12   1.4422185459806505     
          10          13  0.11042224697644737     
          12          13   1.4351081077446590     
           9          14   1.4083751775452469     
          11          14  0.11198361458422504     
          13          14   1.4490214195921789     
           8          15  0.95596920700300481     
          15          16   1.1816037914165869     
          16          17  0.99462634423304075     
          17          18   1.5596316142929134     
          18          19   1.1499098279842472     
          18          20  0.13028602701148004     
          19          20   1.1134803443753096     
          20          21   1.0310131213235090     
          17          22   1.2386103323935773     
          20          22   1.5885436005505369     
          15          23  0.18511761779592822     
          16          23   1.6816340413677020     
          15          24  0.98253578821587073     
          24          25  0.90320043842199160     
          25          26   1.1514778266985517     
          25          27   1.8018637212781798     
          26          27  0.17165223741409441     
           7          28  0.97691468058115272     
          24          28  0.98605156817912165     
          28          29   1.1606819494931668     
          29          30   1.0228110599061286     
          30          31   1.5336182792974382     
          31          32   1.1569789623431661     
          31          33  0.13049433113409412     
          32          33   1.1039635817829747     
          33          34   1.0307177572733255     
          30          35   1.2399279466854130     
          33          35   1.5990438163395260     
          28          36  0.17315075810705280     
          29          36   1.6812350047009414     
           1          37  0.96836591116794957     
           2          38  0.97057108609531428     
           3          39  0.97080523218266046     
           4          40  0.97003702736323694     
           5          41  0.96465783545647255     
           7          42  0.94594438957564353     
           8          43  0.95572361027860397     
          10          44  0.96786806044385010     
          11          45  0.97051630350996154     
          12          46  0.97104556006156595     
          13          47  0.97079121698509940     
          14          48  0.96868395076422109     
          18          49  0.96528342663943723     
          21          50  0.96554290927944997     
          21          51  0.98218304047833016     
          21          52  0.97036268669258274     
          22          53  0.96996409661042460     
          24          54  0.91756063791087594     
          26          55  0.84923598258556432     
          31          56  0.96110450797650837     
          34          57  0.96933288730499312     
          34          58  0.98285612080781515     
          34          59  0.96727479064656363     
          35          60  0.97274938763787588     
