   -0.02414834
    0.48553917
   -0.20005821
   -0.20612719
   -0.22458793
   -0.01846164
   -0.01937090
   -0.01372492
   -0.02032931
    0.02709238
    0.04703598
    0.04803180
    0.02511189
   -0.02449698
    0.48542217
   -0.20030327
   -0.22470758
   -0.20436737
   -0.01940218
   -0.02018918
   -0.01535158
   -0.02428177
   -0.12283300
    0.27370069
   -0.03264020
    0.01283908
   -0.01038264
   -0.10456051
   -0.10380890
   -0.02806549
   -0.02437232
   -0.03013918
   -0.02916982
   -0.41360627
    0.08993967
    0.34936892
   -0.35695773
   -0.38372066
   -0.12040548
    0.27494781
   -0.03194221
   -0.02253274
   -0.02513022
   -0.02881674
   -0.03388034
    0.01090637
   -0.01553751
   -0.10405082
   -0.09961332
   -0.41227617
    0.06768155
    0.05859060
    0.05713800
    0.05354959
    0.06636090
    0.06359242
    0.06772701
    0.05787954
    0.05474837
    0.05879450
    0.02187221
    0.03260322
    0.04389181
    0.04011483
    0.04317730
    0.04497920
    0.04055189
    0.04607782
    0.04126788
    0.03787793
    0.03274281
    0.07035858
    0.34458417
    0.03101690
    0.04377973
    0.03927115
    0.04202834
    0.03608256
    0.04080584
    0.03936183
    0.04031079
    0.04103262
    0.04066301
    0.02389984
