           1           2  0.95261409767257965     
           2           3  0.95720620391777922     
           2           4  0.94440622809772212     
           2           5  0.92664079405592525     
           1           6   1.4109214278149933     
           6           7   1.4451001617526096     
           1           8  0.10392972920194121     
           7           8   1.4303155543356074     
           6           9  0.10891379080724391     
           8           9   1.4508731034858897     
           1          10   1.3860917049879187     
           7          10  0.10832127871997974     
           9          10   1.4048753221710939     
          10          11  0.99806617322071123     
          11          12  0.94849466813200878     
          12          13  0.99619475932852353     
          13          14   1.3867792773098127     
          14          15  0.95220098102514039     
          15          16  0.95660149868805944     
          15          17  0.92674646441869390     
          15          18  0.94586668230480908     
          14          19   1.4110203826236301     
          13          20  0.10829136366762596     
          19          20   1.4449714755956602     
          14          21  0.10443671069104915     
          20          21   1.4312173285366803     
          13          22   1.4065046248724138     
          19          22  0.10928027680983719     
          21          22   1.4503394806405303     
          12          23  0.95456332736960225     
          23          24   1.1886592971279821     
          24          25  0.95461696439608434     
          25          26   1.3863402795152715     
          26          27  0.99866094639154079     
          27          28   1.0018368821155317     
          27          29  0.99069318253162009     
          26          30   1.4088787346907909     
          25          31  0.10627215455590068     
          30          31   1.4491207109226789     
          26          32  0.10725046714919599     
          31          32   1.4299936167092251     
          25          33   1.3936907956190154     
          30          33  0.10979720282197111     
          32          33   1.4465933641488371     
          23          34  0.18766264238404257     
          24          34   1.7063628176212600     
          23          35  0.98484660970052385     
          35          36  0.90608532505190187     
          36          37   1.1522137588033783     
          36          38   1.7817491142329931     
          37          38  0.18095583569940471     
          11          39  0.95383119888516499     
          35          39  0.98699685619529187     
          39          40   1.1855978419675528     
          40          41  0.95362077689962055     
          41          42   1.4088569256535723     
          42          43   1.4413252237539436     
          41          44  0.10775589400778258     
          43          44   1.4340891612363020     
          42          45  0.11024064838412308     
          44          45   1.4469560069967127     
          41          46   1.3812197778113480     
          43          46  0.10925976675354389     
          45          46   1.4114893719321431     
          46          47  0.99730877569811460     
          47          48  0.99835200113589517     
          47          49  0.99578343238725631     
          39          50  0.18564185995188137     
          40          50   1.7082373995311542     
           6          51  0.96557854428396050     
           7          52  0.96870553076793942     
           8          53  0.96878062591924696     
           9          54  0.96137636750084865     
          11          55  0.95091956803913380     
          12          56  0.95113879648564592     
          19          57  0.96552394804143660     
          20          58  0.96874492143643998     
          21          59  0.96902942108103340     
          22          60  0.96053048325618740     
          27          61  0.96184448589861260     
          28          62  0.98383687592730995     
          28          63  0.98324819277783815     
          28          64  0.98436436560680152     
          29          65  0.98433751146508985     
          29          66  0.98661079178101740     
          29          67  0.98628921743864262     
          30          68  0.96497420499759534     
          31          69  0.97039558716007179     
          32          70  0.96969818519329098     
          33          71  0.96879776135763951     
          35          72  0.93860045707445960     
          37          73  0.85460170232002874     
          42          74  0.96987724383870910     
          43          75  0.96945967808473277     
          44          76  0.97051284378311076     
          45          77  0.96516649866581705     
          47          78  0.95940507637160199     
          48          79  0.98699591394455499     
          48          80  0.98538083479049243     
          48          81  0.98424642480243796     
          49          82  0.98476527459510166     
          49          83  0.98431350331589673     
          49          84  0.98398560292915338     
