   -0.03179704
   -0.02667125
   -0.02702573
   -0.02411371
   -0.02646494
    0.00768613
    0.03952991
    0.03682229
    0.00529270
   -0.03471802
   -0.02463728
   -0.02727075
   -0.02411966
   -0.02716450
   -0.09929601
    0.28176764
   -0.04299854
    0.09109031
   -0.10896717
    0.05700925
    0.09097081
   -0.10897296
   -0.06404352
   -0.39188079
    0.07944255
    0.35008744
   -0.36752514
   -0.36686280
   -0.10762156
    0.28345433
   -0.04818407
    0.08911261
   -0.09620277
    0.04987210
    0.08995933
   -0.10943280
   -0.06645710
   -0.38933723
    0.02461306
    0.03726652
    0.03926300
    0.04187043
    0.04240537
    0.07240670
    0.08335221
    0.03532137
    0.04075885
    0.03969429
    0.03738084
    0.02393170
    0.07300401
    0.07510186
    0.35005541
    0.07324232
