           1           2   1.4493766904326262     
           2           3   1.4346739894516733     
           1           4  0.11194840383948917     
           3           4   1.4427800973837568     
           2           5  0.11057298800156661     
           4           5   1.4401008031047136     
           1           6   1.4087621144005418     
           3           6  0.10961701902672245     
           5           6   1.4178672489828430     
           6           7  0.98862710195342396     
           7           8  0.95532937856629585     
           8           9  0.98398382589665712     
           9          10   1.4044693069916456     
          10          11   1.4515957665901451     
           9          12  0.10987920109886216     
          11          12   1.4326084675655939     
          10          13  0.11283298819858534     
          12          13   1.4455540045962703     
           9          14   1.4227570013087871     
          11          14  0.11007135707655029     
          13          14   1.4358521351971401     
           8          15  0.96105565952626271     
          15          16   1.2100092342302493     
          16          17  0.94192076290264204     
          17          18   1.5467888220170611     
          18          19   1.0216719052361563     
          18          20   1.1440002891257406     
          20          21   1.1502656557513828     
          21          22   1.0223326898091869     
          17          23   1.2267731255039307     
          21          23   1.5726178207804846     
          15          24  0.19777324503967761     
          16          24   1.7131950625722772     
          15          25  0.98831599525272917     
          25          26  0.89836405688853005     
          26          27   1.1526777256792988     
          26          28   1.7986915437407640     
          27          28  0.18529353618002514     
           7          29  0.94879075953464675     
          25          29  0.98984884386128658     
          29          30   1.2076031826805778     
          30          31  0.94329666015151181     
          31          32   1.5450063966478456     
          32          33   1.0328627414436526     
          32          34   1.1387993705722226     
          34          35   1.1459950523170270     
          35          36   1.0207092639524327     
          31          37   1.2243730918260027     
          35          37   1.5776722910100125     
          29          38  0.19572956621983648     
          30          38   1.7181756407211917     
           1          39  0.96942139187886311     
           2          40  0.97074970535437877     
           3          41  0.97094788068018867     
           4          42  0.97031993757481994     
           5          43  0.96756051395056519     
           7          44  0.95271341854890768     
           8          45  0.94388561190667208     
          10          46  0.96850121595089733     
          11          47  0.97035280252441936     
          12          48  0.97086295405629697     
          13          49  0.97076046700175911     
          14          50  0.96545281083850987     
          23          51  0.95888458283823119     
          25          52  0.93454900259953166     
          27          53  0.85100435764986826     
          37          54  0.95857803508362971     
