   -0.02171101
    0.48554794
   -0.22416223
   -0.20369752
   -0.19854744
   -0.01774648
   -0.01961167
   -0.01587132
   -0.02624356
    0.02552024
    0.04757520
    0.04726127
    0.02461608
   -0.02116999
    0.48564985
   -0.19831820
   -0.20305559
   -0.22403511
   -0.01735179
   -0.01912513
   -0.01488977
   -0.02240846
   -0.11462119
    0.27308807
   -0.01243018
    0.02457902
    0.11838134
   -0.24019968
   -0.01180509
   -0.02121348
   -0.01675065
   -0.02248953
   -0.39926434
    0.09111415
    0.34903947
   -0.34544850
   -0.39539791
   -0.11378431
    0.27234606
   -0.01214030
   -0.01866915
   -0.01489536
   -0.01848363
   -0.01247173
    0.01937108
    0.11178042
   -0.23227247
   -0.40308409
    0.07011623
    0.05945436
    0.05625144
    0.05912683
    0.07056151
    0.07304939
    0.07077812
    0.06065170
    0.05936493
    0.04932653
    0.05561437
    0.05243655
    0.05538922
    0.04942933
    0.06412154
    0.35904957
    0.05042169
    0.05426856
    0.05386055
    0.05422425
