           1           2  0.95175147470069565     
           2           3  0.92728802622594542     
           2           4  0.94626686394380088     
           2           5  0.95772035088873841     
           1           6   1.4131026129447402     
           6           7   1.4432302835375033     
           1           8  0.10492047004610802     
           7           8   1.4331989859581029     
           6           9  0.10918392546768861     
           8           9   1.4481749101608994     
           1          10   1.3862177936829543     
           7          10  0.10860358581530989     
           9          10   1.4092958588090758     
          10          11  0.99375021709997491     
          11          12  0.95248950492465778     
          12          13  0.99329262542462993     
          13          14   1.3882139881415079     
          14          15  0.95189688832858965     
          15          16  0.95792310911991163     
          15          17  0.94685585480702061     
          15          18  0.92719831360064831     
          14          19   1.4117040690125484     
          13          20  0.10878088735939653     
          19          20   1.4445174413166308     
          14          21  0.10470944540033611     
          20          21   1.4317448878826948     
          13          22   1.4078061735779472     
          19          22  0.10915568574586844     
          21          22   1.4497009452840290     
          12          23  0.95204594714318758     
          23          24   1.1995957521287859     
          24          25  0.95122611149506742     
          25          26   1.3328917738704542     
          26          27   1.0947095241053773     
          27          28   2.7973459784325234     
          26          29   1.3616318656208397     
          25          30  0.10444644154349154     
          29          30   1.4543332363672261     
          26          31  0.10022108323176726     
          30          31   1.4300078161089318     
          25          32   1.4205204258692539     
          29          32  0.10516630673435998     
          31          32   1.4332374440566742     
          23          33  0.19281926461178087     
          24          33   1.7119764906483068     
          23          34  0.98761146818632184     
          34          35  0.90304382243971015     
          35          36   1.1816392528472544     
          35          37   1.7669545151353934     
          36          37  0.18697937003407120     
          11          38  0.95117403394010425     
          34          38  0.98688094973112472     
          38          39   1.2051334764127963     
          39          40  0.95655761039047016     
          40          41   1.4199685967491325     
          41          42   1.4342090042448394     
          40          43  0.10355036324755174     
          42          43   1.4298778585052785     
          41          44  0.10399946324072898     
          43          44   1.4523636504345108     
          40          45   1.3278357959475464     
          44          45   1.3633682245118794     
          45          46   1.0945926990311763     
          46          47   2.7944364927761955     
          38          48  0.19501375388077832     
          39          48   1.7035069443910253     
           6          49  0.96520608718445466     
           7          50  0.96856895862144232     
           8          51  0.96888310667425515     
           9          52  0.96166682515785962     
          11          53  0.95095353745342370     
          12          54  0.95141769463816828     
          19          55  0.96513564376571415     
          20          56  0.96845211857610658     
          21          57  0.96853460312021167     
          22          58  0.96633688009314289     
          29          59  0.96821100979343200     
          30          60  0.96844495949624754     
          31          61  0.96855477862230233     
          32          62  0.96738275133007068     
          34          63  0.93739610046497190     
          36          64  0.84007570938110854     
          41          65  0.96761728217296405     
          42          66  0.96873639077179408     
          43          67  0.96829750514187019     
          44          68  0.96838860787561476     
