   -0.03481238
   -0.02506040
   -0.02832520
   -0.02821239
   -0.03639479
   -0.00403674
    0.04195454
    0.04957357
    0.01098323
   -0.02997532
   -0.02656928
   -0.02725792
   -0.02379295
   -0.02723755
   -0.11975828
    0.27932541
   -0.02282910
    0.06257194
   -0.11759421
   -0.02363431
   -0.02103723
   -0.02416667
   -0.02495875
   -0.40854412
    0.10221832
    0.36948517
   -0.35592071
   -0.38845264
   -0.11014859
    0.27981017
   -0.01634203
   -0.02662458
   -0.02747459
   -0.02478708
   -0.03074342
    0.06000198
   -0.10397168
   -0.41662254
    0.05603206
    0.05055483
    0.04132475
    0.03783550
    0.02835339
    0.04406661
    0.06276132
    0.02375355
    0.03631002
    0.03867018
    0.04098984
    0.03826057
    0.05964124
    0.05042476
    0.04693789
    0.03519236
    0.05913110
    0.35176832
    0.03953934
    0.04801086
    0.05043846
    0.05936414
