           1           2   1.4454881677462559     
           2           3   1.4362216032769803     
           1           4  0.11106816978243962     
           3           4   1.4397878547927019     
           2           5  0.10974266392682867     
           4           5   1.4421282878596957     
           1           6   1.4085753996146750     
           3           6  0.10855678453589795     
           5           6   1.4133838255623821     
           6           7  0.99091221474517066     
           7           8  0.95191826944716640     
           8           9  0.98940822279744089     
           9          10   1.4098874027850299     
          10          11   1.4472871624021306     
           9          12  0.10942033179259864     
          11          12   1.4363750958995056     
          10          13  0.11147944364847509     
          12          13   1.4407233392305703     
           9          14   1.4148615228594283     
          11          14  0.11083480256607488     
          13          14   1.4426236062772142     
           8          15  0.95489842903001243     
          15          16   1.2061550935049781     
          16          17  0.95833989994270996     
          17          18   1.3989120235071053     
          18          19  0.96664779421640845     
          18          20   1.4255857096682067     
          17          21  0.10828179457371384     
          20          21   1.4360409057129135     
          18          22  0.10247428535461299     
          21          22   1.4344943381280399     
          17          23   1.3994889666435109     
          20          23  0.10917702234557412     
          22          23   1.4421895911231504     
          15          24  0.19123784544036193     
          16          24   1.6979876611122491     
          15          25  0.98562574273520998     
          25          26  0.90237495141454938     
          26          27   1.1544341126349871     
          26          28   1.7729471340653300     
          27          28  0.17583027954467864     
           7          29  0.95818358868058118     
          25          29  0.97921246955993579     
          29          30   1.2343710899362832     
          30          31  0.97380597307619532     
          31          32   1.3921731759592775     
          32          33   1.4469863420552866     
          31          34  0.10582753415192434     
          33          34   1.4295868022868183     
          32          35  0.10801740500301082     
          34          35   1.4391569199726595     
          31          36   1.3916858296714090     
          33          36  0.10070509940173501     
          35          36   1.4221226307179686     
          36          37  0.97953858046454201     
          29          38  0.18794779655894450     
          30          38   1.6500878302922932     
           1          39  0.96293222775198373     
           2          40  0.96910416164786262     
           3          41  0.97069064914386627     
           4          42  0.97056408163148378     
           5          43  0.96832902879832372     
           7          44  0.95337519652044755     
           8          45  0.95198825324872938     
          10          46  0.96896948257038296     
          11          47  0.97083514466132437     
          12          48  0.97099023198759782     
          13          49  0.97039076982299743     
          14          50  0.96830503014022717     
          20          51  0.96727201308991884     
          21          52  0.96793840449780599     
          22          53  0.96899942376760828     
          23          54  0.96759219564200005     
          25          55  0.94460083783228954     
          27          56  0.85020704293140126     
          32          57  0.96728548619288979     
          33          58  0.96892230445109906     
          34          59  0.96806041467026849     
          35          60  0.96723154056129101     
