    0.13714435
   -0.27687506
    0.03584384
   -0.06572824
   -0.03144665
   -0.03852552
   -0.03672742
   -0.02652776
    0.03999155
    0.05200747
   -0.01069815
   -0.02692780
   -0.03694227
   -0.02995750
   -0.06473273
    0.14075461
   -0.28095163
    0.04190900
   -0.10150692
    0.27553670
   -0.03894268
   -0.01326436
   -0.03891567
    0.03166355
    0.00395248
   -0.02727704
   -0.03170912
   -0.03220898
   -0.03982003
   -0.42003193
    0.09739457
    0.37069363
   -0.35781400
   -0.40360610
   -0.10241750
    0.27604071
   -0.03067829
   -0.01089547
   -0.04337380
    0.03098002
    0.00698725
   -0.02710498
   -0.03133057
   -0.03054527
   -0.03854068
   -0.43216862
    0.06315171
    0.04398981
    0.04848935
    0.04145387
    0.03920311
    0.04294767
    0.06271417
    0.07049757
    0.06532731
    0.04473237
    0.04218447
    0.04026721
    0.03957592
    0.04128252
    0.05779646
    0.04092262
    0.04431215
    0.04587076
    0.04025484
    0.03865745
    0.04205077
    0.06931506
    0.34460479
    0.04900565
    0.05457786
    0.04143815
    0.04048476
    0.04218461
