           1           2   1.0589706736629787     
           2           3  0.98024107856964826     
           1           4   1.3796793320599661     
           4           5   1.4357036836753252     
           5           6   1.4409069041036238     
           4           7  0.10344650065736735     
           6           7   1.4287834979773966     
           1           8   1.3257076482178303     
           5           8  0.10535858602268605     
           7           8   1.4321049880800363     
           8           9  0.99018863083056741     
           9          10  0.95352751270639358     
          10          11  0.99097945978817703     
          11          12   1.4371863764745145     
          12          13   1.4254069356901615     
          11          14  0.10693790316518902     
          13          14   1.4455955226664081     
          12          15  0.10280208510843100     
          14          15   1.4323273861463528     
          11          16   1.3263628634076194     
          15          16   1.3863483830799306     
          16          17   1.0501994145796623     
          17          18  0.98512468517431873     
          10          19  0.95579558092671324     
          19          20   1.2199504687180007     
          20          21  0.95141670935306732     
          21          22   1.6503271816551852     
          21          23  0.10015090568599599     
          22          23   1.1524200010287295     
          23          24   1.1052984508922905     
          21          25   1.1564157975981475     
          24          25   1.2914155714870854     
          25          26   1.3341031341536178     
          26          27   1.4951676799214351     
          27          28   1.3837139177016660     
          24          29   1.3774635884617270     
          26          29  0.11168809967795573     
          28          29   1.4752847385935539     
          19          30  0.19496201800098997     
          20          30   1.6870839011577248     
          19          31  0.98814527556121579     
          31          32  0.90631300183555641     
          32          33   1.1572852261763071     
          32          34   1.7517407319500382     
          33          34  0.17249270037027786     
           9          35  0.95800369206002600     
          31          35  0.97727162943910395     
          35          36   1.2367400236399178     
          36          37  0.97340052922535780     
          37          38   1.6368900306978214     
          38          39   1.1582078254880097     
          39          40   1.0969676031248088     
          37          41   1.1509194805600909     
          40          41   1.2972091791025657     
          41          42   1.3351676849288110     
          42          43   1.4931651975876674     
          43          44   1.3858705118653556     
          40          45   1.3783715256120068     
          42          45  0.11205609520321988     
          44          45   1.4735930844215741     
          35          46  0.18800822104793585     
          36          46   1.6375468086680913     
           3          47  0.97935821434129067     
           3          48  0.97648843310136513     
           3          49  0.97425242836758119     
           4          50  0.96519495907368524     
           5          51  0.97079446056630148     
           6          52  0.97021136764564297     
           7          53  0.96193027609233783     
           9          54  0.95108213512816231     
          10          55  0.95292066429647238     
          12          56  0.96705624079618913     
          13          57  0.97029452268316252     
          14          58  0.97078481696964447     
          15          59  0.96534836745688102     
          18          60  0.97613057911850443     
          18          61  0.97928001163501532     
          18          62  0.97645122036484178     
          22          63  0.96958018754273567     
          26          64  0.96685314245236076     
          27          65  0.97045875443044816     
          28          66  0.97015052888627018     
          29          67  0.96850841677953003     
          31          68  0.94244864318447874     
          33          69  0.85527949858513186     
          38          70  0.96920925861635299     
          42          71  0.96534596151577279     
          43          72  0.97029786048547495     
          44          73  0.96994639403717331     
          45          74  0.96850466269619517     
