    0.14156548
   -0.27712704
    0.03735582
   -0.06369908
   -0.02922267
   -0.03848323
   -0.03115299
   -0.01375432
    0.05234651
    0.04433094
   -0.02045508
   -0.03079525
   -0.03505986
   -0.02946216
   -0.06402193
    0.13921307
   -0.29726718
    0.02738898
   -0.12048748
    0.27317767
   -0.01446838
   -0.05057578
    0.07011440
   -0.14342124
   -0.04020869
    0.07412254
   -0.41717281
    0.07906056
    0.36624390
   -0.36345858
   -0.35630945
   -0.13250652
    0.27228875
   -0.01841254
   -0.03368434
    0.07689766
   -0.14013071
   -0.02265961
    0.02488895
   -0.40976523
    0.06046572
    0.04172034
    0.04979230
    0.04374431
    0.04388704
    0.04365465
    0.03971109
    0.07174230
    0.05026692
    0.04195397
    0.05104942
    0.04741415
    0.04790499
    0.07961913
    0.05112359
    0.05218776
    0.05978816
    0.07333945
    0.07087376
    0.34901170
    0.07281039
    0.07270583
