           1           2   1.0591824717032241     
           2           3  0.98143981600447305     
           1           4   1.3820987322015090     
           4           5   1.4347776958824559     
           5           6   1.4442888026613039     
           4           7  0.10287509733882902     
           6           7   1.4248203431174296     
           1           8   1.3232379476872642     
           5           8  0.10607025277038852     
           7           8   1.4386663126046209     
           8           9  0.99138287815283210     
           9          10  0.94481515026485796     
          10          11  0.99816914140115176     
          11          12   1.4250250455684086     
          12          13   1.4323075654862691     
          11          14  0.10680004583925748     
          13          14   1.4399295536738248     
          12          15  0.10289259004114046     
          14          15   1.4357808903493496     
          11          16   1.3305052031389621     
          15          16   1.3853829827505124     
          16          17   1.0390278720838519     
          17          18  0.96944337658218060     
          10          19  0.95976137011047435     
          19          20   1.2101499668780562     
          20          21   1.0072677889374142     
          21          22   1.5568008479193216     
          22          23   1.2682661472519765     
          23          24  0.98775819992607727     
          21          25  0.10525053608525921     
          23          25   1.5608404332962327     
          21          26   1.1671636577606241     
          25          26   1.2192061825804805     
          19          27  0.19034613017297475     
          20          27   1.6498179409847893     
          19          28  0.97600111278096868     
          28          29  0.89366462197872421     
          29          30   1.1610634775548916     
          29          31   1.7894318481431652     
          30          31  0.16662623413088215     
           9          32  0.95990990367771445     
          28          32  0.97823309986770168     
          32          33   1.1796417938535093     
          33          34   1.0090425655937481     
          34          35   1.5647391232779273     
          35          36   1.2659676899801535     
          36          37  0.98820107147156300     
          34          38  0.10690683010244055     
          36          38   1.5676733162892575     
          34          39   1.1518727877413779     
          38          39   1.2085131506931583     
          32          40  0.18217141165154641     
          33          40   1.6819810099236041     
           3          41  0.97969947560017556     
           3          42  0.97654547187049179     
           3          43  0.97616394858470557     
           4          44  0.96516891904405544     
           5          45  0.97049683106340257     
           6          46  0.97032515672199326     
           7          47  0.96749103826779737     
           9          48  0.94727117074389033     
          10          49  0.95149506198142908     
          12          50  0.96692506527200894     
          13          51  0.96935786363941612     
          14          52  0.97012226770267973     
          15          53  0.96413032929335918     
          18          54  0.97452636094327183     
          18          55  0.97582102736314158     
          18          56  0.97687203292737734     
          22          57  0.96188439225360689     
          25          58  0.96762737093074491     
          28          59  0.94345549622939262     
          30          60  0.82420985686343262     
          35          61  0.96084549855448609     
          38          62  0.96711868696911629     
