   -0.03895006
   -0.03383067
    0.01266440
   -0.03362764
   -0.02651848
   -0.02613084
   -0.03266175
    0.01477956
   -0.04037271
   -0.00891079
    0.03742404
    0.05123968
    0.00900301
   -0.03398351
    0.01823347
   -0.03241566
   -0.02757460
   -0.02796140
   -0.03315722
    0.01517444
   -0.03253815
   -0.03311529
   -0.12472125
    0.28200408
   -0.01509624
   -0.03580973
   -0.02711074
   -0.03325471
    0.08741362
   -0.14837833
   -0.02228468
   -0.39663017
    0.07955418
    0.34814829
   -0.36812505
   -0.36747563
   -0.10545606
    0.26995640
   -0.00662895
   -0.03370646
    0.08661689
   -0.14956135
   -0.03074394
   -0.02185322
   -0.02140120
   -0.45509131
    0.03253922
    0.04247353
    0.03727997
    0.03860463
    0.04029833
    0.04241228
    0.03473507
    0.05376526
    0.05831809
    0.03820067
    0.03603633
    0.03468121
    0.03439217
    0.03493440
    0.03815392
    0.02551320
    0.03766786
    0.04974122
    0.06091284
    0.07862155
    0.06362949
    0.36683745
    0.05582870
    0.06465477
    0.05722104
    0.05541250
