           1           2   1.5600751704756277     
           2           3   1.2783853071489331     
           3           4   1.2808929507883744     
           4           5   1.5571223539453936     
           5           6   1.3197910086482296     
           4           7  0.11831168151220052     
           6           7   1.5586982771996276     
           3           8   1.2486473380857694     
           7           8   1.2773772373487049     
           2           9  0.11461632432572942     
           8           9   1.2855016051295201     
           1          10   1.2963661123187675     
           9          10   1.5206392353509639     
          10          11  0.98991094655733580     
          11          12  0.95335807141018136     
          12          13  0.99093777254967563     
          13          14   1.5284396261696465     
          14          15   1.2808523893146919     
          15          16   1.2790981158156713     
          16          17   1.5573654807941324     
          17          18   1.3213403503065129     
          16          19  0.11818911572855421     
          18          19   1.5557228916913688     
          15          20   1.2513424386054108     
          19          20   1.2823200804863175     
          14          21  0.11386625316674910     
          20          21   1.2751542522663102     
          13          22   1.2918371669353899     
          21          22   1.5655237358492891     
          12          23  0.95517735368025314     
          23          24   1.1676866835921993     
          24          25  0.96494375534999544     
          25          26   1.4000733245548436     
          26          27   1.4402630833130530     
          25          28  0.10681596330800031     
          27          28   1.4372976912023139     
          28          29   1.4076958096248167     
          29          30  0.98814680216075124     
          25          31   1.4039210338431520     
          27          31  0.10823105545906518     
          29          31   1.4159542629942450     
          23          32  0.17914754373323355     
          24          32   1.7237738930511857     
          23          33   1.0016966707196937     
          33          34  0.88239669396185305     
          34          35   1.2096032423738914     
          34          36   1.7765712486859448     
          35          36  0.18345929447734194     
          11          37  0.95157968104006851     
          33          37  0.96734354636470032     
          37          38   1.2808258876864751     
          38          39  0.96887915467713881     
          39          40   1.4054269678888720     
          40          41   1.4110723899613038     
          41          42  0.98996680072864074     
          39          43  0.10674814351988313     
          41          43   1.4085842968047217     
          40          44  0.10786606362501892     
          43          44   1.4365446222956324     
          39          45   1.3982012209413184     
          44          45   1.4404480173619916     
          37          46  0.18966999368559975     
          38          46   1.5923824675293168     
           1          47  0.96776044064091915     
           2          48  0.96726475138136891     
           4          49  0.96806569565164491     
           5          50  0.97056493290729162     
           6          51  0.97041093263722389     
           7          52  0.96760746050880841     
           9          53  0.96483830947141269     
          11          54  0.95134828325338572     
          12          55  0.95353736619932428     
          14          56  0.96544435217625479     
          16          57  0.96815556574727579     
          17          58  0.97081551291487378     
          18          59  0.97089262472334537     
          19          60  0.96825297776272568     
          21          61  0.96777625792234934     
          22          62  0.96840271190599503     
          26          63  0.96828962520216555     
          27          64  0.96783129124979950     
          28          65  0.96767242461068670     
          31          66  0.96348763879794797     
          33          67  0.93864586018414875     
          35          68  0.76120840324310646     
          40          69  0.96615825046621207     
          43          70  0.96709787729348584     
          44          71  0.96673120845071114     
          45          72  0.96800425222132813     
