   -0.03263208
   -0.02673085
   -0.02515351
   -0.03232441
    0.00662526
    0.01337526
   -0.03502373
   -0.02962064
   -0.03684613
   -0.01362794
    0.03653994
    0.03813311
   -0.01771677
   -0.03906502
   -0.03012738
   -0.03289145
    0.01449177
    0.00798382
   -0.04021650
   -0.02601444
   -0.02732371
   -0.03411648
   -0.15616398
    0.27279794
   -0.01757295
   -0.03557105
   -0.02179098
   -0.02772319
    0.08839656
   -0.14731838
   -0.02372673
   -0.40814440
    0.08066331
    0.34900793
   -0.35960710
   -0.34106899
   -0.12372535
    0.27875576
   -0.00730347
   -0.03301870
    0.08436973
   -0.15483590
   -0.03216481
   -0.02459888
   -0.02005423
   -0.42333087
    0.03839317
    0.04042269
    0.03809327
    0.02072231
    0.04103514
    0.04404996
    0.03590384
    0.05437333
    0.07650026
    0.03336676
    0.04265098
    0.04044255
    0.05855752
    0.03823567
    0.03553254
    0.03605474
    0.04421638
    0.05761750
    0.06496223
    0.07159582
    0.09118232
    0.33244954
    0.05901935
    0.06040935
    0.05289776
    0.05732563
