           1           2   1.5557588512151450     
           2           3   1.3234714809609593     
           1           4  0.11778377971152723     
           3           4   1.5520418448208690     
           4           5   1.2842471969136318     
           1           6   1.2807796553148161     
           5           6   1.2504908640571417     
           6           7   1.2794439079799249     
           7           8   1.5516266790851685     
           8           9   1.3280222372424670     
           5          10   1.2524387576833580     
           7          10  0.11467398620330924     
           9          10   1.5196247214826228     
          10          11  0.99321141895830956     
          11          12  0.94895410782700285     
          12          13  0.98842163124416005     
          13          14   1.5239637206334680     
          14          15   1.3252421401679764     
          13          16  0.11454473066351199     
          15          16   1.5519069665187837     
          16          17   1.2812022250099344     
          13          18   1.2517377523691691     
          17          18   1.2504364376637651     
          18          19   1.2850963302106886     
          19          20   1.5526947187647822     
          20          21   1.3233642384980993     
          17          22   1.2792010784468488     
          19          22  0.11891705735488527     
          21          22   1.5565643886071920     
          12          23  0.94405654365491742     
          23          24   1.1644495763013198     
          24          25  0.98106379367628327     
          25          26   1.3940265274824966     
          26          27   1.4398776448880899     
          25          28  0.10417385377761822     
          27          28   1.4380782006519950     
          28          29   1.4044994933548418     
          29          30  0.99087290859540034     
          25          31   1.3932121563601054     
          27          31  0.10738596130544131     
          29          31   1.4182456701290431     
          23          32  0.17481547073168166     
          24          32   1.7073947877212001     
          23          33  0.98351023989761555     
          33          34  0.90622436782628590     
          34          35   1.1402427629035696     
          34          36   1.8125290706505213     
          35          36  0.16956454512017688     
          11          37  0.96121592542108492     
          33          37  0.98132450780111180     
          37          38   1.1928000986832923     
          38          39  0.97750352498280257     
          39          40   1.3970033928903836     
          40          41   1.4184841474360177     
          41          42  0.98353473067268893     
          39          43  0.10535383823861524     
          41          43   1.4070698365105199     
          40          44  0.10731197983451178     
          43          44   1.4360896725605989     
          39          45   1.3973607942442270     
          44          45   1.4422103171484830     
          37          46  0.18510693821979612     
          38          46   1.6865143844657837     
           1          47  0.96765960252063865     
           2          48  0.97020789590966450     
           3          49  0.96961031380987983     
           4          50  0.96315030355126185     
           7          51  0.96745827025865716     
           8          52  0.96946356905149822     
           9          53  0.96655316528693414     
          11          54  0.94674994554218028     
          12          55  0.94671930493991108     
          14          56  0.95938393814461531     
          15          57  0.96978304719957531     
          16          58  0.96729493341469208     
          19          59  0.95492839312232414     
          20          60  0.97060769771115352     
          21          61  0.97043643697435555     
          22          62  0.96777358480348374     
          26          63  0.96502909904312950     
          27          64  0.96704630252231438     
          28          65  0.96708620056891559     
          31          66  0.96337635167303959     
          33          67  0.92051783051347502     
          35          68  0.84599819670868159     
          40          69  0.96545448262097600     
          43          70  0.96775426885871940     
          44          71  0.96738792935602391     
          45          72  0.96723925592265403     
