   -0.40764950
    0.27468411
   -0.01762004
   -0.03426633
   -0.03237780
    0.05958977
   -0.11297552
   -0.03097656
   -0.02059188
   -0.11450207
    0.09081909
    0.35073538
   -0.36095435
   -0.38129915
   -0.12065323
    0.27742281
   -0.01691933
   -0.03210466
   -0.03423645
    0.05824362
   -0.11927340
   -0.03037782
   -0.01863514
   -0.40558035
    0.03993173
    0.00703774
   -0.03047650
   -0.02385214
   -0.02671804
   -0.02538411
   -0.02667405
    0.03461786
   -0.00142051
   -0.03788061
   -0.02901404
   -0.03001942
   -0.02705519
   -0.03245115
    0.05339487
    0.05768029
    0.06033884
    0.05974347
    0.06496270
    0.34623542
    0.03552019
    0.05574894
    0.06049572
    0.06713752
    0.06924715
    0.03723482
    0.04132968
    0.03971725
    0.03466407
    0.01306483
    0.08297354
    0.04046968
    0.04057421
    0.03844477
    0.04078339
    0.04909588
