           1           2   1.7075255505358282     
           2           3  0.96900213288592296     
           3           4   1.3927359917549818     
           4           5   1.4437031910486624     
           5           6   1.4162013437325205     
           6           7  0.98134717577572339     
           4           8  0.10761466511281123     
           6           8   1.4193851129845851     
           3           9   1.3995255257496402     
           5           9  0.10751599395648181     
           8           9   1.4405215668663489     
           1          10  0.18643079891307918     
           2          10   1.1860618538586145     
          10          11  0.99937440245798259     
          11          12  0.91187097692614527     
          12          13   1.1535769141160170     
          12          14   1.7823766258847040     
          13          14  0.18093181095194869     
          11          15  0.98289387910818127     
          15          16   1.2026145156826893     
          16          17  0.95203579143784101     
          17          18   1.3964072498336271     
          18          19   1.4427087884042142     
          17          20  0.10143817341761187     
          19          20   1.4168670015865572     
          20          21  0.97451735446338461     
          18          22  0.10923482170983603     
          20          22   1.4255643282258741     
          17          23   1.4122707912319521     
          19          23  0.10865422195034903     
          22          23   1.4339708510806486     
          15          24  0.19307897012007066     
          16          24   1.7112157616041481     
          15          25  0.95601037311479353     
          25          26  0.98743390319699320     
          26          27   1.4116265850549752     
          27          28   1.4455978618682110     
          26          29  0.10951479456658662     
          28          29   1.4383930173234638     
          27          30  0.11151014578306265     
          29          30   1.4389463805029181     
          26          31   1.4135198543003165     
          28          31  0.11098430832815208     
          30          31   1.4443365913367254     
          10          32  0.94747926096663060     
          25          32  0.95906223370338450     
          32          33  0.98527939100951178     
          33          34   1.4207189827577513     
          34          35   1.4335594320517675     
          33          36  0.10916328401719180     
          35          36   1.4469076620882320     
          34          37  0.10945251894472918     
          36          37   1.4309078382258993     
          33          38   1.4031656370398948     
          35          38  0.11298802580363908     
          37          38   1.4535914955226230     
           4          39  0.96387220454053013     
           5          40  0.96751137794364439     
           8          41  0.96692260305923572     
           9          42  0.96491152629555033     
          11          43  0.91878555458631539     
          13          44  0.85369830747662978     
          18          45  0.96533688771662285     
          19          46  0.96716684825937560     
          22          47  0.96719178884624224     
          23          48  0.96458826553579602     
          25          49  0.94972052163982890     
          27          50  0.96851969345827649     
          28          51  0.97034284217611189     
          29          52  0.97091698455189634     
          30          53  0.97091624697764245     
          31          54  0.96574199515081216     
          32          55  0.94980557893702888     
          34          56  0.96409088524497422     
          35          57  0.97056646233386523     
          36          58  0.97084675318594582     
          37          59  0.97022281940145161     
          38          60  0.96783498641189603     
