    0.13938656
   -0.26644243
    0.04022838
   -0.06653066
   -0.03342806
   -0.04310466
   -0.03533115
   -0.01707520
    0.03977935
    0.04419132
   -0.00601304
   -0.03124549
   -0.04018703
   -0.03108485
   -0.06513078
    0.15118218
   -0.26178580
    0.03849110
   -0.11609764
    0.27455647
   -0.03687062
   -0.03123282
   -0.02494030
    0.02770730
   -0.10944180
   -0.05599381
   -0.41442227
    0.08584348
    0.35440725
   -0.34895618
   -0.39552895
   -0.11845758
    0.27154924
   -0.03793881
   -0.01575070
   -0.01547441
    0.02808496
   -0.11155838
   -0.07050609
   -0.41975080
    0.04350517
    0.04166087
    0.06175762
    0.03904451
    0.03724344
    0.03704659
    0.03699200
    0.09394754
    0.07847618
    0.03204429
    0.03660975
    0.03665130
    0.03776631
    0.03543943
    0.04865312
    0.05916152
    0.04110880
    0.06008482
    0.05860257
    0.05420234
    0.04154132
    0.07649859
    0.34261354
    0.05828343
    0.05891561
    0.05902606
    0.05832160
    0.05967439
