           1           2   1.0676083701519987     
           2           3  0.98327973726172258     
           1           4   1.3866523447918893     
           4           5   1.4271789563716759     
           5           6   1.4516598999734374     
           6           7   1.4137985091158440     
           1           8   1.3103475929132589     
           5           8  0.10591717701714456     
           7           8   1.4487242267105993     
           8           9  0.99366078557040916     
           9          10  0.94883483749573294     
          10          11  0.99332834507851930     
          11          12   1.4380998224371186     
          12          13   1.4266397250737004     
          11          14  0.10650682598214234     
          13          14   1.4416662611633317     
          12          15  0.10193649196583474     
          14          15   1.4371104386321374     
          11          16   1.3244725920199847     
          15          16   1.3779816116778092     
          16          17   1.0662959159592809     
          17          18  0.98459714316023250     
          10          19  0.94817956552100746     
          19          20   1.2126019707293123     
          20          21  0.95149141333847165     
          21          22   1.5947841853143336     
          22          23   1.1828289370882539     
          22          24  0.11135481868887435     
          23          24   1.1597440300259532     
          24          25   1.0394763877754392     
          21          26   1.2350386723524174     
          24          26   1.6089700024526905     
          19          27  0.19325761586899420     
          20          27   1.6971543376773182     
          19          28  0.98725074549379022     
          28          29  0.90843841502215350     
          29          30   1.1712517004873872     
          29          31   1.7629367874765425     
          30          31  0.18317316330805486     
           9          32  0.96641158029733121     
          28          32  0.98727981840714818     
          32          33   1.1683563841889397     
          33          34  0.99666176650305660     
          34          35   1.5683544656304447     
          35          36   1.2106568009188294     
          35          37  0.10385983765609641     
          36          37   1.1491386005272073     
          37          38   1.0396196217515896     
          34          39   1.2196068745462845     
          37          39   1.6205423905160963     
          32          40  0.17687528351169474     
          33          40   1.6896555106251878     
           3          41  0.97625009968338905     
           3          42  0.97620503671048420     
           3          43  0.97927753513655436     
           4          44  0.96565921507246844     
           5          45  0.97100775061626932     
           6          46  0.97087216343571958     
           7          47  0.96457700364073329     
           9          48  0.93748337337108134     
          10          49  0.95103070409728940     
          12          50  0.96825003830559886     
          13          51  0.97092967594214674     
          14          52  0.97107842600092331     
          15          53  0.96568354053912664     
          18          54  0.97584985011191749     
          18          55  0.97644266521281076     
          18          56  0.97971713970435603     
          22          57  0.97035079625093301     
          25          58  0.96975451847522942     
          25          59  0.96848498103378511     
          25          60  0.97967665347461397     
          26          61  0.96377685250506850     
          28          62  0.93129312653423113     
          30          63  0.85579857744354704     
          35          64  0.96868721248817735     
          38          65  0.97034207187972632     
          38          66  0.96790517450849634     
          38          67  0.97895463571817087     
          39          68  0.95450705221509335     
