    0.14080399
   -0.27715017
    0.04001386
   -0.06576059
   -0.02972864
   -0.03881934
   -0.03338893
   -0.01966662
    0.04590838
    0.05077139
   -0.01360417
   -0.03268420
   -0.03758433
   -0.03032776
   -0.06459574
    0.13963718
   -0.28088238
    0.03905456
   -0.10809035
    0.27504032
   -0.01808362
   -0.03132768
   -0.03272126
    0.06007638
   -0.12465537
   -0.02754195
   -0.01620679
   -0.41075187
    0.07803193
    0.34851413
   -0.36520758
   -0.36639567
   -0.09607386
    0.27198512
   -0.00638802
   -0.01714738
   -0.03169788
    0.06065422
   -0.11495995
   -0.03023001
   -0.02546517
   -0.46750883
    0.04721741
    0.06406318
    0.04133545
    0.04403983
    0.04812439
    0.04601033
    0.03974943
    0.05204731
    0.07711043
    0.05990346
    0.04341878
    0.04054635
    0.04011621
    0.04778736
    0.04019227
    0.05827332
    0.03766957
    0.05500197
    0.06107777
    0.06426466
    0.06618184
    0.36523354
    0.05941607
    0.05869045
    0.05970309
    0.04698018
