           1           2   1.0609516997698574     
           2           3  0.98018350317973246     
           1           4   1.3821257062556951     
           4           5   1.4345764632546689     
           5           6   1.4418410142213069     
           4           7  0.10166087767336815     
           6           7   1.4277070770399765     
           1           8   1.3210434865817944     
           5           8  0.10595080791098159     
           7           8   1.4309052515284617     
           8           9  0.99776991693684358     
           9          10  0.94548305746698336     
          10          11  0.99101254004727135     
          11          12   1.4380911059478336     
          12          13   1.4247142961174504     
          11          14  0.10632243404705637     
          13          14   1.4457262251585521     
          12          15  0.10353878779987397     
          14          15   1.4329266518579939     
          11          16   1.3256044125280775     
          15          16   1.3842288429020060     
          16          17   1.0528620574787344     
          17          18  0.98325704372514744     
          10          19  0.95823507828981280     
          19          20   1.2054554028793887     
          20          21  0.95344986840914570     
          21          22   1.4067210133448738     
          22          23   1.4376020430167484     
          21          24  0.10145064298630074     
          23          24   1.4224612654379956     
          24          25  0.96917724062433563     
          22          26  0.10888928895072664     
          24          26   1.4240642325669368     
          21          27   1.4054547580860952     
          23          27  0.11018384508965506     
          26          27   1.4378666201231498     
          19          28  0.19340083512705283     
          20          28   1.7033223157596942     
          19          29   1.0004048500426885     
          29          30  0.89073999045915564     
          30          31   1.2028737614355161     
          30          32   1.7757524150937605     
          31          32  0.18256338780785647     
           9          33  0.95620487717459302     
          29          33  0.96695978391461512     
          33          34   1.2763725001132384     
          34          35  0.98383300161562970     
          35          36   1.3968455690179780     
          36          37   1.4416992072713029     
          37          38   1.4197239735303038     
          38          39  0.97525265876539569     
          36          40  0.10683099828019554     
          38          40   1.4193227957866350     
          35          41   1.3952569024980526     
          37          41  0.10753043623598468     
          40          41   1.4427691587345355     
          33          42  0.18754881699808762     
          34          42   1.5805395818856418     
           3          43  0.97659311171738505     
           3          44  0.97927248372154707     
           3          45  0.97572896686466370     
           4          46  0.96500770900285482     
           5          47  0.97006599733355614     
           6          48  0.96996692993427547     
           7          49  0.96730492196053031     
           9          50  0.95119064305959755     
          10          51  0.94737991748172146     
          12          52  0.96242482619013969     
          13          53  0.97033940213848346     
          14          54  0.97075233603544875     
          15          55  0.96547831351046531     
          18          56  0.97621095327745533     
          18          57  0.97658911297993334     
          18          58  0.97987463105910022     
          22          59  0.96710064605559687     
          23          60  0.96817057968432796     
          26          61  0.96717127060896835     
          27          62  0.96487801098448867     
          29          63  0.93607939540290463     
          31          64  0.77512338726121377     
          36          65  0.96521579521730372     
          37          66  0.96751328861299268     
          40          67  0.96744810436827122     
          41          68  0.96660814826669617     
