   -0.02176165
    0.48585739
   -0.20058439
   -0.22405644
   -0.19905265
   -0.01867811
   -0.01977746
   -0.01674261
   -0.03181310
    0.01774212
    0.04724096
    0.05045446
    0.02693329
   -0.02330068
    0.48607211
   -0.20305121
   -0.19958862
   -0.22629391
   -0.01789497
   -0.01930419
   -0.01460451
   -0.01884916
   -0.13051171
    0.27920709
   -0.02019538
   -0.03655480
   -0.04017876
    0.02281710
   -0.11242335
   -0.03461947
   -0.01516514
   -0.40523532
    0.07193536
    0.34264418
   -0.35785925
   -0.34331419
   -0.15726149
    0.26490951
   -0.02795857
   -0.03907930
   -0.03674560
    0.02685813
   -0.11365624
   -0.03546573
   -0.02100272
   -0.40152326
    0.07066902
    0.06023905
    0.06011827
    0.05493707
    0.06724243
    0.05591127
    0.06908765
    0.05913409
    0.05690447
    0.04696265
    0.02324688
    0.03420320
    0.05184090
    0.05295299
    0.04409075
    0.04560989
    0.06110587
    0.07718482
    0.33760022
    0.03215371
    0.04279139
    0.04965285
    0.05084855
    0.05811183
    0.04546197
    0.05337040
