           1           2  0.95041383684002678     
           2           3  0.95551146008808885     
           2           4  0.92729952972046414     
           2           5  0.95049052239453913     
           1           6   1.4181050307372673     
           6           7   1.4396409782014259     
           1           8  0.10615455932508584     
           7           8   1.4371865805785584     
           6           9  0.10808426338492969     
           8           9   1.4429338241693261     
           1          10   1.3817162588874359     
           7          10  0.10889140188605032     
           9          10   1.4148900420021620     
          10          11  0.99753723507064218     
          11          12  0.94832114345524454     
          12          13  0.99753117475074593     
          13          14   1.3872169640980931     
          14          15  0.95246731986311017     
          15          16  0.94729380299365640     
          15          17  0.95725645639545942     
          15          18  0.92509362304856180     
          14          19   1.4109354771601952     
          13          20  0.10850706363257093     
          19          20   1.4451743486231206     
          14          21  0.10430364100940814     
          20          21   1.4309145159518537     
          13          22   1.4067806797888462     
          19          22  0.10932953742635604     
          21          22   1.4507055206752366     
          12          23  0.96040217585244791     
          23          24   1.1601772933090138     
          24          25  0.97367810383175446     
          25          26   1.3964594167156432     
          26          27   1.4465447518284753     
          25          28  0.10478836162672756     
          27          28   1.4091420174583940     
          28          29   1.0277204623253056     
          26          30  0.10867152446348465     
          28          30   1.4039114911576136     
          25          31   1.3953975631318312     
          27          31  0.10506710064548919     
          30          31   1.4555509267609212     
          23          32  0.17733617301741761     
          24          32   1.7182244749539601     
          23          33  0.99027839465452994     
          33          34  0.89514735770159204     
          34          35   1.1475624738747243     
          34          36   1.8143454388037412     
          35          36  0.17189378559845722     
          11          37  0.94668877335587398     
          33          37  0.99085090930893904     
          37          38   1.1411388898474066     
          38          39  0.98524862732825436     
          39          40   1.3935478589291581     
          40          41   1.4496764593018798     
          39          42  0.10311547267227709     
          41          42   1.4067864277598803     
          42          43   1.0299450572958873     
          40          44  0.10571993652758389     
          42          44   1.4013877040763845     
          39          45   1.3837844225314160     
          41          45  0.10592389640511116     
          44          45   1.4584092092301522     
          37          46  0.17267748811200451     
          38          46   1.7263214091276513     
           6          47  0.96494201454619455     
           7          48  0.96840721220881787     
           8          49  0.96844777209736366     
           9          50  0.96084606675176920     
          11          51  0.95459072668403533     
          12          52  0.95284458036478292     
          19          53  0.96540669640268517     
          20          54  0.96863711030344879     
          21          55  0.96882892591785119     
          22          56  0.96660856272421614     
          26          57  0.96788274066245883     
          27          58  0.96811504254537828     
          29          59  0.96941141051742696     
          29          60  0.97277465690882692     
          29          61  0.98550321478357317     
          30          62  0.96823520520137085     
          31          63  0.96717828012665152     
          33          64  0.91982012364057519     
          35          65  0.83910248913830421     
          40          66  0.96560910083348506     
          41          67  0.96804992434863046     
          43          68  0.98173546706315218     
          43          69  0.97914655957501873     
          43          70  0.96302980453948506     
          44          71  0.96752957491687419     
          45          72  0.96790978762462854     
