   -0.03119518
   -0.02769284
   -0.02764583
   -0.02424657
   -0.02565650
    0.00619031
    0.04225112
    0.03943788
    0.00363592
   -0.03064661
   -0.02466117
   -0.02702967
   -0.02464315
   -0.03488284
   -0.10836712
    0.28087212
   -0.02177823
    0.08571649
   -0.14756399
   -0.03180358
   -0.02579740
   -0.02896595
   -0.02759182
   -0.40229719
    0.09311567
    0.34957536
   -0.36759195
   -0.36067701
   -0.12074610
    0.28195867
   -0.02735062
   -0.03265498
   -0.03121462
   -0.02647351
   -0.03428456
    0.08579826
   -0.12779285
   -0.39970541
    0.01932685
    0.03420328
    0.03745107
    0.04127370
    0.04553214
    0.07288136
    0.08104803
    0.03332651
    0.03936186
    0.03864671
    0.03939561
    0.03333907
    0.06233656
    0.05167741
    0.04945697
    0.04236995
    0.06049447
    0.35030814
    0.03806107
    0.04597484
    0.05123040
    0.06470945
