           1           2   1.4486378054882310     
           2           3   1.4350472079822760     
           1           4  0.11172806849532058     
           3           4   1.4423681299840765     
           2           5  0.11077270550953058     
           4           5   1.4407273172934145     
           1           6   1.4096954566910285     
           3           6  0.10963494587461098     
           5           6   1.4171106149299046     
           6           7  0.98835695036668569     
           7           8  0.95687831610350937     
           8           9  0.98489498823170674     
           9          10   1.4230450815873839     
          10          11   1.4348011646822172     
           9          12  0.10962754162899085     
          11          12   1.4463341389813731     
          10          13  0.11009333614274766     
          12          13   1.4321020079479876     
           9          14   1.4038257572650807     
          11          14  0.11293756443733696     
          13          14   1.4518276086269351     
           8          15  0.95999996855793801     
          15          16   1.2069063691571440     
          16          17  0.94812765897466378     
          17          18   1.3870490918214828     
          18          19  0.98858238405018506     
          18          20   1.4073755349411690     
          17          21  0.10774177383556308     
          20          21   1.4434067157037016     
          18          22  0.10036607756764504     
          21          22   1.4310238352894686     
          17          23   1.3993575854214477     
          20          23  0.10934658722107810     
          22          23   1.4427840523072832     
          15          24  0.19394620955830941     
          16          24   1.7086279978680057     
          15          25  0.98833215098923322     
          25          26  0.90020526439047699     
          26          27   1.1476364111914223     
          26          28   1.8013086727564636     
          27          28  0.18347774003143691     
           7          29  0.94837678557842520     
          25          29  0.98955975429799881     
          29          30   1.2038409018520952     
          30          31  0.95479847578568300     
          31          32   1.3983561931337467     
          32          33   1.4459515511450474     
          31          34  0.10619072822476365     
          33          34   1.4261067866932535     
          32          35  0.10861928831165461     
          34          35   1.4483735402188014     
          31          36   1.3836204039649573     
          35          36   1.3999263211728605     
          36          37   1.0056720413119611     
          29          38  0.19242606535788767     
          30          38   1.7091271478879635     
           1          39  0.96762631445892244     
           2          40  0.97097713555711795     
           3          41  0.97106733248493637     
           4          42  0.97034692082435658     
           5          43  0.96733143241807940     
           7          44  0.95209896921546022     
           8          45  0.94340546227411137     
          10          46  0.96297875532949706     
          11          47  0.97057647588082063     
          12          48  0.97090152801304652     
          13          49  0.97048588519408507     
          14          50  0.96802428629328496     
          20          51  0.96660530973089065     
          21          52  0.96825049703608113     
          22          53  0.96893251754130039     
          23          54  0.96620213408516342     
          25          55  0.93698838526844830     
          27          56  0.85096040481643875     
          32          57  0.96720730345991734     
          33          58  0.96933038103241786     
          34          59  0.96837018633434291     
          35          60  0.96623691727843475     
