    0.14224526
   -0.27203457
    0.03939141
   -0.06554409
   -0.03174073
   -0.03889768
   -0.03139602
   -0.01735766
    0.04006798
    0.05016159
   -0.00678769
   -0.02808134
   -0.03759773
   -0.03123762
   -0.06450831
    0.14292670
   -0.27729421
    0.04048394
   -0.11361564
    0.27225259
   -0.02330243
   -0.04484239
   -0.05607383
    0.02574963
   -0.11099297
   -0.01442583
   -0.41348006
    0.09453558
    0.35864041
   -0.34794106
   -0.38973469
   -0.11169854
    0.27098442
   -0.01522076
   -0.04349367
   -0.05778445
    0.02505879
   -0.11050764
   -0.00545144
   -0.43272660
    0.06496962
    0.04096984
    0.04264163
    0.03933875
    0.03839863
    0.04193731
    0.04119437
    0.07251656
    0.07314782
    0.05152223
    0.04024289
    0.03695501
    0.03711546
    0.04562112
    0.03640214
    0.05997790
    0.03703088
    0.04323529
    0.06018060
    0.05599554
    0.05499992
    0.07953292
    0.34513787
    0.04340797
    0.03743238
    0.05319810
    0.06077168
    0.05739690
