           1           2   1.0619767706325551     
           2           3  0.98235529625373119     
           1           4   1.3807376285117072     
           4           5   1.4339204626800248     
           5           6   1.4430268699192015     
           4           7  0.10187743468275107     
           6           7   1.4259673482947595     
           1           8   1.3225289724773501     
           5           8  0.10614769789399379     
           7           8   1.4358770607473885     
           8           9  0.99292325780569124     
           9          10  0.94915576010729408     
          10          11  0.99158376890596689     
          11          12   1.4385273854176628     
          12          13   1.4246582963598013     
          11          14  0.10667220248172771     
          13          14   1.4456791389196852     
          12          15  0.10304549714066216     
          14          15   1.4324949583279065     
          11          16   1.3256507575125229     
          15          16   1.3839946406000900     
          16          17   1.0537480520109086     
          17          18  0.98472985345427677     
          10          19  0.95512454108570755     
          19          20   1.2080233676799437     
          20          21  0.97273361734310770     
          21          22   1.5929476395962376     
          22          23   1.2678246458452362     
          21          24  0.11041346908311590     
          23          24   1.6002847337223398     
          24          25   1.0382498595168113     
          21          26   1.1480998531712061     
          24          26   1.1617937259528712     
          19          27  0.19503148714612356     
          20          27   1.6889278671628980     
          19          28  0.98644537485483252     
          28          29  0.90594824151257147     
          29          30   1.1729494760272616     
          29          31   1.7713698306377408     
          30          31  0.18590265410051232     
           9          32  0.95971825692784485     
          28          32  0.97846670448831419     
          32          33   1.2076919873010052     
          33          34  0.98698459426577112     
          34          35   1.5818024830393764     
          35          36   1.2736194457208228     
          34          37  0.10852390211282723     
          36          37   1.5932912608395453     
          37          38   1.0388904593305035     
          34          39   1.1483595347426419     
          37          39   1.1674763349843662     
          32          40  0.19032577459306518     
          33          40   1.6705334119166935     
           3          41  0.97914028531625408     
           3          42  0.97644557951650590     
           3          43  0.97603023920364629     
           4          44  0.96552106386849768     
           5          45  0.97095633523358416     
           6          46  0.97045980387726272     
           7          47  0.96777539257063250     
           9          48  0.94789412116308003     
          10          49  0.94831241576664860     
          12          50  0.96446410380473591     
          13          51  0.97061992651870277     
          14          52  0.97104163947044797     
          15          53  0.96570958388856865     
          18          54  0.97634404551810738     
          18          55  0.97642644320965055     
          18          56  0.97968942509473123     
          22          57  0.96402488234680117     
          23          58  0.96343723208682541     
          25          59  0.96744890076194812     
          25          60  0.97192836262279547     
          25          61  0.97962605323965490     
          28          62  0.94472005176929330     
          30          63  0.85388370776106859     
          35          64  0.96326953646352798     
          36          65  0.96394904957360672     
          38          66  0.98011902222470926     
          38          67  0.96998708375757203     
          38          68  0.96861914292317930     
