   -0.02438367
    0.48579711
   -0.22643260
   -0.20121792
   -0.19246156
   -0.02028908
   -0.02216331
   -0.01829672
   -0.02627603
    0.02480284
    0.04871673
    0.04905123
    0.02377868
   -0.02207435
    0.49002148
   -0.19410617
   -0.21091980
   -0.22557292
   -0.01827674
   -0.01842604
   -0.01430661
   -0.02426354
   -0.13381209
    0.27168304
   -0.04025902
   -0.04554044
   -0.05878383
    0.09578935
   -0.11559792
    0.07138365
   -0.39968521
    0.06997000
    0.35047596
   -0.34124689
   -0.33895774
   -0.13414767
    0.28352870
   -0.02132771
   -0.05279974
   -0.06180841
    0.09047915
   -0.12293053
    0.11143650
   -0.39907981
    0.07108290
    0.06002321
    0.05696700
    0.04804752
    0.07302576
    0.06297579
    0.07234178
    0.06302508
    0.06047716
    0.04866577
    0.05227443
    0.07426122
    0.06753141
    0.33942469
    0.04173043
    0.06667552
