           1           2  0.94977644402998584     
           2           3  0.92474959519791899     
           2           4  0.95364973191763436     
           2           5  0.95786838264882534     
           1           6   1.4130587248028286     
           6           7   1.4443400490478466     
           1           8  0.10470292786384863     
           7           8   1.4313351106023366     
           6           9  0.10932218927608306     
           8           9   1.4505074691920812     
           1          10   1.3877125137056348     
           7          10  0.10861457141432682     
           9          10   1.4062109899566428     
          10          11  0.99736036869013589     
          11          12  0.94938107683804873     
          12          13  0.99733264473130245     
          13          14   1.3885472842168269     
          14          15  0.95331320681825782     
          15          16  0.96274816091216442     
          15          17  0.94149880231840233     
          15          18  0.92074301151838189     
          14          19   1.4076347091319465     
          13          20  0.10851586333609864     
          19          20   1.4470364758298826     
          14          21  0.10463065342243597     
          20          21   1.4299334927662108     
          13          22   1.4037809767676821     
          19          22  0.10909355032341479     
          21          22   1.4518452598136455     
          12          23  0.95328282214046178     
          23          24   1.1902776342022077     
          24          25  0.97924537199595940     
          25          26   1.5616807682487535     
          26          27   1.2839700777059062     
          25          28  0.10159747236467515     
          27          28   1.5544861265687162     
          28          29   1.0223868878586799     
          25          30   1.1489820585526163     
          28          30   1.1753533436650956     
          23          31  0.19016187230768708     
          24          31   1.7004701845836130     
          23          32  0.98203991975500171     
          32          33  0.88527038062676722     
          33          34   1.1725515544620571     
          33          35   1.8032667937336138     
          34          35  0.17228136084434698     
          11          36  0.95770407111011269     
          32          36  0.99508624449014493     
          36          37   1.1393198857201410     
          37          38   1.0182685336403352     
          38          39   1.5374446556158166     
          39          40   1.3004220291673858     
          40          41   1.5343773652217270     
          41          42   1.0155772923854320     
          38          43   1.1660938949442066     
          41          43   1.1993468035849011     
          36          44  0.16736088609150801     
          37          44   1.7023087382747057     
           6          45  0.96502725309224091     
           7          46  0.96850757834039469     
           8          47  0.96874580367898944     
           9          48  0.96611327729424312     
          11          49  0.95149547236324805     
          12          50  0.94789672504929123     
          19          51  0.96490225682780906     
          20          52  0.96802085649015768     
          21          53  0.96817334900048335     
          22          54  0.96613329176426788     
          26          55  0.95944059593393249     
          27          56  0.95980064816207056     
          32          57  0.92695163845315220     
          34          58  0.83799308409301942     
          39          59  0.96068718074651493     
          40          60  0.96193423328195782     
