    0.13985195
   -0.27240747
    0.03716511
   -0.06619449
   -0.03179308
   -0.04062588
   -0.03469921
   -0.01683891
    0.04064808
    0.03972971
   -0.01872908
   -0.03483738
   -0.03849284
   -0.03314466
   -0.06612997
    0.13787217
   -0.28192839
    0.04084341
   -0.11877797
    0.27569339
   -0.05870353
    0.11291820
   -0.11639250
   -0.20337368
    0.10894106
   -0.11546981
   -0.07167876
   -0.43152430
    0.09897468
    0.37311439
   -0.33807396
   -0.41249805
   -0.11058542
    0.26987240
   -0.06312506
    0.12231308
   -0.11936431
   -0.20133149
    0.10815130
   -0.11358548
   -0.07899261
   -0.44487327
    0.04115934
    0.04379788
    0.06448806
    0.03916585
    0.03917585
    0.03840611
    0.04267620
    0.07499105
    0.06490712
    0.06932355
    0.04225445
    0.03696404
    0.03676469
    0.04561210
    0.03940261
    0.05921571
    0.05423089
    0.06491599
    0.06723795
    0.05879114
    0.06256148
    0.05712248
    0.04637514
    0.08256172
    0.34224544
    0.05776763
    0.06594882
    0.07710318
    0.06281212
    0.05612577
    0.05350878
    0.04046950
