           1           2   1.0602937042980272     
           2           3  0.98290387402021162     
           1           4   1.3802667637005295     
           4           5   1.4349923617410021     
           5           6   1.4418110405423303     
           4           7  0.10159145417229409     
           6           7   1.4268006413180443     
           1           8   1.3237483230364360     
           5           8  0.10672171736440815     
           7           8   1.4351619659694177     
           8           9  0.99442106249901652     
           9          10  0.94382201544135702     
          10          11  0.99350311410966041     
          11          12   1.4311502901069000     
          12          13   1.4289242816342236     
          11          14  0.10687899555438704     
          13          14   1.4426148586057812     
          12          15  0.10340801220207342     
          14          15   1.4336937439409816     
          11          16   1.3307630855506001     
          15          16   1.3827210452035197     
          16          17   1.0496418833845469     
          17          18  0.98299659647843951     
          10          19  0.96162011845702422     
          19          20   1.2087058123678169     
          20          21  0.99268847784559500     
          21          22   1.5360020427602388     
          22          23   1.0298642107717642     
          22          24   1.1159452982253961     
          22          25  0.12711935684009776     
          24          25   1.0972869566427323     
          25          26   1.0279630637465598     
          21          27   1.2351648123709291     
          25          27   1.6017498228270795     
          19          28  0.18430025513875881     
          20          28   1.6573784879068083     
          19          29  0.97751919722651193     
          29          30  0.90639269399270739     
          30          31   1.1809990509874695     
          30          32   1.7430793054553557     
          31          32  0.17913414615030473     
           9          33  0.96812971605530729     
          29          33  0.98161082843419678     
          33          34   1.2042226339267330     
          34          35  0.99956133091012989     
          35          36   1.5307628642327464     
          36          37   1.0326969887741688     
          36          38   1.1217493072593636     
          36          39  0.12183775685524093     
          38          39   1.0964150746873429     
          39          40   1.0277416813723501     
          35          41   1.2303536712339542     
          39          41   1.6041062062767697     
          33          42  0.18515281787155377     
          34          42   1.6579685526528323     
           3          43  0.97648034928130145     
           3          44  0.97593534566276685     
           3          45  0.97917329279143672     
           4          46  0.96552660492121378     
           5          47  0.97091274858703147     
           6          48  0.97053904571468452     
           7          49  0.96731378736574314     
           9          50  0.94513725050218134     
          10          51  0.94998532535599600     
          12          52  0.95946212917543461     
          13          53  0.97035350943592380     
          14          54  0.97098716909962191     
          15          55  0.96552161035648520     
          18          56  0.97643315091044247     
          18          57  0.97640507023660539     
          18          58  0.97947042096240833     
          23          59  0.98203091134908582     
          23          60  0.97328412010961995     
          23          61  0.96086299266429487     
          26          62  0.97561095219301275     
          26          63  0.96639800157975753     
          26          64  0.98232809560833634     
          27          65  0.97367784042259575     
          29          66  0.94515762356187072     
          31          67  0.85635952741335342     
          37          68  0.96397929626296408     
          37          69  0.97215887812015001     
          37          70  0.97726181757699071     
          40          71  0.97089149217561210     
          40          72  0.97011132756049800     
          40          73  0.98404397548306632     
          41          74  0.97229048672773255     
