           1           2  0.98806044282896965     
           2           3   1.0536846884376008     
           3           4   1.3488915834632949     
           4           5   1.4738608337893457     
           5           6   1.3911029678399018     
           6           7   1.0110562104648837     
           7           8   1.0088413072210560     
           8           9   1.9792426992670218     
           4          10  0.10902034700209721     
           6          10   1.4216552919382779     
           3          11   1.3794435077569822     
           5          11  0.10281738846708645     
          10          11   1.4365466959776119     
           1          12  0.97989276183184426     
           1          13  0.97660613943856811     
           1          14  0.97672052203393511     
           4          15  0.96839385973563608     
           5          16  0.96906495051358177     
           7          17  0.95575564188043138     
           7          18  0.95639729221429448     
           8          19  0.96629942378988010     
           9          20  0.97698012616029251     
           9          21  0.97390831605067441     
          10          22  0.96967342300535442     
          11          23  0.96649919731581913     
