    0.14176567
   -0.26897256
    0.04045014
   -0.06556253
   -0.03257642
   -0.04214959
   -0.03319224
   -0.01448806
    0.04317449
    0.04437200
   -0.00051741
   -0.02897342
   -0.03927430
   -0.03144738
   -0.06476769
    0.15088026
   -0.26772685
    0.03954512
   -0.11168971
    0.27491611
   -0.03180935
    0.02277545
   -0.11131580
   -0.03767548
   -0.02934031
   -0.03256364
   -0.03248003
   -0.41904189
    0.08582888
    0.35083000
   -0.35350698
   -0.39501581
   -0.11422761
    0.27509157
   -0.02794628
   -0.03221072
   -0.03387006
   -0.02955333
   -0.03529909
    0.03028344
   -0.11369156
   -0.41861047
    0.04314916
    0.06117765
    0.04103194
    0.03889386
    0.03746591
    0.03669271
    0.03472088
    0.08388067
    0.07285807
    0.03210493
    0.03667588
    0.03626147
    0.03724067
    0.05891920
    0.04642213
    0.03598541
    0.04315625
    0.04300754
    0.06850872
    0.03761285
    0.03706460
    0.03671649
    0.03025409
    0.07716996
    0.34174581
    0.02687898
    0.03389762
    0.03537793
    0.03975656
    0.06320148
    0.04669616
    0.05505785
