           1           2   1.0650699013225662     
           2           3  0.98363551424908813     
           1           4   1.3869844281979324     
           4           5   1.4277405115145572     
           5           6   1.4513466024988062     
           4           7  0.10027575120131169     
           6           7   1.4146688406733603     
           1           8   1.3123060670959028     
           5           8  0.10606550234703807     
           7           8   1.4490954456191489     
           8           9  0.99189228707496235     
           9          10  0.94768311077733591     
          10          11  0.99579196754389221     
          11          12   1.4371448662508199     
          12          13   1.4265719322234072     
          11          14  0.10686443169703792     
          13          14   1.4426392470380109     
          12          15  0.10150528164197108     
          14          15   1.4348657146945025     
          11          16   1.3246940784872394     
          15          16   1.3810922090467717     
          16          17   1.0608511790182720     
          17          18  0.98514181165562509     
          10          19  0.95138568409396540     
          19          20   1.2034917738221003     
          20          21  0.95769036145571773     
          21          22   1.3771759993153796     
          22          23   1.0286967179751418     
          22          24   1.4129231441323318     
          21          25  0.10861088317493264     
          24          25   1.4436038546126504     
          22          26  0.10637866247374468     
          25          26   1.4350996309332866     
          21          27   1.4076121478821173     
          24          27  0.10803163738298188     
          26          27   1.4399163021662296     
          19          28  0.18913216327385862     
          20          28   1.6972497876133037     
          19          29  0.99756827562042005     
          29          30  0.90731506795461314     
          30          31   1.1615977075102819     
          30          32   1.7681615409710885     
          31          32  0.18170758632403050     
           9          33  0.96368149867799635     
          29          33  0.98160818365965330     
          33          34   1.1956003311984100     
          34          35  0.95888103559591964     
          35          36   1.4034721457754094     
          36          37   1.4419381442245989     
          35          38  0.10738589918695025     
          37          38   1.4316541172175778     
          36          39  0.10930683436402647     
          38          39   1.4496131121633069     
          35          40   1.3797119302054259     
          37          40  0.10700387835715641     
          39          40   1.4068660982840628     
          40          41   1.0301122325885677     
          33          42  0.18665983224851440     
          34          42   1.6996161762513253     
           3          43  0.97616908575377803     
           3          44  0.97926492874167270     
           3          45  0.97603824697550079     
           4          46  0.96564791929246663     
           5          47  0.97101110663153423     
           6          48  0.97094144498417490     
           7          49  0.96439739359975241     
           9          50  0.94349325522995309     
          10          51  0.95099182858333919     
          12          52  0.96820610045455568     
          13          53  0.97092173751357258     
          14          54  0.97115230282588272     
          15          55  0.96568880779468691     
          18          56  0.97976203433954412     
          18          57  0.97642165917672241     
          18          58  0.97572983357642595     
          23          59  0.98561519288718025     
          23          60  0.96987615479090106     
          23          61  0.96637274757139791     
          24          62  0.96786761874905392     
          25          63  0.97081416146064714     
          26          64  0.96996195360799631     
          27          65  0.96831829507867506     
          29          66  0.93067748910464765     
          31          67  0.85612359619340372     
          36          68  0.96889677935346563     
          37          69  0.97014792660212490     
          38          70  0.97088100648228792     
          39          71  0.96799465351458047     
          41          72  0.95781560352665918     
          41          73  0.98212842005078316     
          41          74  0.97644630061558291     
