   -0.45880710
    0.27057310
   -0.01064185
   -0.02711908
   -0.02544729
   -0.02507711
   -0.02427498
   -0.02139469
   -0.11438833
    0.08190013
    0.35441731
   -0.37209594
   -0.36703410
   -0.11125114
    0.27347705
   -0.01923067
   -0.02170695
   -0.02710717
   -0.02515958
   -0.02524775
   -0.03293918
   -0.42412732
    0.04069558
   -0.00574179
   -0.03457845
   -0.02839705
   -0.03139807
    0.01798608
    0.01423381
   -0.03872762
   -0.02660505
   -0.02804563
   -0.03369218
    0.03634884
   -0.01025992
    0.00680325
   -0.03766397
   -0.02686659
   -0.02765111
   -0.03238362
    0.01688533
   -0.03385148
   -0.02875134
   -0.03085034
    0.03527726
    0.04362112
    0.04256180
    0.04307245
    0.04039481
    0.05747889
    0.36481128
    0.04475822
    0.03924794
    0.03956965
    0.04295139
    0.05235303
    0.08397565
    0.01747077
    0.03475907
    0.03794376
    0.05666277
    0.03566006
    0.03239256
    0.03370750
    0.05870540
    0.02833529
    0.03641713
    0.03730130
    0.03840120
    0.04002325
    0.03659257
    0.02074784
