           1           2   1.5937882339638714     
           2           3  0.96533632548902593     
           3           4   1.4024937466410441     
           4           5   1.4435733934215775     
           3           6  0.11094186870206565     
           5           6   1.4374126619019649     
           4           7  0.11203756900641329     
           6           7   1.4414720143266857     
           3           8   1.4081948848571968     
           5           8  0.11156887275766655     
           7           8   1.4395516525447729     
           1           9  0.18809937620385164     
           2           9   1.2787330240719885     
           9          10  0.95123904846817653     
          10          11  0.89261505274114450     
          11          12   1.2065600148660485     
          11          13   1.7760003446126615     
          12          13  0.18414628563664748     
          10          14   1.0061990255712152     
          14          15   1.1863951285310927     
          15          16  0.98071733498101288     
          16          17   1.3987194083508063     
          17          18   1.4466726222265409     
          16          19  0.10741106682731656     
          18          19   1.4368927892986281     
          17          20  0.11053688163755943     
          19          20   1.4375851648764006     
          16          21   1.3953106311402619     
          18          21  0.11060188574786235     
          20          21   1.4463132039862832     
          14          22  0.17993645305480163     
          15          22   1.6871500412405476     
          14          23  0.95373577965739098     
          23          24  0.98456793101469464     
          24          25   1.5280014944980522     
          25          26   1.3229270740260985     
          24          27  0.11446804815815713     
          26          27   1.5546471799433903     
          27          28   1.2790223976246118     
          24          29   1.2499582283522936     
          28          29   1.2528387269507630     
          29          30   1.2848220779099804     
          30          31   1.5530952548565018     
          31          32   1.3236131051333235     
          28          33   1.2795583969797366     
          30          33  0.11905844241768435     
          32          33   1.5562993601785793     
           9          34  0.96043108242705211     
          23          34  0.95348687014023115     
          34          35  0.98615517992803126     
          35          36   1.2484868598935033     
          36          37   1.2849571273893421     
          37          38   1.5534830907482613     
          38          39   1.3233311300846993     
          37          40  0.11845340615950578     
          39          40   1.5563961084730278     
          36          41   1.2544259146732617     
          40          41   1.2801754578286011     
          35          42  0.11356375940803676     
          41          42   1.2769756064654123     
          42          43   1.5565122661665516     
          35          44   1.5261646158439290     
          43          44   1.3218738976890247     
           4          45  0.96873622108932667     
           5          46  0.96957469816868946     
           6          47  0.97061051716124114     
           7          48  0.96958160719857767     
           8          49  0.96904547385885953     
          10          50  0.93556543663748015     
          12          51  0.75801000680631547     
          17          52  0.96891605325618413     
          18          53  0.97005780525095608     
          19          54  0.97087123663836006     
          20          55  0.96972729471984564     
          21          56  0.96606311456232352     
          23          57  0.94517432431426585     
          25          58  0.96403509942930643     
          26          59  0.97047401347375128     
          27          60  0.96769903768674592     
          30          61  0.95712890301980225     
          31          62  0.97083303200333138     
          32          63  0.97071432763282217     
          33          64  0.96803231998232553     
          34          65  0.94435300307082748     
          37          66  0.96423297435341748     
          38          67  0.97074895801450367     
          39          68  0.97046242958570939     
          40          69  0.96778353848581178     
          42          70  0.96767374847282317     
          43          71  0.97030396528543483     
          44          72  0.96666679928670995     
