    0.13852754
   -0.28120045
    0.03845645
   -0.06457164
   -0.03012473
   -0.03642136
   -0.03181686
   -0.01454503
    0.05157182
    0.04494979
   -0.02476493
   -0.03266234
   -0.04216378
   -0.03033451
   -0.06441059
    0.14008128
   -0.27801831
    0.03592606
   -0.08901689
    0.27015923
    0.08417869
    0.05931833
   -0.11704122
   -0.06647856
    0.07789830
   -0.17062858
   -0.45068915
    0.08017164
    0.35690228
   -0.36315045
   -0.36822734
   -0.09717090
    0.26820641
    0.07931624
    0.07164330
   -0.10299684
   -0.06409787
    0.08269087
   -0.19395307
   -0.41280084
    0.05930957
    0.04760554
    0.03955350
    0.03948499
    0.04016097
    0.04455289
    0.06026784
    0.08263205
    0.06063474
    0.03958554
    0.04096585
    0.04514048
    0.05075772
    0.04666857
    0.05477592
    0.06276477
    0.07094430
    0.07413734
    0.07788303
    0.36595244
    0.07222422
    0.07128575
