           1           2   1.0518377902386076     
           2           3  0.98334350794070013     
           1           4   1.3869336198985378     
           4           5   1.4304478247911230     
           5           6   1.4485018280243056     
           4           7  0.10351623996893243     
           6           7   1.4216550818278524     
           1           8   1.3239402845075519     
           5           8  0.10638676581755552     
           7           8   1.4415836012652534     
           8           9  0.98643366880595673     
           9          10  0.95102289203815737     
          10          11  0.99142440244673580     
          11          12   1.4332711838352314     
          12          13   1.4261353895976911     
          11          14  0.10485669489585045     
          13          14   1.4421223833318673     
          12          15  0.10167101350792780     
          14          15   1.4356356570060023     
          11          16   1.3184857287360017     
          15          16   1.3800957968689229     
          16          17   1.0667163554865560     
          17          18  0.97629150414182986     
          10          19  0.95389894512052642     
          19          20   1.2806239613801409     
          20          21  0.99437477040656042     
          21          22   1.4985193609553225     
          22          23   1.0142674990212404     
          22          24   1.2771519319012465     
          21          25  0.13827362102715574     
          24          25   1.5967028077133762     
          21          26   1.1116658954498806     
          25          26   1.1423128216300455     
          19          27  0.19359102072262921     
          20          27   1.5794048123998385     
          19          28  0.96702014360975497     
          28          29  0.88576207299637810     
          29          30   1.2044247680627438     
          29          31   1.7745796374567324     
          30          31  0.18042210449187640     
           9          32  0.96241176196722578     
          28          32   1.0046650854953354     
          32          33   1.1965651303156661     
          33          34   1.0230863052842187     
          34          35   1.4859026874001220     
          35          36   1.0284994501388320     
          35          37   1.2775024082015918     
          34          38  0.13428044791475902     
          37          38   1.5981245839199429     
          34          39   1.0926804072569150     
          38          39   1.1361214489775848     
          32          40  0.18910607652649228     
          33          40   1.6504079699305694     
           3          41  0.97978580891505151     
           3          42  0.97658823853375876     
           3          43  0.97646453319497928     
           4          44  0.96548552551629441     
           5          45  0.97074244224898942     
           6          46  0.97023414842000200     
           7          47  0.96118280062396655     
           9          48  0.94556807755147743     
          10          49  0.95384985657879595     
          12          50  0.96742001367123520     
          13          51  0.97036648766035949     
          14          52  0.97033732330500855     
          15          53  0.96426903553739118     
          18          54  0.97671846766827808     
          18          55  0.97434316842315583     
          18          56  0.97923121113870115     
          24          57  0.97105747706064771     
          25          58  0.96219438217312825     
          28          59  0.93175164420469048     
          30          60  0.77683780605400932     
          37          61  0.97076457043980457     
          38          62  0.96284322461328120     
