   -0.03309168
   -0.02845558
   -0.02818489
   -0.03815130
    0.00734255
    0.01469969
   -0.03367593
   -0.02841017
   -0.03437807
   -0.00641949
    0.03960469
    0.04882312
    0.00341437
   -0.03033703
   -0.02756013
   -0.03509440
    0.01644948
    0.01092245
   -0.03448245
   -0.02874730
   -0.02943004
   -0.03355167
   -0.11757673
    0.27546690
   -0.06134376
    0.06806829
   -0.17070838
    0.05719366
   -0.00999818
   -0.10696662
   -0.41378178
    0.09706522
    0.35835296
   -0.34771006
   -0.39536822
   -0.11174479
    0.27518047
   -0.05339750
    0.07371199
   -0.16922501
    0.05415474
   -0.01154449
   -0.10763283
   -0.43410839
    0.03701346
    0.03599257
    0.03502288
    0.03326617
    0.04019023
    0.03856859
    0.03130682
    0.05831085
    0.06136662
    0.04130529
    0.03726487
    0.03676530
    0.02485907
    0.03103820
    0.03301571
    0.03518751
    0.05244474
    0.05607706
    0.05598390
    0.04640473
    0.05054901
    0.07595069
    0.34641784
    0.05397420
    0.05482231
    0.04679487
    0.05417390
    0.05655889
