           1           2   1.5562476149561080     
           2           3   1.3232474462500277     
           1           4  0.11810719762038283     
           3           4   1.5530118219726810     
           4           5   1.2845435937656797     
           1           6   1.2804494775415596     
           5           6   1.2528144484727664     
           6           7   1.2780632970622618     
           7           8   1.5529990885976672     
           8           9   1.3270350510582258     
           5          10   1.2506060729622552     
           7          10  0.11457999892799686     
           9          10   1.5203341899905525     
          10          11  0.99314187557387501     
          11          12  0.94862106372174748     
          12          13  0.98903704920568447     
          13          14   1.5241101400948793     
          14          15   1.3267963878974540     
          13          16  0.11456196657093524     
          15          16   1.5528262239336603     
          16          17   1.2796861431927655     
          13          18   1.2537136776317717     
          17          18   1.2519651023292993     
          18          19   1.2835244914868393     
          19          20   1.5545614115140181     
          20          21   1.3222149286192182     
          17          22   1.2797128854287234     
          19          22  0.11838091727705294     
          21          22   1.5570756609715350     
          12          23  0.95581773009978976     
          23          24   1.2022368550721643     
          24          25  0.96567671643956310     
          25          26   1.5730943369165293     
          26          27   1.1451298105176739     
          26          28  0.14823104526652078     
          27          28   1.1275236586970037     
          25          29   1.2309422341010969     
          28          29   1.5854524109771659     
          29          30   1.0319570970365650     
          23          31  0.19354887775599089     
          24          31   1.7008930238074573     
          23          32  0.98850206487169345     
          32          33  0.90635599558858149     
          33          34   1.1766609397985175     
          33          35   1.7648581319594998     
          34          35  0.18563306081422984     
          11          36  0.95932543280888338     
          32          36  0.97678037333695267     
          36          37   1.2075948710421938     
          37          38  0.97500564049215899     
          38          39   1.5652461380772191     
          39          40   1.1510921270041026     
          39          41  0.14935775382366487     
          40          41   1.1266395442933264     
          38          42   1.2318181289877090     
          41          42   1.5829174708580358     
          42          43   1.0309061002616928     
          36          44  0.19038292940110862     
          37          44   1.6800808302591961     
           1          45  0.96785056991920493     
           2          46  0.97055936149175215     
           3          47  0.97083846421779030     
           4          48  0.96456095433118383     
           7          49  0.96763900958230142     
           8          50  0.96996779017886059     
           9          51  0.96698020471450596     
          11          52  0.94893502696787335     
          12          53  0.94613046332723638     
          14          54  0.96527593625938202     
          15          55  0.97020593100402752     
          16          56  0.96787315867140378     
          19          57  0.96201622123269770     
          20          58  0.97110444830173459     
          21          59  0.97073601696153444     
          22          60  0.96798151989532033     
          26          61  0.96645395422946867     
          28          62  0.96540875681570415     
          30          63  0.97820819315936003     
          30          64  0.96687474011973606     
          30          65  0.98256194902286698     
          32          66  0.94224248846759062     
          34          67  0.85283962095577026     
          39          68  0.96611100555654406     
          41          69  0.96572359428306864     
          43          70  0.97220643604979751     
          43          71  0.97201414933952279     
          43          72  0.98215270598839521     
