   -0.02946030
    0.48490342
   -0.20091591
   -0.21376053
   -0.20961001
   -0.01934845
   -0.02071386
   -0.01662951
   -0.02524843
    0.01278591
    0.03964237
    0.05070404
    0.02399125
   -0.02244768
    0.48551902
   -0.19962521
   -0.20463850
   -0.22876639
   -0.01830666
   -0.02048750
   -0.01535774
   -0.02612338
   -0.11899082
    0.27297877
   -0.02594513
   -0.02703530
   -0.03919073
    0.01374595
    0.02544452
   -0.10982216
   -0.10847955
   -0.10776286
   -0.03032875
   -0.02997420
   -0.41310609
    0.09352113
    0.35823409
   -0.34294097
   -0.39650670
   -0.11746066
    0.26920919
   -0.02189688
   -0.03243893
   -0.03809072
    0.01210727
    0.02553878
   -0.10736689
   -0.10852501
   -0.11123536
   -0.03552057
   -0.02771179
   -0.42702934
    0.06826750
    0.06124786
    0.06012921
    0.05550481
    0.06791121
    0.06232551
    0.06690418
    0.05655901
    0.05675256
    0.06959251
    0.04059436
    0.04596193
    0.04017871
    0.03482289
    0.03885851
    0.04179935
    0.03314340
    0.04079869
    0.03902760
    0.04088592
    0.03707115
    0.04221139
    0.03268280
    0.08222907
    0.34572547
    0.04061326
    0.05223893
    0.04160754
    0.03814024
    0.03733866
    0.03343417
    0.04324629
    0.03566397
    0.04072107
    0.03919909
    0.03981392
    0.03842587
    0.03884512
