           1           2  0.95086426493073084     
           2           3  0.95419024305892552     
           2           4  0.93782422236904350     
           2           5  0.94041667356176650     
           1           6   1.4082014933804932     
           6           7   1.4461249605107140     
           1           8  0.10366690669793276     
           7           8   1.4291131039195319     
           6           9  0.10903358854716319     
           8           9   1.4516786840982281     
           1          10   1.3881896828271443     
           7          10  0.10821594660477551     
           9          10   1.4043090762436383     
          10          11  0.99528573399906828     
          11          12  0.94616294303044857     
          12          13  0.99369152754210188     
          13          14   1.3859690366819770     
          14          15  0.95256043315863348     
          15          16  0.95780065337410536     
          15          17  0.94606086823917157     
          15          18  0.92300804799569147     
          14          19   1.4114752287167334     
          13          20  0.10796467225975834     
          19          20   1.4439452704024325     
          14          21  0.10449960670827158     
          20          21   1.4324037554402056     
          13          22   1.4078401294347507     
          19          22  0.10929723599561919     
          21          22   1.4486254991857141     
          12          23  0.95794732127151305     
          23          24   1.1925989983326226     
          24          25  0.95989442266872371     
          25          26   1.4072135716653853     
          26          27   1.4377377853093845     
          25          28  0.10689704586138823     
          27          28   1.4194974185448799     
          28          29  0.98564363647796938     
          29          30   1.0000023816919681     
          29          31  0.98596813269522432     
          29          32  0.98632636915108296     
          26          33  0.10890786656418391     
          28          33   1.3979479931386964     
          25          34   1.3914458901725566     
          27          34  0.10671468953239155     
          33          34   1.4600715381832621     
          23          35  0.18950802382451504     
          24          35   1.7046365607798479     
          23          36  0.98784153908631300     
          36          37  0.90665294811623975     
          37          38   1.1803973588220853     
          37          39   1.7597369615130209     
          38          39  0.18565087448978373     
          11          40  0.96611959743649944     
          36          40  0.97689441210178563     
          40          41   1.1919268664132092     
          41          42  0.97103601231370451     
          42          43   1.4070603144579406     
          43          44   1.4389265343081046     
          42          45  0.10646843417820086     
          44          45   1.4183515086328080     
          45          46  0.98561818770172394     
          46          47  0.98557516286837654     
          46          48  0.98658587179010448     
          46          49   1.0001074869248328     
          43          50  0.10788209900464521     
          45          50   1.3976991767215472     
          42          51   1.3883396800663383     
          44          51  0.10655704634389075     
          50          51   1.4613108160403721     
          40          52  0.18677673614036472     
          41          52   1.6899796814383712     
           6          53  0.96427184602240801     
           7          54  0.96826479488866091     
           8          55  0.96830595800989516     
           9          56  0.96574378744038392     
          11          57  0.95008858546220654     
          12          58  0.95311136754373793     
          19          59  0.96570292000986591     
          20          60  0.96887736770458477     
          21          61  0.96885611218967282     
          22          62  0.96003861796737833     
          26          63  0.96952205603489316     
          27          64  0.96412237716362637     
          30          65  0.98412858202231190     
          30          66  0.98466083644526914     
          30          67  0.98442099099305169     
          31          68  0.98404022444001604     
          31          69  0.98672302646499799     
          31          70  0.98325403466134620     
          32          71  0.98320049374795948     
          32          72  0.98408523479922472     
          32          73  0.98662601156967855     
          33          74  0.96357822745948618     
          34          75  0.96906828676574652     
          36          76  0.94256523787393043     
          38          77  0.85315000113852935     
          43          78  0.96881093023566978     
          44          79  0.96337368362706632     
          47          80  0.98403773021437224     
          47          81  0.98374624498878005     
          47          82  0.98654642305095230     
          48          83  0.98507663496476150     
          48          84  0.98394024657281731     
          48          85  0.98324284812460450     
          49          86  0.98410090507127224     
          49          87  0.98414247626201345     
          49          88  0.98443975828653896     
          50          89  0.96378170464999791     
          51          90  0.96916194222167606     
