           1           2   1.9792998662979173     
           2           3   1.0082216054861921     
           3           4   1.0114356983496364     
           4           5   1.4123466836090146     
           5           6   1.4458599411991160     
           4           7  0.11006599122152305     
           6           7   1.4383188604210586     
           5           8  0.11108681568239684     
           7           8   1.4383309611257800     
           4           9   1.4123619747890619     
           6           9  0.11108418462794140     
           8           9   1.4458458728069943     
           1          10  0.97400611479923727     
           1          11  0.97691407128481811     
           2          12  0.96620113390347351     
           3          13  0.95582249916381612     
           3          14  0.95583247846045416     
           5          15  0.96976582194619754     
           6          16  0.97135285054891884     
           7          17  0.97170115960319337     
           8          18  0.97135282466473671     
           9          19  0.96976465255493893     
