   -0.03490277
    0.48397148
   -0.21713377
   -0.19974655
   -0.20862777
   -0.02425333
   -0.02357667
   -0.01907078
   -0.03337765
    0.00984715
    0.03971940
    0.05287957
    0.02402025
   -0.02547519
    0.48754661
   -0.20814543
   -0.21455391
   -0.20714203
   -0.02077547
   -0.02048714
   -0.01436349
   -0.02014816
   -0.12655893
    0.27670886
   -0.06511903
    0.13098113
   -0.12084091
   -0.18935745
    0.10689822
    0.00696505
   -0.03115801
   -0.02851726
   -0.03040986
   -0.02716144
   -0.03524222
   -0.06704668
   -0.43252239
    0.09577777
    0.37117171
   -0.35756197
   -0.42670549
   -0.10567660
    0.27444264
   -0.06160563
    0.12946720
   -0.12117916
   -0.19045825
    0.10493808
    0.00384056
   -0.03119323
   -0.02818894
   -0.02887096
   -0.02570326
   -0.03587697
   -0.07699159
   -0.43198481
    0.06699496
    0.05795412
    0.05957066
    0.08129244
    0.06995047
    0.06498028
    0.06723379
    0.05837090
    0.05822800
    0.05166749
    0.08024176
    0.06351341
    0.06809180
    0.04350499
    0.03288136
    0.03276360
    0.03499993
    0.03802892
    0.04722433
    0.08225531
    0.34389819
    0.07421448
    0.07849307
    0.06279423
    0.04314794
    0.03468617
    0.03558448
    0.03880258
    0.04456102
    0.05260482
