           1           2  0.94970355644628246     
           2           3  0.93440063357648251     
           2           4  0.95662748109741658     
           2           5  0.94061473439706245     
           1           6   1.4075268096057862     
           6           7   1.4466574823645670     
           1           8  0.10311720057181566     
           7           8   1.4292025162951587     
           6           9  0.10930003770404303     
           8           9   1.4494878281822836     
           1          10   1.3877870562866963     
           7          10  0.10773793489191827     
           9          10   1.4056288070823353     
          10          11  0.99439187830278464     
          11          12  0.94487189296075114     
          12          13  0.99487175122993043     
          13          14   1.3881467424134211     
          14          15  0.95165049809326518     
          15          16  0.94216630505572463     
          15          17  0.93940492013980070     
          15          18  0.94769204256034967     
          14          19   1.4082041656647226     
          13          20  0.10777587889053963     
          19          20   1.4470318955383263     
          14          21  0.10524381828587262     
          20          21   1.4303693559819974     
          13          22   1.4058350860157549     
          19          22  0.10935500823334850     
          21          22   1.4508216153821574     
          12          23  0.96561946745657079     
          23          24   1.1672030589316567     
          24          25   1.0124743311014315     
          25          26   1.4891850013124137     
          26          27   1.0343235141778451     
          26          28   1.1451033340711809     
          26          29  0.11246807730542112     
          28          29   1.0811066552306534     
          29          30   1.0893886633812373     
          30          31   1.3708657805137732     
          31          32   1.4577714839196521     
          32          33   1.4316607190943849     
          31          34  0.10491321855214214     
          33          34   1.4275792212252620     
          30          35   1.3671950198679530     
          32          35  0.10563050145916143     
          34          35   1.4623793444391278     
          25          36   1.2593326205883837     
          29          36   1.5361048765990384     
          23          37  0.17141481565099664     
          24          37   1.6782110985976746     
          23          38  0.98428343345635105     
          38          39  0.90581470526254759     
          39          40   1.1582233367956383     
          39          41   1.7217187800142733     
          40          41  0.16536749646593168     
          11          42  0.96561726292476480     
          38          42  0.97554014253491572     
          42          43   1.2157989204747501     
          43          44   1.0186037626894109     
          44          45   1.4858812763661153     
          45          46   1.0357809830620646     
          45          47   1.1442669583384968     
          45          48  0.11183117134409071     
          47          48   1.0814628709081671     
          48          49   1.0884291142616258     
          49          50   1.3708249558104646     
          50          51   1.4577666173005499     
          51          52   1.4315149385697243     
          50          53  0.10506075840327662     
          52          53   1.4282390490652488     
          49          54   1.3676761375545692     
          51          54  0.10578129053340594     
          53          54   1.4616477258543532     
          44          55   1.2560221838707240     
          48          55   1.5368154456997714     
          42          56  0.17540702527375512     
          43          56   1.6152566715827137     
           6          57  0.96542778527775863     
           7          58  0.96856850971558639     
           8          59  0.96796606179353695     
           9          60  0.95570658958232002     
          11          61  0.95244737667050083     
          12          62  0.94801444582222194     
          19          63  0.96572267336697137     
          20          64  0.96857707472008492     
          21          65  0.96846463027390373     
          22          66  0.96599908652581779     
          27          67  0.97484688463641656     
          27          68  0.96083302783784119     
          27          69  0.97304780687339631     
          31          70  0.96868323675608936     
          32          71  0.97084094500662366     
          33          72  0.97157991027740909     
          34          73  0.97071934851425357     
          35          74  0.96820033246995929     
          36          75  0.96935057696314764     
          38          76  0.94334785523268128     
          40          77  0.85566052406844895     
          46          78  0.96432460195485969     
          46          79  0.97806459868664242     
          46          80  0.96346712574314541     
          50          81  0.96868897482707905     
          51          82  0.97071363530160915     
          52          83  0.97136856674639194     
          53          84  0.97044663069524573     
          54          85  0.96764100889094218     
          55          86  0.97052786063366736     
