   -0.03407712
   -0.02958578
   -0.02884015
   -0.03136691
    0.01365689
    0.01597212
   -0.03575387
   -0.02829021
   -0.03364917
    0.00516235
    0.05277494
    0.04019460
   -0.00863501
   -0.03762416
   -0.03093146
   -0.03574101
    0.01539159
    0.00757741
   -0.03496662
   -0.02650411
   -0.02728060
   -0.03355695
   -0.11796902
    0.27386542
   -0.08052426
   -0.05409844
   -0.05835789
   -0.05230090
   -0.10332013
   -0.43172808
    0.09909920
    0.36870381
   -0.35932654
   -0.40188648
   -0.12713381
    0.26953677
   -0.08480436
   -0.05408852
   -0.06002693
   -0.05283668
   -0.10282566
   -0.42162876
    0.03422250
    0.03199565
    0.02996397
    0.02535682
    0.03538943
    0.03720189
    0.04668393
    0.05576862
    0.05256274
    0.03384546
    0.03751733
    0.03860751
    0.02943963
    0.03517285
    0.03656795
    0.03734993
    0.05686684
    0.05019762
    0.03267032
    0.05847249
    0.04748766
    0.02378871
    0.03008132
    0.02700737
    0.03484948
    0.03997843
    0.03064932
    0.05875374
    0.34430640
    0.04953404
    0.05403694
    0.05314903
    0.04432922
    0.03533082
    0.02877758
    0.02745275
    0.02874858
    0.03711758
    0.03106350
    0.03542857
