           1           2   1.5578656551004553     
           2           3   1.3211911074634948     
           1           4  0.11837950211617804     
           3           4   1.5557562140915728     
           4           5   1.2813713292510018     
           1           6   1.2788028036560533     
           5           6   1.2516333098342554     
           6           7   1.2806706299437383     
           7           8   1.5513713779714577     
           8           9   1.3284093570449855     
           5          10   1.2539483339530590     
           7          10  0.11463868934074956     
           9          10   1.5218835350013138     
          10          11  0.98920313491888301     
          11          12  0.94749454427330404     
          12          13  0.98958695731664315     
          13          14   1.5209710593056962     
          14          15   1.3273345270136219     
          13          16  0.11426432120915339     
          15          16   1.5517123764499270     
          16          17   1.2804760513978966     
          13          18   1.2535129059813070     
          17          18   1.2523004519282177     
          18          19   1.2816857019989207     
          19          20   1.5546415532705165     
          20          21   1.3219003690494420     
          17          22   1.2785407725010711     
          19          22  0.11859781707968038     
          21          22   1.5577591769728447     
          12          23  0.96612496965768457     
          23          24   1.2205536678863247     
          24          25  0.98077475753067023     
          25          26   1.0045777130098501     
          26          27   1.0091388204830374     
          27          28   1.0074685161515764     
          28          29   1.0200894345074869     
          23          30  0.17743884156801462     
          24          30   1.6569331880176061     
          23          31  0.97568653122274529     
          31          32  0.90599447104792674     
          32          33   1.1527548003735946     
          32          34   1.7571957325619474     
          33          34  0.17260819811117592     
          11          35  0.95717351585470245     
          31          35  0.99173815390779985     
          35          36   1.1910707770365887     
          36          37  0.97394572954474201     
          37          38   1.0064642720042083     
          38          39   1.0078304384817407     
          39          40   1.0073508141731657     
          40          41   1.0201290361003919     
          35          42  0.18192968951899507     
          36          42   1.7041345965907282     
           1          43  0.96804335470453462     
           2          44  0.97079681159928777     
           3          45  0.97114362083701533     
           4          46  0.96139496951029202     
           7          47  0.96795411740012327     
           8          48  0.97019921691431921     
           9          49  0.96522758826978916     
          11          50  0.94804099188919044     
          12          51  0.94410703118397254     
          14          52  0.96732685556445874     
          15          53  0.97015412936503820     
          16          54  0.96778858399698553     
          19          55  0.96142257224552197     
          20          56  0.97078823365159039     
          21          57  0.97047483156189629     
          22          58  0.96785014508435840     
          25          59  0.94993728222385077     
          25          60  0.95655034447125886     
          26          61  0.97723335836784264     
          26          62  0.97203379131224321     
          27          63  0.97537367460595281     
          27          64  0.97726312180310693     
          28          65  0.97860031882753074     
          28          66  0.97840221140982764     
          29          67  0.98640999837520849     
          29          68  0.98714762330174810     
          29          69  0.98767945246602107     
          31          70  0.94349021971127356     
          33          71  0.85556834484763855     
          37          72  0.95750864008608538     
          37          73  0.95032806989659724     
          38          74  0.97388792282523495     
          38          75  0.97562478067486924     
          39          76  0.97695358380967401     
          39          77  0.97743864771022237     
          40          78  0.97651644748729183     
          40          79  0.97838168643804557     
          41          80  0.98587024941868129     
          41          81  0.98751553454796492     
          41          82  0.98756420618615703     
