   -0.03165194
   -0.03260587
    0.01410784
   -0.03264794
   -0.02799586
   -0.02764313
   -0.03412727
    0.01489812
   -0.04400878
   -0.00456603
    0.03236602
    0.03768085
   -0.00142057
   -0.04742503
    0.01269094
   -0.03753332
   -0.02956512
   -0.02895944
   -0.03247951
    0.01491275
   -0.03076247
   -0.03282896
   -0.11855984
    0.27620225
   -0.04863855
    0.06613115
   -0.15624829
    0.06783488
   -0.05352186
   -0.42175931
    0.09103065
    0.35547968
   -0.34851686
   -0.39745373
   -0.11535997
    0.27548147
   -0.04326096
    0.07957650
   -0.15877320
    0.06867837
   -0.06177755
   -0.43335219
    0.02874144
    0.04017953
    0.03611881
    0.03489651
    0.03436789
    0.03301560
    0.03063348
    0.05745881
    0.08397367
    0.03380508
    0.02908481
    0.03219089
    0.03359720
    0.03605608
    0.04169442
    0.05136020
    0.07403531
    0.05807370
    0.05607258
    0.09242170
    0.34381973
    0.06312357
    0.05810114
    0.04354994
