           1           2   1.5644263576871538     
           2           3   1.2763564957217788     
           3           4   1.2817174760425267     
           4           5   1.5562648259754179     
           5           6   1.3207453938007463     
           4           7  0.11816493114234278     
           6           7   1.5579072089955988     
           3           8   1.2505692338185739     
           7           8   1.2781814459795418     
           2           9  0.11345036024947200     
           8           9   1.2826856551347814     
           1          10   1.2935909236002028     
           9          10   1.5244005806826280     
          10          11  0.98860457392566847     
          11          12  0.95934528102256578     
          12          13  0.98401622125747346     
          13          14   1.5318968790621814     
          14          15   1.2748415671350348     
          15          16   1.2813884993390403     
          16          17   1.5551406612893195     
          17          18   1.3226787524247023     
          16          19  0.11779593619008449     
          18          19   1.5546955326879410     
          15          20   1.2532191608795178     
          19          20   1.2832229943767584     
          14          21  0.11198997853730946     
          20          21   1.2723432078901429     
          13          22   1.2861842296074779     
          21          22   1.5708649975409863     
          12          23  0.95382357919470584     
          23          24   1.1817075658833693     
          24          25   1.0035399515972643     
          25          26   1.5397829838738306     
          26          27   1.1644573537587826     
          26          28  0.14213386262330546     
          27          28   1.1330926123743597     
          25          29   1.2525151709547315     
          28          29   1.6231337271930775     
          23          30  0.18277875441426777     
          24          30   1.6815171498515926     
          23          31  0.99559611614001109     
          31          32  0.91911333371066006     
          32          33   1.1659468726425437     
          32          34   1.7636223625757097     
          33          34  0.18116603246040364     
          11          35  0.96120001223955376     
          31          35  0.97798399781740120     
          35          36   1.1996061041380450     
          36          37  0.99251029589696504     
          37          38   1.5556504855609612     
          38          39   1.1586481930909682     
          38          40  0.14194092324581292     
          39          40   1.1367154052057040     
          37          41   1.2524301726310938     
          40          41   1.6185140169650309     
          35          42  0.18423377884621367     
          36          42   1.6781603957123228     
           1          43  0.96764680956546112     
           2          44  0.96763524443941273     
           4          45  0.96819312022898796     
           5          46  0.97086131549530907     
           6          47  0.97084071019668472     
           7          48  0.96832167803459268     
           9          49  0.96551521601188617     
          11          50  0.94976407239892247     
          12          51  0.94824802027202038     
          14          52  0.96064263927520610     
          16          53  0.96835414332335279     
          17          54  0.97103116380321597     
          18          55  0.97093140792211341     
          19          56  0.96819864495885000     
          21          57  0.96721859641058572     
          22          58  0.96695473345742622     
          26          59  0.95883670547341215     
          28          60  0.96583271579277330     
          29          61  0.97337478334995609     
          31          62  0.92033540889163001     
          33          63  0.85559962405928280     
          38          64  0.96539448410005924     
          40          65  0.96572744007092570     
          41          66  0.97307393174100132     
