   -0.03801608
   -0.02823090
   -0.03094502
   -0.02706922
   -0.03262389
    0.00194823
    0.03715598
    0.03337629
   -0.00102154
   -0.02815442
   -0.02546495
   -0.02846088
   -0.02718707
   -0.03474573
   -0.11490924
    0.27148869
   -0.01165558
   -0.02023327
   -0.02603086
   -0.02696451
   -0.02727810
   -0.02854006
   -0.43527916
    0.09242676
    0.35761900
   -0.35613719
   -0.38720261
   -0.12141166
    0.27147364
   -0.01919944
   -0.03396467
   -0.02440389
   -0.02364385
   -0.02596786
   -0.01932985
   -0.42022947
    0.03069499
    0.03606060
    0.03639174
    0.03992363
    0.04071208
    0.08685585
    0.05522816
    0.03251421
    0.04083085
    0.03916044
    0.03791799
    0.02916901
    0.04230627
    0.03947189
    0.03834698
    0.03779446
    0.03504258
    0.09505238
    0.34168416
    0.05555853
    0.04249821
    0.03905239
    0.03953590
    0.04700906
