           1           2   1.4499852786412220     
           2           3   1.4334329412267459     
           1           4  0.11211101581090244     
           3           4   1.4439861007168975     
           2           5  0.11022932180823455     
           4           5   1.4380410020008003     
           1           6   1.4051504363292271     
           3           6  0.10936648418488396     
           5           6   1.4176250706958680     
           6           7  0.98909640652532582     
           7           8  0.94686327931027703     
           8           9  0.99167384235566391     
           9          10   1.4073694399970051     
          10          11   1.4493999092892071     
           9          12  0.10934233013005495     
          11          12   1.4348793308777925     
          10          13  0.11146460428198943     
          12          13   1.4409109352250229     
           9          14   1.4144722171953297     
          11          14  0.10974309458761643     
          13          14   1.4418159245642661     
           8          15  0.96373765403776512     
          15          16   1.2107338982432381     
          16          17  0.96786520461267300     
          17          18   1.4047710477726385     
          18          19   1.4445652517047569     
          17          20  0.10979267570934623     
          19          20   1.4384311306419060     
          18          21  0.11074685600309386     
          20          21   1.4367770758391862     
          17          22   1.4014030625550631     
          19          22  0.11078285906964212     
          21          22   1.4458697092845625     
          15          23  0.18920094474206395     
          16          23   1.6808063314710071     
          15          24  0.98024873074532082     
          24          25  0.91437044840606330     
          25          26   1.1605456090842594     
          25          27   1.7746940261557680     
          26          27  0.18181031294619865     
           7          28  0.97111583444033311     
          24          28  0.98653150247452692     
          28          29   1.1699900007595696     
          29          30  0.99022983827579181     
          30          31   1.3938995512644745     
          31          32   1.4451039760448847     
          30          33  0.10628644475857472     
          32          33   1.4385139740053874     
          31          34  0.10952474011641626     
          33          34   1.4346483935688084     
          30          35   1.3932698914704131     
          32          35  0.11025330753654998     
          34          35   1.4500034404057773     
          28          36  0.17760797466400013     
          29          36   1.6944096686293886     
           1          37  0.96732196808127158     
           2          38  0.97073658107232874     
           3          39  0.97106584331009937     
           4          40  0.97045481035999537     
           5          41  0.96648664250421801     
           7          42  0.93804245922055463     
           8          43  0.95190520086807362     
          10          44  0.96869687396383031     
          11          45  0.97046847742553133     
          12          46  0.97093487372541176     
          13          47  0.97057952036310224     
          14          48  0.96809525566001875     
          18          49  0.96940455140003068     
          19          50  0.97004653446879319     
          20          51  0.97100059873353828     
          21          52  0.97015283208031566     
          22          53  0.96911763951589269     
          24          54  0.93169673201683145     
          26          55  0.85722002012410736     
          31          56  0.96329888373559225     
          32          57  0.96989343236401304     
          33          58  0.97090223092679517     
          34          59  0.97001225035298633     
          35          60  0.96861936115817349     
