   -0.04027347
   -0.03367024
    0.01472455
   -0.03393799
   -0.02736958
   -0.02688044
   -0.03026860
    0.01828323
   -0.04106038
   -0.00986017
    0.03943309
    0.03590375
   -0.00331855
   -0.03373779
    0.01582878
   -0.03163123
   -0.02782894
   -0.02839221
   -0.03344323
    0.01389626
   -0.03277880
   -0.03707595
   -0.12903704
    0.27561469
   -0.01345981
   -0.03135410
   -0.05612123
    0.03389638
   -0.11056560
   -0.03453670
   -0.43682751
    0.07926413
    0.35090913
   -0.35748955
   -0.34187696
   -0.15129705
    0.27089115
   -0.02470975
   -0.02825744
   -0.05435497
    0.03944488
   -0.11030438
   -0.04068121
   -0.42252910
    0.03790170
    0.03784655
    0.03366483
    0.03346066
    0.03532696
    0.04205490
    0.04374861
    0.08081961
    0.06258709
    0.02350958
    0.03271758
    0.03359803
    0.03344627
    0.03394956
    0.03771847
    0.03339106
    0.05636510
    0.04245729
    0.05923062
    0.06232700
    0.05555086
    0.09280344
    0.33077917
    0.06007770
    0.04659608
    0.05727480
    0.06219091
    0.06544555
