           1           2   1.5679061324487122     
           2           3   1.2737447929315791     
           3           4   1.2820359903268215     
           4           5   1.5554062271011169     
           5           6   1.3220659163328048     
           4           7  0.11842197696570600     
           6           7   1.5565313038707622     
           3           8   1.2532694626110197     
           7           8   1.2799081439793309     
           2           9  0.11246759872268990     
           8           9   1.2763125804329754     
           1          10   1.2881351761386945     
           9          10   1.5297085770733461     
          10          11  0.98681924319434999     
          11          12  0.95564602853220393     
          12          13  0.98791718902221137     
          13          14   1.5264238785701345     
          14          15   1.2809552940191713     
          15          16   1.2787442235693642     
          16          17   1.5577095835668495     
          17          18   1.3208115212879750     
          16          19  0.11823549334752809     
          18          19   1.5563374498960780     
          15          20   1.2512761187577635     
          19          20   1.2814904912900171     
          14          21  0.11383540970829577     
          20          21   1.2759636479163321     
          13          22   1.2920720826332073     
          21          22   1.5642852737940498     
          12          23  0.96476672618050607     
          23          24   1.1768517320335545     
          24          25   1.0332696493142359     
          25          26   1.5511780363189422     
          26          27   1.2929088667019868     
          25          28  0.10504219384503505     
          27          28   1.5786223493127407     
          28          29   1.0405527849709610     
          25          30   1.1328860179118005     
          28          30   1.1707191928186949     
          23          31  0.17182587067636385     
          24          31   1.6536456432301023     
          23          32  0.97650609025470814     
          32          33  0.90880977964186171     
          33          34   1.1404459137798846     
          33          35   1.8097503363041936     
          34          35  0.16896897660537183     
          11          36  0.94901565624945317     
          32          36  0.98648546716477015     
          36          37   1.1532277707183713     
          37          38   1.0360489477302903     
          38          39   1.5435956238826991     
          39          40   1.2982363642102930     
          38          41  0.10506700258133156     
          40          41   1.5731966453123631     
          41          42   1.0424945086198194     
          38          43   1.1289367014250455     
          39          43  0.10048123510552569     
          41          43   1.1726908843733277     
          36          44  0.16805301959493679     
          37          44   1.6730897157584144     
           1          45  0.96839718518848006     
           2          46  0.96755690780474468     
           4          47  0.96837051085401105     
           5          48  0.97093411794195572     
           6          49  0.97076616131875348     
           7          50  0.96757207675893608     
           9          51  0.96107739660969238     
          11          52  0.94871015343295628     
          12          53  0.94670663409043265     
          14          54  0.96352668947632958     
          16          55  0.96822614486399861     
          17          56  0.97090476447752161     
          18          57  0.97095404543396358     
          19          58  0.96835564817523057     
          21          59  0.96764992051194076     
          22          60  0.96815705813095243     
          26          61  0.96247375862117068     
          27          62  0.96337173780297503     
          29          63  0.96999741017250574     
          29          64  0.96605755582002817     
          29          65  0.97940724740519414     
          32          66  0.91909096458946826     
          34          67  0.85404177151532945     
          39          68  0.96193652485926140     
          40          69  0.96276454306168269     
          42          70  0.97883125151765771     
          42          71  0.96812034373594169     
          42          72  0.96454288138163979     
