   -0.03487840
   -0.02879005
   -0.02601028
   -0.04010207
    0.00731286
    0.01287729
   -0.03555493
   -0.03101437
   -0.03651277
   -0.00874554
    0.04505975
    0.04067005
   -0.00876875
   -0.03485427
   -0.02990476
   -0.03521740
    0.01533407
    0.00755896
   -0.03462304
   -0.02774095
   -0.02880475
   -0.03328651
   -0.12203217
    0.27425437
   -0.01380717
   -0.02720441
   -0.02878853
   -0.03657196
    0.01666199
   -0.05640685
   -0.09877301
   -0.03605102
   -0.42733966
    0.10464771
    0.38210431
   -0.33994716
   -0.41151325
   -0.11713648
    0.27516463
   -0.01268281
   -0.02740575
    0.01798282
   -0.05735623
   -0.09920984
   -0.03560497
   -0.02943847
   -0.03240956
   -0.42717636
    0.03297497
    0.03379878
    0.04415802
    0.05647150
    0.03757076
    0.03664051
    0.02883552
    0.04443122
    0.05714783
    0.03515606
    0.03906749
    0.03927892
    0.02817230
    0.03522394
    0.03586513
    0.03749040
    0.03713922
    0.03547591
    0.03402926
    0.03625542
    0.03666832
    0.03853910
    0.03788684
    0.04120551
    0.03688264
    0.06441422
    0.34534481
    0.04625417
    0.03919434
    0.03769585
    0.03930671
    0.03765930
    0.04185506
    0.03723308
    0.03676851
    0.02994402
