           1           2   1.5546952400583955     
           2           3   1.3246425820059664     
           1           4  0.11843948289283399     
           3           4   1.5499824628773400     
           4           5   1.2843684545720337     
           1           6   1.2805511401409917     
           5           6   1.2516123358891400     
           6           7   1.2787125914480413     
           7           8   1.5526260691644653     
           8           9   1.3264684964095870     
           5          10   1.2501202175324253     
           7          10  0.11426833017863629     
           9          10   1.5216159809844072     
          10          11  0.99561269354433013     
          11          12  0.94476959058186116     
          12          13  0.99124951920527615     
          13          14   1.5174358685197120     
          14          15   1.3313489802991789     
          13          16  0.11479002664280641     
          15          16   1.5481782459696842     
          16          17   1.2813401584845512     
          13          18   1.2550013872210910     
          17          18   1.2515235861279244     
          18          19   1.2826377232774167     
          19          20   1.5550467600260462     
          20          21   1.3211059242502941     
          17          22   1.2779828149545172     
          19          22  0.11847984888835809     
          21          22   1.5582318379419966     
          12          23  0.96158191890299227     
          23          24   1.2087956928489469     
          24          25  0.95962109240965265     
          25          26   1.4032670142933599     
          26          27   1.4402396273981610     
          25          28  0.10799630190047589     
          27          28   1.4432996024377431     
          26          29  0.10751232726868529     
          28          29   1.4088810380256365     
          29          30   1.0121744952354945     
          30          31   1.0003574507283894     
          25          32   1.4096110308460772     
          27          32  0.10808735263080864     
          29          32   1.4136445190117088     
          23          33  0.19018717488534742     
          24          33   1.6878989611792752     
          23          34  0.97569884494097670     
          34          35  0.90935233130705462     
          35          36   1.1775594303498553     
          35          37   1.7397693988770877     
          36          37  0.17544091406914580     
          11          38  0.96201109324376943     
          34          38  0.97635882355553727     
          38          39   1.2166109806827885     
          39          40  0.97631924450933205     
          40          41   1.4062677933209506     
          41          42   1.4146429477426092     
          42          43   1.0125603407764963     
          43          44   1.0001191629264490     
          40          45  0.10558415304381168     
          42          45   1.4088848654349329     
          41          46  0.10738659268451063     
          45          46   1.4411767543271352     
          40          47   1.3953447774908172     
          42          47  0.10646488261611547     
          46          47   1.4432093701878717     
          38          48  0.18630660466503240     
          39          48   1.6574634932059005     
           1          49  0.96800555088367102     
           2          50  0.97056288206386854     
           3          51  0.97016589463260028     
           4          52  0.95746621952722566     
           7          53  0.96772844266349833     
           8          54  0.97009965192980274     
           9          55  0.96723991919568386     
          11          56  0.95128668292919971     
          12          57  0.94313302522944475     
          14          58  0.96724801861504794     
          15          59  0.97002424668261666     
          16          60  0.96771060068345549     
          19          61  0.96094836864054378     
          20          62  0.97070265066189121     
          21          63  0.97053039143740683     
          22          64  0.96777664572419608     
          26          65  0.96981215563658429     
          27          66  0.96996898856476543     
          28          67  0.96925763620155458     
          30          68  0.97343526901456179     
          30          69  0.97435634390240056     
          31          70  0.98605360253066099     
          31          71  0.98822041952333040     
          31          72  0.98797206997617870     
          32          73  0.96667959318220364     
          34          74  0.94544308639734087     
          36          75  0.85516322029606040     
          41          76  0.96654552692122564     
          43          77  0.97329408373136084     
          43          78  0.97413389112343396     
          44          79  0.98602238387548102     
          44          80  0.98827378600863047     
          44          81  0.98789076254663555     
          45          82  0.96902592500559026     
          46          83  0.96998950666427397     
          47          84  0.96993125237905287     
