   -0.03134838
   -0.03029636
   -0.03041265
   -0.03442285
    0.00721954
    0.01470065
   -0.03494352
   -0.02861427
   -0.03550117
   -0.00856649
    0.03971258
    0.04253473
   -0.00301488
   -0.03280332
   -0.02969575
   -0.03632311
    0.01501131
    0.00710188
   -0.03570652
   -0.02776801
   -0.02877600
   -0.03417922
   -0.12151509
    0.27234447
   -0.03292821
   -0.02458461
   -0.05784997
    0.15227533
   -0.25954397
    0.03388439
   -0.05315399
   -0.02157637
   -0.42533571
    0.09852004
    0.37256675
   -0.37507319
   -0.39532034
   -0.11244765
    0.27430874
   -0.02316656
   -0.02843594
   -0.06412353
    0.14836033
   -0.26098734
    0.03438290
   -0.05178068
   -0.01985072
   -0.42192318
    0.03873976
    0.03283565
    0.03070037
    0.02725538
    0.03988809
    0.04065729
    0.04993661
    0.04885604
    0.08140174
    0.03047256
    0.03558068
    0.03637421
    0.03054777
    0.03138019
    0.03336843
    0.03505715
    0.03153472
    0.04572797
    0.06424984
    0.04169571
    0.04843294
    0.05467015
    0.05228302
    0.05570081
    0.34115854
    0.03634514
    0.04190992
    0.06611408
    0.04312171
    0.04379574
    0.05725487
    0.05199883
