           1           2   1.5568472540112988     
           2           3   1.3209518375568479     
           1           4  0.11843570706074029     
           3           4   1.5545307698668673     
           4           5   1.2817078510500459     
           1           6   1.2782578392266442     
           5           6   1.2519177889783060     
           6           7   1.2802384282552706     
           7           8   1.5487739940243579     
           8           9   1.3311228002725475     
           5          10   1.2527457340446098     
           7          10  0.11497552198228966     
           9          10   1.5177362398828163     
          10          11  0.98927692592243688     
          11          12  0.94805242947261070     
          12          13  0.98621687734176122     
          13          14   1.5313358953043035     
          14          15   1.3209505926803984     
          13          16  0.11446842970633118     
          15          16   1.5576709618168167     
          16          17   1.2762592124315624     
          13          18   1.2481101845662850     
          17          18   1.2550994452429012     
          18          19   1.2850251911195751     
          19          20   1.5523534408594852     
          20          21   1.3241635672860230     
          17          22   1.2805739960605358     
          19          22  0.11853950739203761     
          21          22   1.5556125420680438     
          12          23  0.96835796577364353     
          23          24   1.1825420609350747     
          24          25  0.98718396264334196     
          25          26   1.3972010617932111     
          26          27   1.4507177609115580     
          27          28   1.3657419437216933     
          28          29   1.0778615538867433     
          29          30  0.98210378907986529     
          26          31  0.10376570138459133     
          28          31   1.3389740088472997     
          25          32   1.3719330082018095     
          31          32   1.4836099030574625     
          23          33  0.18184831375220833     
          24          33   1.6875601214684315     
          23          34  0.98875354988557640     
          34          35  0.91268422495784829     
          35          36   1.1255489066964155     
          35          37   1.7605677067106655     
          36          37  0.16348936184146309     
          11          38  0.95886397579392080     
          34          38  0.96971634960250208     
          38          39   1.2330719454370473     
          39          40  0.97922530586276046     
          40          41   1.4054492033829473     
          41          42   1.4432869326718318     
          42          43   1.3691346032506229     
          43          44   1.0758015865855903     
          44          45  0.98209117292889270     
          41          46  0.10485705801404718     
          43          46   1.3384251335909287     
          40          47   1.3713412032447978     
          46          47   1.4835640301431934     
          38          48  0.18388475873099300     
          39          48   1.6387174972643763     
           1          49  0.96769670259368723     
           2          50  0.97034497449661772     
           3          51  0.97101009484671674     
           4          52  0.96018922273991336     
           7          53  0.96761181433969023     
           8          54  0.96987906165758209     
           9          55  0.96484818934282046     
          11          56  0.94888836007309929     
          12          57  0.94207301429695867     
          14          58  0.96497026519117879     
          15          59  0.97034074772186985     
          16          60  0.96794833942909564     
          19          61  0.96261789883328230     
          20          62  0.97103811272634855     
          21          63  0.97071725092082839     
          22          64  0.96805253901791088     
          26          65  0.96752605415985637     
          27          66  0.96481075936885086     
          30          67  0.97964460403521603     
          30          68  0.97638684234577866     
          30          69  0.97649396849666703     
          31          70  0.96693154004513304     
          32          71  0.96807200702636798     
          34          72  0.94241109058774086     
          36          73  0.85901347532603545     
          41          74  0.96910633082072895     
          42          75  0.96512576202167000     
          45          76  0.97940487054491343     
          45          77  0.97486995053997816     
          45          78  0.97631647411656486     
          46          79  0.96648934398310971     
          47          80  0.96805635506676846     
