   -0.03885833
   -0.02937908
   -0.03035224
   -0.02765565
   -0.03376909
   -0.00196770
    0.03620786
    0.03272872
    0.00180570
   -0.03462062
   -0.02746247
   -0.02917875
   -0.02638205
   -0.03131819
   -0.10976957
    0.26531264
    0.08392471
   -0.04501673
   -0.05923803
    0.07732824
   -0.17789384
   -0.43607655
    0.08963891
    0.35762517
   -0.36542362
   -0.37610801
   -0.10113078
    0.26252997
    0.08145320
   -0.04389446
   -0.05887150
    0.07915712
   -0.18138755
   -0.43800907
    0.04106784
    0.03730554
    0.03482922
    0.03808629
    0.05757078
    0.08071091
    0.06887380
    0.03359941
    0.03733485
    0.03758287
    0.03857506
    0.03093297
    0.06575738
    0.05062503
    0.05583277
    0.10989272
    0.34043656
    0.06688739
    0.05098240
    0.05916786
