           1           2   1.4366101141190257     
           2           3   1.4441580000533245     
           1           4  0.11026167166761419     
           3           4   1.4340577301399673     
           2           5  0.11274734940303315     
           4           5   1.4499945720710585     
           1           6   1.4194531909928765     
           3           6  0.10918801418299856     
           5           6   1.4065643567703250     
           6           7  0.98150706107429109     
           7           8  0.96033151533349315     
           8           9  0.98566108456897994     
           9          10   1.4094230644466099     
          10          11   1.4470733064280092     
           9          12  0.10936803713156648     
          11          12   1.4367004039400588     
          10          13  0.11141159279190550     
          12          13   1.4404193453968053     
           9          14   1.4157164308268442     
          11          14  0.11086288763105212     
          13          14   1.4424620629902274     
           8          15  0.96545960191251456     
          15          16   1.1935574213285101     
          16          17   1.0296421018810635     
          17          18   1.5226606765767805     
          18          19   1.3236155256475162     
          17          20  0.13804133699872029     
          19          20   1.5793538140664083     
          17          21   1.1035857982798793     
          20          21   1.1524626067578672     
          15          22  0.18205783202999756     
          16          22   1.6440493518524344     
          15          23  0.98134952243937090     
          23          24  0.91306744619833502     
          24          25   1.1473202823027171     
          24          26   1.7893355618264757     
          25          26  0.18067552397394743     
           7          27  0.95223744951820666     
          23          27  0.99529881815556487     
          27          28   1.2034160300887269     
          28          29   1.0309197301747499     
          29          30   1.5207562878132967     
          30          31   1.3251427074355424     
          29          32  0.13829513149978093     
          31          32   1.5786734366594914     
          29          33   1.1000184261486821     
          32          33   1.1512500611626371     
          27          34  0.18468796096536802     
          28          34   1.6322570202304481     
           1          35  0.96454868597492094     
           2          36  0.97080473783193411     
           3          37  0.97106784018690406     
           4          38  0.97042284334458151     
           5          39  0.96556991935173642     
           7          40  0.95148125231123937     
           8          41  0.94861341143181610     
          10          42  0.96867429588836396     
          11          43  0.97060403564414555     
          12          44  0.97101889191930413     
          13          45  0.97069246104302276     
          14          46  0.96835691584697448     
          18          47  0.97202755299689458     
          19          48  0.97367627684209568     
          20          49  0.96534814968109206     
          23          50  0.91527801624076943     
          25          51  0.85845138477928917     
          30          52  0.97183921595029887     
          31          53  0.97360615548717766     
          32          54  0.96495290686841562     
