    0.13863977
   -0.26616586
    0.03657040
   -0.06832902
   -0.03101653
   -0.04020595
   -0.03559100
   -0.02741566
    0.04808272
    0.04666100
   -0.02872078
   -0.03701610
   -0.03973030
   -0.02772365
   -0.06416775
    0.13972967
   -0.27392150
    0.03890272
   -0.09836279
    0.27464495
   -0.00668832
   -0.02817126
   -0.02561882
   -0.03291102
    0.05768315
   -0.12735818
   -0.02609601
   -0.42638909
    0.10066670
    0.38334447
   -0.34403991
   -0.41244528
   -0.09910627
    0.27724068
   -0.00501983
   -0.03267271
    0.05808508
   -0.12439274
   -0.03104654
   -0.02669218
   -0.01977191
   -0.42608381
    0.03990468
    0.03863618
    0.08798470
    0.04192057
    0.04321294
    0.04934296
    0.04186555
    0.05775853
    0.05782255
    0.03302818
    0.04235584
    0.05136680
    0.04889242
    0.04543499
    0.04364410
    0.06617301
    0.05008171
    0.04831788
    0.05408584
    0.05144661
    0.07560784
    0.34364542
    0.05136818
    0.05613151
    0.04998533
    0.06260516
