           1           2   1.0778556956951879     
           2           3  0.97541838258446367     
           1           4   1.3768762953385798     
           4           5   1.4350096256211256     
           5           6   1.4422826640104751     
           4           7  0.10053162080036396     
           6           7   1.4236026323516211     
           1           8   1.3110319650192577     
           5           8  0.10496470983415991     
           7           8   1.4358289588530961     
           8           9  0.99873586100870226     
           9          10  0.94278354325541658     
          10          11  0.99420969797380077     
          11          12   1.4347657843307546     
          12          13   1.4267518758907756     
          11          14  0.10543367997960976     
          13          14   1.4412739726837218     
          12          15  0.10154714666582892     
          14          15   1.4347588662685988     
          11          16   1.3192373159169526     
          15          16   1.3809633505002588     
          16          17   1.0646183088527035     
          17          18  0.97919327341781826     
          10          19  0.96406479031236592     
          19          20   1.2322578962490121     
          20          21  0.95157283199742237     
          21          22   1.4053536196675143     
          22          23   1.4407454305033096     
          21          24  0.10905171802952601     
          23          24   1.4331941310130405     
          22          25  0.10172263088434633     
          24          25   1.4233893994399069     
          25          26  0.96244198193066066     
          21          27   1.4037253180226852     
          23          27  0.10907431077335242     
          25          27   1.4296698736423159     
          19          28  0.19762714162695821     
          20          28   1.6783794027311791     
          19          29  0.97558540300811425     
          29          30  0.90646697268043464     
          30          31   1.1685986806814952     
          30          32   1.7422988324004165     
          31          32  0.17280993442274845     
           9          33  0.96083159652482608     
          29          33  0.97725782020409779     
          33          34   1.2362650603212655     
          34          35  0.98209330456024546     
          35          36   1.3912063848587792     
          36          37   1.4328812142822356     
          37          38  0.96434318461098656     
          35          39  0.10552297446592422     
          37          39   1.4204242676842125     
          36          40  0.10730363971017221     
          39          40   1.4321553928109483     
          35          41   1.3974437421980588     
          40          41   1.4435672411336999     
          33          42  0.18852398068668541     
          34          42   1.6348738220502030     
           3          43  0.97689813399599668     
           3          44  0.97580477448504632     
           3          45  0.97464905894285836     
           4          46  0.96552091115509020     
           5          47  0.97049600631716204     
           6          48  0.96951099585160816     
           7          49  0.96697500991665186     
           9          50  0.95132804485491096     
          10          51  0.95036852609426736     
          12          52  0.96772878045180588     
          13          53  0.97024466760009653     
          14          54  0.96954668281935297     
          15          55  0.96458601737891980     
          18          56  0.97636533926377633     
          18          57  0.97633663870111498     
          18          58  0.97887826369081310     
          22          59  0.96791990590630617     
          23          60  0.96739110231161829     
          24          61  0.96909404772175123     
          27          62  0.96747617844741063     
          29          63  0.94332179795060189     
          31          64  0.85656753097616534     
          36          65  0.96662398228082103     
          39          66  0.96888535334024695     
          40          67  0.96726149993278354     
          41          68  0.96540593862438573     
