    0.14516091
   -0.26811641
    0.03991354
   -0.06520975
   -0.03274560
   -0.04125587
   -0.02930984
   -0.01360534
    0.04627745
    0.04587619
   -0.01306207
   -0.03221793
   -0.04088117
   -0.03244614
   -0.06613032
    0.13977181
   -0.27368581
    0.03846810
   -0.11356749
    0.26830225
   -0.01772523
   -0.04075202
   -0.00964517
   -0.05679143
   -0.05776898
   -0.05670761
   -0.05736448
    0.02371892
   -0.05356226
   -0.44244032
    0.08840808
    0.35373837
   -0.35795440
   -0.38523312
   -0.11121404
    0.27883324
   -0.01181780
   -0.05351677
   -0.01082152
    0.01468363
   -0.05752999
   -0.05717957
   -0.05791755
   -0.05630043
   -0.02066832
   -0.43795436
    0.06620219
    0.04222283
    0.04672765
    0.04141731
    0.03501363
    0.03491069
    0.03539791
    0.04908678
    0.09010021
    0.03835891
    0.03619203
    0.03718115
    0.03837150
    0.06091285
    0.04004567
    0.04558159
    0.06083651
    0.04331852
    0.04383699
    0.03357133
    0.03783098
    0.03540117
    0.03882821
    0.05123115
    0.04695407
    0.11022775
    0.34113596
    0.04216125
    0.04698933
    0.04848760
    0.04041378
    0.03532818
    0.03693127
    0.03386395
    0.04451137
    0.04036435
