           1           2   1.0710540265351123     
           2           3  0.97940475645633707     
           1           4   1.3772555201676819     
           4           5   1.4358121857809971     
           5           6   1.4404048018370570     
           4           7  0.10028589447790499     
           6           7   1.4254563294133837     
           1           8   1.3166471377898170     
           5           8  0.10570703606398246     
           7           8   1.4350530040545186     
           8           9   1.0007443897284034     
           9          10  0.93835729049490035     
          10          11  0.99353107411099117     
          11          12   1.4456860832524596     
          12          13   1.4175419205341602     
          11          14  0.10640846871441305     
          13          14   1.4501059879609230     
          12          15  0.10075105265427950     
          14          15   1.4282796107022044     
          11          16   1.3158881603216774     
          15          16   1.3872050617806655     
          16          17   1.0599131030993929     
          17          18  0.98371576279247841     
          10          19  0.96609042605611828     
          19          20   1.1832217863343757     
          20          21   1.0488134666059550     
          21          22   1.5312024581252577     
          22          23   1.2846902010003651     
          23          24   1.0072261395336604     
          24          25   1.0064482472674219     
          25          26   1.0092407340680689     
          26          27   1.0001383104074368     
          21          28  0.10428725396564366     
          23          28   1.5352308797370737     
          27          28   1.0260250859557329     
          21          29   1.1303049321405823     
          22          29  0.10287659560875759     
          28          29   1.1721164659498544     
          19          30  0.17509758646828028     
          20          30   1.6335481994488541     
          19          31  0.98538386349819507     
          31          32  0.91586285481192364     
          32          33   1.1490805973641376     
          32          34   1.7836735070062657     
          33          34  0.17952545486566329     
           9          35  0.96333072714432932     
          31          35  0.98804868604082052     
          35          36   1.1893025793305321     
          36          37   1.0155006019890236     
          37          38   1.5635094437333106     
          38          39   1.2615440535772777     
          37          40  0.10628938077595548     
          39          40   1.5566354778243290     
          40          41   1.0255846746571700     
          41          42   1.0004576213476346     
          42          43   1.0093061145241047     
          39          44   1.0070961500964186     
          43          44   1.0058949885276933     
          37          45   1.1410711479730111     
          40          45   1.1628968867805543     
          35          46  0.18079971219031712     
          36          46   1.6584875215205108     
           3          47  0.97905101744534084     
           3          48  0.97638128481448061     
           3          49  0.97528336290812012     
           4          50  0.96546559854053360     
           5          51  0.97114385514953594     
           6          52  0.97074911617663617     
           7          53  0.96759087487326856     
           9          54  0.95488424797635929     
          10          55  0.94202650488625284     
          12          56  0.96537668748281980     
          13          57  0.97091525421499170     
          14          58  0.97104094567230070     
          15          59  0.96559489294441569     
          18          60  0.97932076308255889     
          18          61  0.97627009174954771     
          18          62  0.97612363657022649     
          22          63  0.96113146986173204     
          24          64  0.96852604313292134     
          24          65  0.96090410477897437     
          25          66  0.97782394148395302     
          25          67  0.97803433439513521     
          26          68  0.97735284795765398     
          26          69  0.97810555189809301     
          27          70  0.95586802254502978     
          27          71  0.96598757602243213     
          31          72  0.91412526413598005     
          33          73  0.85636726456915091     
          38          74  0.96297653092422830     
          41          75  0.95735398632899249     
          41          76  0.96634394951894342     
          42          77  0.97799318256032231     
          42          78  0.97737926456715374     
          43          79  0.97770511029373663     
          43          80  0.97778040595382021     
          44          81  0.96114849292788107     
          44          82  0.96912046050297806     
