   -0.04040065
   -0.02932582
    0.01614027
   -0.03190034
   -0.02542761
   -0.02571844
   -0.03363409
    0.01515737
   -0.04440439
   -0.01453051
    0.03615445
    0.03054612
   -0.01440563
   -0.04177403
    0.01195143
   -0.03343517
   -0.02150744
   -0.02168686
   -0.03118298
    0.01157322
   -0.03553684
   -0.04569868
   -0.11757306
    0.27825525
    0.00718491
   -0.00860343
   -0.01226894
    0.48775525
   -0.19653447
   -0.19671185
   -0.20070939
   -0.01637184
   -0.01228007
    0.48842618
   -0.20602825
   -0.19383775
   -0.19557397
   -0.01568829
   -0.40128057
    0.07385367
    0.35198103
   -0.35454915
   -0.32772702
   -0.13740600
    0.27213580
   -0.00309371
   -0.02083389
   -0.00837095
    0.48879104
   -0.19892051
   -0.19645315
   -0.19234558
   -0.01314564
   -0.00879078
    0.48945246
   -0.19725265
   -0.19352971
   -0.19887699
   -0.00771477
   -0.39116981
    0.03501849
    0.04827357
    0.04106197
    0.03950503
    0.03903364
    0.03932036
    0.04557456
    0.08405775
    0.06292490
    0.01913818
    0.03943773
    0.04725365
    0.04503749
    0.04474763
    0.04616259
    0.03538175
    0.08963845
    0.09144317
    0.08042147
    0.08854870
    0.33200867
    0.07392482
    0.09767142
    0.08926723
