           1           2   1.5552402204107039     
           2           3   1.2813531496895154     
           3           4   1.2790224775038568     
           4           5   1.5587902359926509     
           5           6   1.3185760914208375     
           4           7  0.11854543231194788     
           6           7   1.5601414455788569     
           3           8   1.2487329020103066     
           7           8   1.2758672098729182     
           2           9  0.11512059917705506     
           8           9   1.2869107610424111     
           1          10   1.2991126665222139     
           9          10   1.5189386941648195     
          10          11  0.98573669329546254     
          11          12  0.95829474867961262     
          12          13  0.98783285065374249     
          13          14   1.5181590819518065     
          14          15   1.2853841600191991     
          15          16   1.2779978945008716     
          16          17   1.5573488300548721     
          17          18   1.3202766281366269     
          16          19  0.11801182821944264     
          18          19   1.5562482162994695     
          15          20   1.2463324247787806     
          19          20   1.2812668420629687     
          14          21  0.11301424005958891     
          20          21   1.2792058836165447     
          13          22   1.2958500560857116     
          21          22   1.5591988766003895     
          12          23  0.95565650316180462     
          23          24   1.2028383395273625     
          24          25  0.96298734354013504     
          25          26   1.3944293151657301     
          26          27   1.4299736512941934     
          27          28  0.94863845512630895     
          28          29  0.94850091872866915     
          28          30  0.95749287893420176     
          28          31  0.94760637032381334     
          25          32  0.10858233243671317     
          27          32   1.4046832707531347     
          26          33  0.10400748691614881     
          32          33   1.4245988044827729     
          33          34  0.94913177782663283     
          34          35  0.93960506597274474     
          34          36  0.96047383984354961     
          34          37  0.95255678753551754     
          25          38   1.4128540760808674     
          27          38  0.10369011496030278     
          33          38   1.4104350999936854     
          23          39  0.19199427300945202     
          24          39   1.7051420264167223     
          23          40  0.97783962884301856     
          40          41  0.89803768075908985     
          41          42   1.1436279962371010     
          41          43   1.8231173409526618     
          42          43  0.17108835180969903     
          11          44  0.94001310673244853     
          40          44  0.98891180908543164     
          44          45   1.1884384203235876     
          45          46  0.96331740931682985     
          46          47   1.4081835167418943     
          47          48   1.4151593085523606     
          48          49  0.94682252487482321     
          49          50  0.94866540705131641     
          49          51  0.94891140049516476     
          49          52  0.96072840947423388     
          46          53  0.10712710101245553     
          48          53   1.4211897936995366     
          47          54  0.10556570099813209     
          53          54   1.4126066623953948     
          54          55  0.94740494851102031     
          55          56  0.94719206935161071     
          55          57  0.95889255984484278     
          55          58  0.95073937637785866     
          46          59   1.3988617511216945     
          48          59  0.10636539885475700     
          54          59   1.4244072837432378     
          44          60  0.18850379154351490     
          45          60   1.7165590631627334     
           1          61  0.96326818849011098     
           2          62  0.96700360877675717     
           4          63  0.96781530555539286     
           5          64  0.97049180884105657     
           6          65  0.97049398039667722     
           7          66  0.96789515299994455     
           9          67  0.96491941687597793     
          11          68  0.95077560212427592     
          12          69  0.95070739589877928     
          14          70  0.96453172600287573     
          16          71  0.96719192079336824     
          17          72  0.96984096122916630     
          18          73  0.97000160107150402     
          19          74  0.96744019491548849     
          21          75  0.96686003851694491     
          22          76  0.96753975838138351     
          26          77  0.96086900218055438     
          32          78  0.96114449128739798     
          38          79  0.96266626243441922     
          40          80  0.92458136820662351     
          42          81  0.84882364729032578     
          47          82  0.96209030559388120     
          53          83  0.95957708611212644     
          59          84  0.96068625532741858     
