    0.14650074
   -0.27049597
    0.03762354
   -0.06294437
   -0.02975873
   -0.03852751
   -0.02885813
   -0.00598637
    0.04563016
    0.04014721
   -0.01868302
   -0.04232728
   -0.04148744
   -0.03002862
   -0.06429150
    0.14769139
   -0.26264150
    0.03670856
   -0.14987458
    0.26955106
   -0.03525577
    0.00943453
   -0.00714906
   -0.10617368
   -0.10348772
   -0.03562041
   -0.02861304
   -0.02927142
   -0.03231557
   -0.41385368
    0.07494457
    0.34433514
   -0.35566047
   -0.35219972
   -0.12378302
    0.27874546
   -0.02702864
   -0.04073160
   -0.03318408
   -0.03148508
   -0.03342294
    0.01786809
   -0.01782857
   -0.10195796
   -0.09706206
   -0.41310317
    0.06317481
    0.03921884
    0.04774639
    0.04028481
    0.03794733
    0.03646731
    0.03789488
    0.06296912
    0.07792560
    0.04272371
    0.03989310
    0.03945815
    0.04147574
    0.04027870
    0.06444734
    0.04879933
    0.01836512
    0.04083051
    0.03380818
    0.04052927
    0.03730341
    0.03979815
    0.05246882
    0.04558018
    0.03924187
    0.04175956
    0.03319054
    0.06966637
    0.33939680
    0.05741668
    0.03474593
    0.03235505
    0.03820972
    0.04842026
    0.03533832
    0.04201075
    0.03747238
    0.02519814
    0.03718092
    0.03492012
