           1           2   1.0633787179425946     
           2           3  0.98190340391103093     
           1           4   1.3781786015271862     
           4           5   1.4380638035447157     
           5           6   1.4400339796500528     
           4           7  0.10217049329660388     
           6           7   1.4282963633598507     
           1           8   1.3255747363162693     
           5           8  0.10629457453418011     
           7           8   1.4332508021865988     
           8           9  0.99791179153780118     
           9          10  0.95432960309806658     
          10          11  0.99620278204081114     
          11          12   1.4388201163474117     
          12          13   1.4246281374495005     
          11          14  0.10543521878700084     
          13          14   1.4417409367363221     
          12          15  0.10178230940493248     
          14          15   1.4381531251613315     
          11          16   1.3183137279363171     
          15          16   1.3769899028427446     
          16          17   1.0727379235298748     
          17          18  0.98066330025292581     
          10          19  0.93955790623796986     
          19          20   1.1815209734882501     
          20          21  0.95316337806381990     
          21          22   1.3759569366796616     
          22          23  0.99888866849635494     
          23          24   1.0068682328849132     
          23          25  0.98842738028180932     
          22          26   1.4142096127290285     
          21          27  0.10857353712569687     
          26          27   1.4429885371987425     
          22          28  0.10840859136608952     
          27          28   1.4378568361876976     
          21          29   1.4124152130459260     
          26          29  0.10913451828435347     
          28          29   1.4373572866840383     
          19          30  0.18428496344935802     
          20          30   1.7130306752107192     
          19          31  0.98345006380571409     
          31          32  0.89111530223850843     
          32          33   1.1676280955502338     
          32          34   1.7963182675576241     
          33          34  0.17314514523843030     
           9          35  0.95058449270507306     
          31          35  0.99381813110170381     
          35          36   1.1813988687137740     
          36          37  0.96308208234403425     
          37          38   1.4045159197213077     
          38          39   1.4421136845007585     
          37          40  0.10592705840528097     
          39          40   1.4323270391464578     
          38          41  0.10943224232575999     
          40          41   1.4453099932101505     
          37          42   1.3767411383271277     
          39          42  0.10876341949405036     
          41          42   1.4116458191897836     
          42          43  0.99893315206808964     
          43          44  0.99663485414489961     
          43          45  0.99581247310765320     
          35          46  0.18110005620651834     
          36          46   1.7033898688911591     
           3          47  0.97935530263188753     
           3          48  0.97635514613143071     
           3          49  0.97650261670795147     
           4          50  0.96543385908918256     
           5          51  0.97098533928122521     
           6          52  0.97084001247291307     
           7          53  0.96356461717864972     
           9          54  0.94902396367211450     
          10          55  0.94715119570062045     
          12          56  0.96088576828497407     
          13          57  0.97070810574835165     
          14          58  0.97076887428901903     
          15          59  0.96521776084472721     
          18          60  0.97617260991008992     
          18          61  0.97921811575867634     
          18          62  0.97634713972763287     
          23          63  0.95914834699453366     
          24          64  0.98355161890993748     
          24          65  0.98358580615131708     
          24          66  0.98369208953037635     
          25          67  0.98727308107388212     
          25          68  0.98445169980191549     
          25          69  0.98387360816993841     
          26          70  0.96462606831148834     
          27          71  0.97052572333434350     
          28          72  0.96960863241293405     
          29          73  0.96675253615905743     
          31          74  0.93175273417428084     
          33          75  0.82680061714543629     
          38          76  0.95986404763683786     
          39          77  0.97030201202985245     
          40          78  0.97082534745728888     
          41          79  0.96494991022820487     
          43          80  0.96042969406931222     
          44          81  0.98472267303603012     
          44          82  0.98695237913417289     
          44          83  0.98545295907715302     
          45          84  0.98471811393196396     
          45          85  0.98538202662808394     
          45          86  0.98468647984906921     
