   -0.02361807
    0.48554744
   -0.22492183
   -0.20354536
   -0.20086965
   -0.01893434
   -0.02032113
   -0.01504614
   -0.02117353
    0.02873288
    0.04820887
    0.04712776
    0.02661497
   -0.02407861
    0.48534571
   -0.20450227
   -0.22512783
   -0.20041361
   -0.01892242
   -0.01990615
   -0.01489382
   -0.02320180
   -0.11931669
    0.27194666
   -0.02498888
   -0.03233039
   -0.02844179
   -0.03037349
    0.01820757
    0.02636614
   -0.10729325
   -0.11171075
   -0.11003974
   -0.03614319
   -0.41135969
    0.09109940
    0.35238403
   -0.35199398
   -0.39319783
   -0.12636442
    0.26770793
   -0.02168870
   -0.04500038
    0.01416087
    0.02527123
   -0.10491357
   -0.11030181
   -0.10960652
   -0.03555580
   -0.02925542
   -0.02382776
   -0.41490657
    0.06803690
    0.05826440
    0.05635354
    0.04734986
    0.06813731
    0.06334528
    0.06756054
    0.05776975
    0.05465950
    0.05706469
    0.03039298
    0.03673140
    0.04165566
    0.03739403
    0.03703853
    0.04183726
    0.03944760
    0.03804542
    0.03939686
    0.04303548
    0.03809802
    0.03894361
    0.04087407
    0.06993652
    0.34623953
    0.04948696
    0.04432412
    0.03883078
    0.02959363
    0.03517787
    0.04013002
    0.04783994
    0.03669888
    0.03801584
    0.03955732
    0.04550268
    0.03883796
    0.04776096
