           1           2  0.95257217662481708     
           2           3  0.92652410331483714     
           2           4  0.94686546836513130     
           2           5  0.95586046435287408     
           1           6   1.4094541340979858     
           6           7   1.4465260504912476     
           1           8  0.10357477037829391     
           7           8   1.4287202885254919     
           6           9  0.10938763374170579     
           8           9   1.4535117268790350     
           1          10   1.3876779513585338     
           7          10  0.10825021502985094     
           9          10   1.4022516555934954     
          10          11  0.99717874653194871     
          11          12  0.94777143141372988     
          12          13  0.99697864624164589     
          13          14   1.3869431247295443     
          14          15  0.95231060525089528     
          15          16  0.94591142662425021     
          15          17  0.92648517060059576     
          15          18  0.95640557492274636     
          14          19   1.4106250100819646     
          13          20  0.10834987638131967     
          19          20   1.4453837391244726     
          14          21  0.10414878303156871     
          20          21   1.4304434059989166     
          13          22   1.4052738127310755     
          19          22  0.10928700365776350     
          21          22   1.4513360366147972     
          12          23  0.95399042019942870     
          23          24   1.1948349044166842     
          24          25  0.95508482753401935     
          25          26   1.3978319186022024     
          26          27   1.4344992276234327     
          25          28  0.10803632333604563     
          27          28   1.4506604079741512     
          26          29  0.10897314521145275     
          28          29   1.4027917112072683     
          29          30  0.98508528846965449     
          30          31  0.98392285548527891     
          30          32   1.0002390379734076     
          30          33  0.98768502439163064     
          25          34   1.4074545934656089     
          27          34  0.10607024888596281     
          29          34   1.4182636638965882     
          23          35  0.18885646549570537     
          24          35   1.7059328455206439     
          23          36  0.98358342030317680     
          36          37  0.90593260101117223     
          37          38   1.1641215068076076     
          37          39   1.7627181861535643     
          38          39  0.17979872942521191     
          11          40  0.95630853855310083     
          36          40  0.98857814463727778     
          40          41   1.1600256022928894     
          41          42  0.98933616368245270     
          42          43   1.4180541885817757     
          43          44   1.4012570945077270     
          44          45  0.98465707556600202     
          45          46  0.98356406295758692     
          45          47  0.98826871577266395     
          45          48   1.0000699623556839     
          42          49  0.10226006414639920     
          44          49   1.4223092069511263     
          43          50  0.10643670322253704     
          49          50   1.4261992970299606     
          42          51   1.3708491703304548     
          44          51  0.10837506417395437     
          50          51   1.4599926427314740     
          40          52  0.17292998713100988     
          41          52   1.6963949263452351     
           6          53  0.96552475334643251     
           7          54  0.96873225531164864     
           8          55  0.96885649499674220     
           9          56  0.96622510543748696     
          11          57  0.95102163601247824     
          12          58  0.95191896884088778     
          19          59  0.96556784141308238     
          20          60  0.96877701107675207     
          21          61  0.96904414971210806     
          22          62  0.96098186001936603     
          26          63  0.96908544789338680     
          27          64  0.96944441436327367     
          28          65  0.96481712107541573     
          31          66  0.98410888613064995     
          31          67  0.98646666271416816     
          31          68  0.98394711115186473     
          32          69  0.98238185920647503     
          32          70  0.98379283005463036     
          32          71  0.98407054718484144     
          33          72  0.98360226187066879     
          33          73  0.98282839528059385     
          33          74  0.98442641520302443     
          34          75  0.96438162682645778     
          36          76  0.94414248842879789     
          38          77  0.85306582653235785     
          43          78  0.95399420958679604     
          46          79  0.98209955226519152     
          46          80  0.98153553975435037     
          46          81  0.98644209102767832     
          47          82  0.98686310876455230     
          47          83  0.98418461479682751     
          47          84  0.98122088114600847     
          48          85  0.98421649468040207     
          48          86  0.98482623197097108     
          48          87  0.98402438517749080     
          49          88  0.96503572578739660     
          50          89  0.96927394999954208     
          51          90  0.96808879759196442     
