   -0.41063343
    0.27206797
   -0.03611016
   -0.03577926
   -0.03633507
   -0.03229217
   -0.04045391
    0.01500304
   -0.10484727
   -0.12386578
    0.08374730
    0.34594517
   -0.35533987
   -0.34160245
   -0.11835463
    0.27636183
   -0.03422830
    0.01425080
   -0.10741112
   -0.04098429
   -0.03159728
   -0.03087235
   -0.02933359
   -0.40773717
    0.04421878
    0.01376441
   -0.03013595
   -0.02751462
   -0.02791976
   -0.02387941
   -0.02645966
    0.04439120
    0.00525166
   -0.02774734
   -0.02635393
   -0.02844986
   -0.02716154
   -0.03742353
    0.04295494
    0.04537583
    0.04193282
    0.04135474
    0.03433240
    0.06575772
    0.04668779
    0.03843549
    0.32670575
    0.05482259
    0.04982618
    0.03750906
    0.03686591
    0.03758594
    0.04303090
    0.04626501
    0.06314815
    0.02316191
    0.03421619
    0.03660500
    0.03948556
    0.03906664
    0.06063809
    0.03812318
    0.03726922
    0.03554711
    0.03803050
    0.05108694
