           1           2   1.7060877103904923     
           2           3  0.95189588232121281     
           3           4   1.4119328482279261     
           4           5   1.4296473848314577     
           3           6  0.10889965762059675     
           5           6   1.4391273356462133     
           4           7  0.10828196080983700     
           6           7   1.4410688511204048     
           3           8   1.3726532589996772     
           5           8  0.10797782378703322     
           7           8   1.4152621981050235     
           8           9   1.0278368814176340     
           1          10  0.19213374148723927     
           2          10   1.2022442262634230     
          10          11  0.98494856469955239     
          11          12  0.89408051201634220     
          12          13   1.1473863326796179     
          12          14   1.8015381728409559     
          13          14  0.17043420230257197     
          11          15  0.99356784031151502     
          15          16   1.1900652681962220     
          16          17  0.95137680571457284     
          17          18   1.3782714437356012     
          18          19   1.0251442663133374     
          18          20   1.4143939908694487     
          17          21  0.10816552669983480     
          20          21   1.4428201454978793     
          18          22  0.10849561897098339     
          21          22   1.4382156208195263     
          17          23   1.4120885127281220     
          20          23  0.10941339861477793     
          22          23   1.4369989964241234     
          15          24  0.18725225615229280     
          16          24   1.7156339271227119     
          15          25  0.95124412274073833     
          25          26  0.99103668386927912     
          26          27   1.4083327976038329     
          27          28   1.4488592845370662     
          26          29  0.10953936707982233     
          28          29   1.4350086079869226     
          27          30  0.11146148904694247     
          29          30   1.4416981649433871     
          26          31   1.4160450601400074     
          28          31  0.11050877106815515     
          30          31   1.4417015725960491     
          10          32  0.94558011966313094     
          25          32  0.95768521355059821     
          32          33  0.98895972329970339     
          33          34   1.4141840928427436     
          34          35   1.4432651507776311     
          33          36  0.10928718336994921     
          35          36   1.4397638611556762     
          34          37  0.11117280738499871     
          36          37   1.4382426603283134     
          33          38   1.4126663049041277     
          35          38  0.11196871829662858     
          37          38   1.4450352938221289     
           4          39  0.96920303694364418     
           5          40  0.96948671906474826     
           6          41  0.97033920451306976     
           7          42  0.96747361343478133     
           9          43  0.97153501292545719     
           9          44  0.96384767008874939     
           9          45  0.98448131307144793     
          11          46  0.94296796006234018     
          13          47  0.85340814427712530     
          19          48  0.97701275609028215     
          19          49  0.98143397133192445     
          19          50  0.96466263717888290     
          20          51  0.96816573870665312     
          21          52  0.97067827141438423     
          22          53  0.96964535835519450     
          23          54  0.96856131940600987     
          25          55  0.95265922260413682     
          27          56  0.96791891833776877     
          28          57  0.97097717876161938     
          29          58  0.97115867517442789     
          30          59  0.97053132898352990     
          31          60  0.96818474250156106     
          32          61  0.95314459657208461     
          34          62  0.96773404359713933     
          35          63  0.97062211974825874     
          36          64  0.97109127137274909     
          37          65  0.97072034221274817     
          38          66  0.96070578129023931     
