   -0.03522272
   -0.03570816
    0.01132679
   -0.03466140
   -0.02936577
   -0.02860396
   -0.03442372
    0.01508252
   -0.04409919
    0.00220905
    0.03563195
    0.04161064
    0.00792064
   -0.03423027
    0.01692993
   -0.03304369
   -0.02921308
   -0.02947820
   -0.03365551
    0.01417478
   -0.03262599
   -0.02999549
   -0.12099463
    0.26262193
    0.07222138
   -0.06549821
   -0.06770313
    0.11892760
    0.00501327
   -0.03456660
   -0.02728798
   -0.02750901
   -0.02625600
   -0.02780127
   -0.15625137
   -0.41497911
    0.08579603
    0.35449124
   -0.34888379
   -0.39305313
   -0.11974675
    0.26510915
    0.07351084
   -0.06812986
   -0.06639297
    0.11873068
    0.00508120
   -0.02780228
   -0.02646380
   -0.02754523
   -0.02712836
   -0.03453338
   -0.16503312
   -0.40697229
    0.03238231
    0.03764231
    0.03335935
    0.03279341
    0.03356107
    0.03491374
    0.03652331
    0.09132524
    0.07021276
    0.03900408
    0.03424104
    0.03136921
    0.03093916
    0.03253910
    0.03662500
    0.02598878
    0.03396049
    0.04383887
    0.03620414
    0.03605009
    0.03611363
    0.03837025
    0.05641624
    0.07213873
    0.34532646
    0.06315565
    0.04407999
    0.05347564
    0.03767961
    0.03576167
    0.03586525
    0.03661325
