           1           2   1.5576851817101831     
           2           3   1.2799172540506940     
           3           4   1.2798527116693086     
           4           5   1.5580094984043813     
           5           6   1.3191433422177332     
           4           7  0.11839396569013207     
           6           7   1.5596623713251732     
           3           8   1.2493938266727893     
           7           8   1.2766082354981525     
           2           9  0.11587875286339022     
           8           9   1.2855448588160692     
           1          10   1.2986605480109428     
           9          10   1.5208314120787407     
          10          11  0.98682854845814194     
          11          12  0.95611292992853636     
          12          13  0.98825111390301279     
          13          14   1.5283943877962487     
          14          15   1.2809027418841663     
          15          16   1.2792044396007625     
          16          17   1.5573073025705833     
          17          18   1.3212480231975221     
          16          19  0.11811382654205332     
          18          19   1.5558454142560918     
          15          20   1.2513318589221571     
          19          20   1.2821749453915565     
          14          21  0.11432230656251663     
          20          21   1.2755648431435433     
          13          22   1.2934158970993914     
          21          22   1.5652799114136489     
          12          23  0.95242673681539136     
          23          24   1.1824640356749316     
          24          25   1.0209642480362522     
          25          26   1.4887658929662630     
          26          27   1.3565040433221938     
          25          28  0.11835308723194789     
          27          28   1.4709898090958897     
          28          29   1.0863865302587310     
          29          30   1.3698639889441948     
          30          31   1.4602521921304992     
          31          32   1.4290146312675049     
          30          33  0.10532654558524963     
          32          33   1.4305371011404344     
          29          34   1.3693476222459451     
          31          34  0.10542994512039669     
          33          34   1.4592843738604067     
          25          35   1.1179821919692297     
          28          35   1.1407904770337003     
          23          36  0.18380907303010191     
          24          36   1.6622170978798754     
          23          37  0.98942498421964076     
          37          38  0.90383416239490288     
          38          39   1.1742418171009417     
          38          40   1.7616639107312830     
          39          40  0.18366260744739690     
          11          41  0.96553007535990121     
          37          41  0.98758847000360306     
          41          42   1.1595964645291412     
          42          43   1.0223341628469393     
          43          44   1.4891307166915357     
          44          45   1.3534210363427710     
          43          46  0.11864544927553564     
          45          46   1.4760883195458918     
          46          47   1.0876381536307167     
          47          48   1.3694873777163565     
          48          49   1.4590018578374624     
          49          50   1.4307460144162834     
          48          51  0.10526691798452224     
          50          51   1.4286313399319714     
          47          52   1.3689016601113144     
          49          52  0.10536397813054120     
          51          52   1.4608424317476401     
          43          53   1.1138961384029058     
          46          53   1.1326654956267810     
          41          54  0.17876520559211631     
          42          54   1.6773129937602989     
           1          55  0.96622986667485034     
           2          56  0.96770802815761314     
           4          57  0.96835911099603500     
           5          58  0.97099934636596830     
           6          59  0.97090030777079139     
           7          60  0.96816719512249916     
           9          61  0.96385148785153707     
          11          62  0.93613493352093702     
          12          63  0.95047496790229247     
          14          64  0.96484990227471468     
          16          65  0.96826009460560014     
          17          66  0.97103755008995463     
          18          67  0.97110920076160090     
          19          68  0.96842195010241860     
          21          69  0.96790132019178388     
          22          70  0.96873097585702062     
          26          71  0.96890704223167923     
          27          72  0.97294678139171553     
          30          73  0.96840561359001298     
          31          74  0.97068224567745243     
          32          75  0.97132518059299100     
          33          76  0.97040160774600759     
          34          77  0.96728427628572411     
          37          78  0.93733669745973380     
          39          79  0.85385952763419803     
          44          80  0.96364296025118890     
          45          81  0.97268756352371288     
          48          82  0.96765887871704737     
          49          83  0.97046431450261639     
          50          84  0.97135415427001459     
          51          85  0.97068115443954905     
          52          86  0.96831405239044055     
