   -0.02650769
    0.48791707
   -0.19275357
   -0.21454778
   -0.21435195
   -0.01443319
   -0.01380276
   -0.01681808
   -0.03265572
    0.00141764
    0.03998153
    0.04256810
    0.01886772
   -0.02897450
    0.48369125
   -0.20828374
   -0.22092943
   -0.19605242
   -0.02079778
   -0.02193537
   -0.01728034
   -0.02990023
   -0.10540475
    0.27316862
   -0.00925452
   -0.01259889
   -0.02142561
   -0.02011658
    0.00904856
    0.55011001
   -0.37954306
   -0.37470694
   -0.02062694
   -0.40370278
    0.08946793
    0.36751718
   -0.35540438
   -0.40399927
   -0.10690329
    0.27716050
   -0.00208917
   -0.02148293
    0.00511549
    0.54715774
   -0.38424073
   -0.37324423
   -0.01912021
   -0.02001427
   -0.01351537
   -0.39809047
    0.08238483
    0.07212258
    0.06517554
    0.04669503
    0.05317012
    0.08945081
    0.06638445
    0.05941884
    0.05928819
    0.07277545
    0.06430844
    0.06386104
    0.08738802
    0.08755827
    0.08764493
    0.35106600
    0.08651117
    0.08971699
    0.06845453
    0.06894438
