           1           2  0.94999426957844602     
           2           3  0.96352201841468843     
           2           4  0.93394491902957566     
           2           5  0.93757246506815417     
           1           6   1.4156620143433267     
           6           7   1.4383555797041123     
           1           8  0.10509230565088792     
           7           8   1.4372778524694052     
           6           9  0.10710867228228811     
           8           9   1.4431760921140020     
           1          10   1.3811838982601674     
           7          10  0.10931649283099491     
           9          10   1.4122103958412000     
          10          11  0.98907159883551254     
          11          12  0.94942523840786530     
          12          13  0.98852441785232759     
          13          14   1.3926414066987176     
          14          15  0.94998072898126895     
          15          16  0.94778647375576064     
          15          17  0.92506875428625757     
          15          18  0.95792313125381490     
          14          19   1.4033730773228223     
          13          20  0.10688387433974170     
          19          20   1.4501544260557668     
          14          21  0.10558115608858298     
          20          21   1.4284546279402957     
          13          22   1.4049446047667860     
          19          22  0.11020961381686437     
          21          22   1.4517288587322164     
          12          23  0.96129160179200124     
          23          24   1.2073390060949405     
          24          25  0.95505632309500510     
          25          26   1.3992951321498754     
          26          27   1.4344394430281899     
          25          28  0.10432244090102724     
          27          28   1.4491036588203210     
          28          29   1.3842905879638721     
          29          30  0.95574518417517385     
          30          31   1.4553966354862315     
          30          32   1.4605585171865123     
          31          32  0.36757765543276483     
          25          33   1.4176631577995340     
          27          33  0.10646277590639668     
          29          33   1.3900266273867576     
          23          34  0.19557035429164266     
          24          34   1.7040336798966877     
          23          35  0.98751881101828687     
          35          36  0.90451795923659239     
          36          37   1.1659737074779399     
          36          38   1.7448756625491639     
          37          38  0.17344251305102668     
          11          39  0.96415655199391381     
          35          39  0.97407562404055270     
          39          40   1.2186187395808827     
          40          41  0.96084803627337212     
          41          42   1.4173596772885599     
          42          43   1.3865578516442252     
          43          44  0.95737681613641645     
          44          45   1.4531307215740379     
          44          46   1.4591913893314881     
          45          46  0.36599866323717073     
          41          47  0.10356000631125986     
          43          47   1.3844466429915978     
          42          48  0.10679122160106630     
          47          48   1.4478925793610216     
          41          49   1.3980342712883447     
          48          49   1.4342704684766645     
          39          50  0.18936422038366596     
          40          50   1.6806199795034082     
           6          51  0.96309675517297211     
           7          52  0.96671657857297588     
           8          53  0.96747296138009631     
           9          54  0.96564076937577648     
          11          55  0.95281518833397461     
          12          56  0.94734072924289503     
          19          57  0.96591855653872216     
          20          58  0.96836145717761324     
          21          59  0.96840239794550897     
          22          60  0.95743479476709159     
          26          61  0.96732612570146392     
          27          62  0.96708601516174109     
          28          63  0.95960562435351449     
          33          64  0.95747437608174013     
          35          65  0.93940414698500962     
          37          66  0.85067727773816415     
          42          67  0.95714126148104328     
          47          68  0.95926206389439506     
          48          69  0.96642614244923397     
          49          70  0.96674331752296483     
