   -0.03141040
   -0.03198664
    0.01436820
   -0.03391546
   -0.02874240
   -0.02874999
   -0.03282205
    0.01687106
   -0.04217172
    0.00421632
    0.04371346
    0.04083157
    0.00166715
   -0.03466310
    0.01742078
   -0.03218020
   -0.02740076
   -0.02771893
   -0.03358968
    0.01413584
   -0.03387802
   -0.03504147
   -0.10267903
    0.27954263
   -0.04181005
    0.07008815
   -0.13106133
    0.05378433
    0.09671273
   -0.09976569
   -0.04974111
   -0.39307981
    0.07667177
    0.34451132
   -0.36055213
   -0.33800671
   -0.10659517
    0.28025923
   -0.05226441
    0.09239415
   -0.08843798
    0.07594871
    0.08487781
   -0.11393495
   -0.07272505
   -0.39227425
    0.03356509
    0.03838781
    0.03293441
    0.03180126
    0.03238343
    0.03917638
    0.05105737
    0.06466814
    0.07529070
    0.04425921
    0.03826984
    0.03551861
    0.03464190
    0.03430473
    0.03645977
    0.02397659
    0.09388608
    0.04468296
    0.33374424
    0.07017475
