           1           2   1.5595893717151545     
           2           3   1.2786620351036999     
           3           4   1.2802507843810269     
           4           5   1.5577473465931828     
           5           6   1.3194610887756308     
           4           7  0.11843642036662894     
           6           7   1.5592983488784133     
           3           8   1.2503684380957143     
           7           8   1.2771913886465232     
           2           9  0.11612639871187724     
           8           9   1.2844116300885580     
           1          10   1.2982268562759642     
           9          10   1.5241001661799278     
          10          11  0.98450656972799455     
          11          12  0.95905341941806788     
          12          13  0.98590828797257379     
          13          14   1.5283501936578621     
          14          15   1.2808588432737920     
          15          16   1.2787704585169459     
          16          17   1.5576330210343068     
          17          18   1.3211826967095366     
          16          19  0.11827403070934085     
          18          19   1.5559448701127707     
          15          20   1.2514823350823974     
          19          20   1.2820008245147920     
          14          21  0.11393987323966279     
          20          21   1.2754768185023038     
          13          22   1.2932306550191932     
          21          22   1.5650361794850853     
          12          23  0.94724329959296028     
          23          24   1.2135169893679583     
          24          25  0.95272400879451602     
          25          26   1.5326395819517711     
          26          27   1.0017345632706336     
          26          28   1.1488439587706987     
          28          29   1.1397803402460116     
          29          30   1.0294733362520512     
          25          31   1.2270059755246892     
          29          31   1.5851416359643049     
          23          32  0.19721328030577995     
          24          32   1.7025255290865347     
          23          33  0.98984182984172497     
          33          34  0.89906537766437422     
          34          35   1.1395236335234338     
          34          36   1.8018757440241153     
          35          36  0.16721297771069921     
          11          37  0.94785454602922203     
          33          37  0.98706975205953229     
          37          38   1.2138519972842596     
          38          39  0.94435832696264788     
          39          40   1.5262857205872016     
          40          41   1.0397376177252582     
          40          42   1.1516171481368889     
          42          43   1.1547349365821740     
          43          44   1.0173902668622767     
          39          45   1.2332356890860527     
          43          45   1.5655216943739982     
          37          46  0.19924890617284166     
          38          46   1.7103774811322694     
           1          47  0.96794614314680349     
           2          48  0.96767082296869855     
           4          49  0.96838111020722795     
           5          50  0.97105049344964323     
           6          51  0.97096015455301887     
           7          52  0.96786411128703898     
           9          53  0.95893942230609441     
          11          54  0.95296282212348338     
          12          55  0.95262124748373822     
          14          56  0.96465575572351425     
          16          57  0.96798986902643003     
          17          58  0.97074105113738107     
          18          59  0.97087612707722970     
          19          60  0.96830565964526261     
          21          61  0.96792014698056117     
          22          62  0.96842442263496775     
          31          63  0.95465873597252227     
          33          64  0.93577468030405186     
          35          65  0.85636887357126179     
          45          66  0.95962632772470646     
