   -0.02553707
    0.48567740
   -0.20231760
   -0.19432240
   -0.22870582
   -0.02094790
   -0.02304100
   -0.01830252
   -0.02310578
    0.02166742
    0.04967196
    0.04050606
    0.01292729
   -0.02630829
    0.48796078
   -0.20984247
   -0.20564913
   -0.20392346
   -0.01858090
   -0.02015773
   -0.01633728
   -0.02647408
   -0.10945212
    0.27299395
   -0.02332944
   -0.04342354
    0.00894098
   -0.10994890
    0.01013626
   -0.11096911
   -0.04028090
   -0.03141265
   -0.42172426
    0.08943370
    0.35172442
   -0.36203532
   -0.38580552
   -0.11817844
    0.27579956
   -0.01976093
   -0.02000960
   -0.03653069
    0.01292910
   -0.10955661
    0.01277470
   -0.11017783
   -0.04462536
   -0.42070743
    0.06806702
    0.05711412
    0.05524982
    0.04562804
    0.06719355
    0.05199065
    0.06739070
    0.06101469
    0.05627734
    0.05057592
    0.03227963
    0.05239107
    0.04139490
    0.04724158
    0.04542339
    0.05244468
    0.04710793
    0.04045554
    0.04991158
    0.11077924
    0.34150928
    0.04498685
    0.03800128
    0.04267125
    0.04893835
    0.04881465
    0.04887404
    0.04608609
    0.04963558
    0.03888981
