           1           2  0.95026418045494243     
           2           3  0.95319871877127771     
           2           4  0.95678760518715977     
           2           5  0.92268448396911051     
           1           6   1.4140911714255968     
           6           7   1.4432525591188470     
           1           8  0.10485884937410252     
           7           8   1.4322626993158027     
           6           9  0.10912539468694635     
           8           9   1.4490140867187715     
           1          10   1.3846529168770076     
           7          10  0.10819238273106450     
           9          10   1.4081384650800435     
          10          11  0.99171853691736422     
          11          12  0.94552943060122108     
          12          13  0.99691081279772720     
          13          14   1.3951664655793699     
          14          15  0.94956069944830168     
          15          16  0.93911700679846444     
          15          17  0.94314680357365344     
          15          18  0.95439201162562015     
          14          19   1.4036338125355960     
          13          20  0.10738522533210995     
          19          20   1.4506532466867927     
          14          21  0.10544619647175454     
          20          21   1.4265163729245367     
          13          22   1.3997041818779938     
          19          22  0.10914118083194987     
          21          22   1.4540257543856179     
          12          23  0.97106538089332772     
          23          24   1.1877388703580534     
          24          25  0.97296475987280384     
          25          26   1.3932965531663772     
          26          27   1.4281644556713973     
          27          28   1.0283104799096552     
          25          29  0.10336336466789134     
          27          29   1.3674763192128387     
          29          30   1.0304899756862567     
          26          31  0.10360355171176500     
          29          31   1.4191714564673297     
          25          32   1.4029475035580727     
          27          32  0.10347637622487731     
          31          32   1.4414303563868216     
          23          33  0.18581200816847127     
          24          33   1.6943572893183241     
          23          34  0.99111058751746783     
          34          35  0.91263538445358749     
          35          36   1.1495406870644247     
          35          37   1.7820865971758919     
          36          37  0.18139693299891094     
          11          38  0.96552298292587568     
          34          38  0.98635290997841940     
          38          39   1.1756876204093487     
          39          40  0.97831506995582551     
          40          41   1.4018882291736436     
          41          42   1.4409879880389558     
          40          43  0.10301754346477790     
          42          43   1.4203747666882842     
          43          44   1.0300511445469316     
          41          45  0.10339589753609901     
          43          45   1.3668530238310779     
          45          46   1.0287868157791058     
          40          47   1.3905597382360222     
          42          47  0.10355519902187219     
          45          47   1.4285276137365590     
          38          48  0.17963318083536362     
          39          48   1.6963974501246202     
           6          49  0.96537893961538224     
           7          50  0.96880714732053896     
           8          51  0.96894115865112096     
           9          52  0.96352203774770429     
          11          53  0.95357532094324149     
          12          54  0.95032046759598132     
          19          55  0.96601582309578782     
          20          56  0.96821002352025720     
          21          57  0.96853237985551599     
          22          58  0.96520193605339988     
          26          59  0.96640516215716732     
          28          60  0.96931762971078528     
          28          61  0.98533684915231978     
          28          62  0.96969467667001719     
          30          63  0.98498621987483104     
          30          64  0.96851674343368666     
          30          65  0.96911346988884139     
          31          66  0.96713054233635876     
          32          67  0.96828697547231979     
          34          68  0.91643122022942336     
          36          69  0.85717019654328985     
          41          70  0.96908648560684096     
          42          71  0.96728812580244194     
          44          72  0.98525985065753996     
          44          73  0.96941947680509677     
          44          74  0.96898096952653601     
          46          75  0.96984103952853040     
          46          76  0.98484289722700891     
          46          77  0.96897841045084410     
          47          78  0.96377527350714043     
