   -0.03450350
   -0.02882351
   -0.02773978
   -0.03185951
    0.00882550
    0.01472710
   -0.03646560
   -0.02982944
   -0.03609338
   -0.00497487
    0.04153302
    0.05214607
    0.00567366
   -0.02762247
   -0.02762117
   -0.03567848
    0.01600660
    0.01179150
   -0.03258212
   -0.02902060
   -0.02979683
   -0.03431550
   -0.12300942
    0.27403375
   -0.02292162
    0.00963315
    0.00459529
   -0.03034505
   -0.02538040
   -0.03054878
   -0.02919771
   -0.03574950
   -0.03061895
   -0.02705079
   -0.02856753
   -0.02239246
   -0.42427861
    0.09140461
    0.35493051
   -0.35849780
   -0.38716339
   -0.11869232
    0.27343662
   -0.01652219
   -0.02144208
   -0.02959517
   -0.02816431
   -0.03240109
    0.01066812
    0.00638809
   -0.03421665
   -0.02882280
   -0.02550478
   -0.01925149
   -0.03096412
   -0.44736210
    0.03606045
    0.03526182
    0.03398849
    0.03161238
    0.03795452
    0.03579261
    0.03331818
    0.05957581
    0.05597141
    0.03690650
    0.03627411
    0.03589794
    0.02502202
    0.02986661
    0.03234052
    0.03466292
    0.04115997
    0.03618162
    0.02855695
    0.03017544
    0.04001528
    0.04116300
    0.03810408
    0.03814277
    0.03930964
    0.09290258
    0.34237709
    0.04368718
    0.03860283
    0.03699756
    0.03896154
    0.02996503
    0.03063795
    0.03462328
    0.03403307
    0.03369110
