           1           2   1.5578409637048189     
           2           3   1.3210885752468422     
           1           4  0.11816544944753782     
           3           4   1.5537590915488761     
           4           5   1.2791440088513106     
           1           6   1.2779925177089742     
           5           6   1.2522278713292392     
           6           7   1.2807665469481153     
           7           8   1.5492460079965615     
           8           9   1.3295935069670248     
           5          10   1.2535873249138079     
           7          10  0.11416347269457640     
           9          10   1.5153240180503005     
          10          11  0.99656014806602788     
          11          12  0.93962883568612643     
          12          13  0.99243052979832858     
          13          14   1.5249427737031453     
          14          15   1.3253774110062280     
          13          16  0.11417324472973142     
          15          16   1.5540348061567231     
          16          17   1.2787201140619291     
          13          18   1.2496607468383085     
          17          18   1.2533742082707828     
          18          19   1.2829928837643849     
          19          20   1.5543621124863864     
          20          21   1.3222741251482160     
          17          22   1.2795242382277654     
          19          22  0.11824665925685342     
          21          22   1.5568731931699538     
          12          23  0.95638937536023327     
          23          24   1.2007732886199749     
          24          25  0.96307092293163610     
          25          26   1.3556960489701195     
          26          27   1.0383024623969748     
          27          28   1.3856512888913872     
          28          29   1.4489239523464055     
          27          30  0.10504922220732102     
          29          30   1.4346361822741598     
          28          31  0.10895731009757027     
          30          31   1.4330904699004368     
          27          32   1.3903822454365034     
          29          32  0.10831214022538152     
          31          32   1.4478204107272936     
          26          33   1.3946750813151221     
          25          34  0.10572576866671841     
          33          34   1.4485411442273501     
          26          35  0.10450543799088116     
          34          35   1.4323741524382623     
          25          36   1.4144997649371480     
          33          36  0.10722144782145807     
          35          36   1.4389729224397299     
          23          37  0.18621283902044994     
          24          37   1.6869938635892063     
          23          38  0.98007498927934933     
          38          39  0.90788414523425698     
          39          40   1.1606217862042176     
          39          41   1.7757591483884880     
          40          41  0.18432203782874956     
          11          42  0.96274765489285818     
          38          42  0.98313431730947587     
          42          43   1.2079522163982099     
          43          44  0.97367229692643087     
          44          45   1.4027781473207372     
          45          46   1.4446089836331122     
          44          47  0.10447102151531333     
          46          47   1.4254815733163484     
          45          48  0.10665500469611995     
          47          48   1.4538332701864343     
          44          49   1.3578435231092241     
          46          49  0.10171363432151938     
          48          49   1.3863055540697165     
          49          50   1.0475808447922574     
          50          51   1.3855819406555396     
          51          52   1.4507564244650786     
          50          53  0.10469315112773629     
          52          53   1.4343847532473541     
          51          54  0.10867894794564566     
          53          54   1.4349400691230125     
          50          55   1.3876431876259636     
          52          55  0.10792559009252965     
          54          55   1.4482876835886063     
          42          56  0.18527554076437031     
          43          56   1.6621591092887167     
           1          57  0.96792380045909421     
           2          58  0.97055633228962912     
           3          59  0.97079642883924400     
           4          60  0.96038048464571468     
           7          61  0.96782859162221091     
           8          62  0.97004882567371453     
           9          63  0.96299582623183688     
          11          64  0.94339451003896557     
          12          65  0.94599290410520520     
          14          66  0.96566224321324667     
          15          67  0.97029232260703568     
          16          68  0.96787674841663374     
          19          69  0.96112555194616744     
          20          70  0.97111057877556206     
          21          71  0.97075552237186791     
          22          72  0.96799420894400345     
          28          73  0.96770952871192595     
          29          74  0.97006354217085866     
          30          75  0.97123447398417406     
          31          76  0.97074037249831713     
          32          77  0.96635452343088912     
          33          78  0.96756302507862135     
          34          79  0.97033309960758674     
          35          80  0.97016321903630076     
          36          81  0.96918949889515837     
          38          82  0.93309237773438336     
          40          83  0.85581358711237931     
          45          84  0.96761185158248220     
          46          85  0.96995039863783594     
          47          86  0.97033635838277488     
          48          87  0.96688953969928193     
          51          88  0.96575844934778465     
          52          89  0.97073545447179765     
          53          90  0.97124710650028279     
          54          91  0.97036783205374155     
          55          92  0.96639406054037202     
