   -0.03461939
   -0.02845073
   -0.02620994
   -0.03392303
    0.00802403
    0.01545630
   -0.03609805
   -0.02972650
   -0.03331422
   -0.00626491
    0.03553197
    0.05184510
    0.00871571
   -0.03052042
   -0.02765103
   -0.03441336
    0.01572223
    0.01482315
   -0.04060417
   -0.03071093
   -0.03055464
   -0.03437228
   -0.11879566
    0.27817946
   -0.07199937
    0.11745051
   -0.11956427
   -0.20120750
    0.11244359
   -0.11719683
   -0.07708411
   -0.41814151
    0.09887891
    0.36879008
   -0.35122831
   -0.41197016
   -0.11918240
    0.27805741
   -0.06161711
    0.11100325
   -0.11488994
   -0.19985758
    0.11140708
   -0.11595258
   -0.07468974
   -0.43185768
    0.03531946
    0.03508343
    0.03517436
    0.02865154
    0.03802952
    0.03764633
    0.03496805
    0.06043868
    0.04501084
    0.03008283
    0.03558433
    0.03576297
    0.04619553
    0.03403881
    0.03044944
    0.03216234
    0.06394672
    0.07641828
    0.06502029
    0.06174390
    0.06400775
    0.05790066
    0.03584718
    0.06107432
    0.34765719
    0.05757290
    0.06498304
    0.06630065
    0.06450650
    0.06094089
    0.05592692
    0.03789389
