           1           2   1.5572513192302608     
           2           3   1.3215477944666669     
           1           4  0.11815478983445975     
           3           4   1.5549712829654010     
           4           5   1.2834645932423316     
           1           6   1.2784288316366312     
           5           6   1.2524339638646111     
           6           7   1.2799816356982912     
           7           8   1.5505356520152669     
           8           9   1.3289732788758584     
           5          10   1.2532444445230115     
           7          10  0.11469196680760299     
           9          10   1.5201227659044083     
          10          11  0.99153636321308869     
          11          12  0.94971187460706374     
          12          13  0.99501112375166445     
          13          14   1.5223302698675827     
          14          15   1.3259811797452392     
          13          16  0.11430189333110857     
          15          16   1.5540867330238812     
          16          17   1.2775167272770462     
          13          18   1.2492479196177229     
          17          18   1.2528301123252386     
          18          19   1.2854942305251695     
          19          20   1.5501732748462294     
          20          21   1.3250533655216752     
          17          22   1.2812166678140915     
          19          22  0.11838601917074588     
          21          22   1.5547365750738986     
          12          23  0.95323141672686773     
          23          24   1.2007295798256701     
          24          25  0.96913506920573744     
          25          26   1.5341132962923847     
          26          27   1.0344333124782128     
          26          28   1.1166222461717072     
          26          29  0.12557835518991059     
          28          29   1.1006997696626413     
          29          30   1.0289833226855454     
          25          31   1.2384471281984084     
          29          31   1.5935069431719218     
          23          32  0.19097947942781396     
          24          32   1.6962163373273604     
          23          33  0.98652447593110126     
          33          34  0.91384424624339322     
          34          35   1.1691340747007628     
          34          36   1.7363331066087846     
          35          36  0.17395344834198442     
          11          37  0.95755345484429921     
          33          37  0.97213817518410117     
          37          38   1.2152810938086613     
          38          39  0.97263875774130504     
          39          40   1.5462934242248521     
          40          41   1.0295883522207538     
          40          42   1.1123182390635646     
          40          43  0.12859151644652264     
          42          43   1.1063463294850813     
          43          44   1.0285727434659764     
          39          45   1.2390790199356954     
          43          45   1.5917347604018728     
          37          46  0.18831442681472180     
          38          46   1.6705746844647265     
           1          47  0.96786928764287417     
           2          48  0.97060674090208487     
           3          49  0.97079847865246072     
           4          50  0.96055198913240614     
           7          51  0.96782287255136690     
           8          52  0.97015182575992254     
           9          53  0.96759457196109588     
          11          54  0.94261575679145415     
          12          55  0.95245093858151053     
          14          56  0.96739265978981870     
          15          57  0.97023644021813904     
          16          58  0.96792960829750818     
          19          59  0.95910792019258706     
          20          60  0.97067063824745015     
          21          61  0.97082355222474703     
          22          62  0.96814856522823567     
          27          63  0.97465281399736492     
          27          64  0.95340012348997272     
          27          65  0.97912471449848570     
          30          66  0.96921276338349693     
          30          67  0.96968102960976521     
          30          68  0.98353356775592071     
          31          69  0.97471075363538717     
          33          70  0.94497551206419739     
          35          71  0.85293679825510460     
          41          72  0.96766882437970647     
          41          73  0.98023424959404493     
          41          74  0.96806212812941372     
          44          75  0.96967859413489843     
          44          76  0.96833489748367207     
          44          77  0.98386709153987495     
          45          78  0.97434986563749892     
