   -0.04169478
   -0.03509319
    0.01104196
   -0.03483585
   -0.02774226
   -0.02657716
   -0.03381614
    0.01195986
   -0.04567718
   -0.00623265
    0.03819708
    0.04840640
    0.01059590
   -0.03660776
    0.01669459
   -0.03369160
   -0.02809280
   -0.02827127
   -0.03250264
    0.01580179
   -0.03043801
   -0.03040862
   -0.11647637
    0.27353726
   -0.00757440
   -0.01977497
   -0.01929513
   -0.02053142
   -0.01950571
    0.48644416
   -0.20146110
   -0.21608709
   -0.20170694
   -0.01519119
   -0.39902617
    0.09311008
    0.36767577
   -0.36272831
   -0.39981975
   -0.10722860
    0.27347085
   -0.00040048
   -0.02169077
   -0.02193341
    0.48604504
   -0.20619192
   -0.20821591
   -0.20306950
   -0.01957543
   -0.01969531
   -0.01077496
   -0.42397621
    0.05445645
    0.04333170
    0.03707718
    0.03769791
    0.04038368
    0.04101161
    0.03864343
    0.05210479
    0.06282112
    0.02662436
    0.03096504
    0.03388813
    0.03443332
    0.03590791
    0.04169994
    0.03636648
    0.05154735
    0.06111492
    0.06889205
    0.06479737
    0.06894707
    0.35307253
    0.05963341
    0.06722843
    0.06391050
    0.07407557
