           1           2   1.5652175239144244     
           2           3   1.2744536811771898     
           3           4   1.2831597016231913     
           4           5   1.5544646957416495     
           5           6   1.3221766333319387     
           4           7  0.11782630210495554     
           6           7   1.5557878310502307     
           3           8   1.2503233863254490     
           7           8   1.2799204216559525     
           2           9  0.11188473971492136     
           8           9   1.2804767654931821     
           1          10   1.2900273847015988     
           9          10   1.5258363613542869     
          10          11  0.99242959967984856     
          11          12  0.94963917081664062     
          12          13  0.99071911340855512     
          13          14   1.5212787182396881     
          14          15   1.2854394927339305     
          15          16   1.2777495959937815     
          16          17   1.5586254184597328     
          17          18   1.3198590067605007     
          16          19  0.11819593836889894     
          18          19   1.5572861837221594     
          15          20   1.2489648542351839     
          19          20   1.2809714916272281     
          14          21  0.11557057302964613     
          20          21   1.2789147663243006     
          13          22   1.2978643337189553     
          21          22   1.5599085541252735     
          12          23  0.95256135022760013     
          23          24   1.2030439682493057     
          24          25  0.95318975285764129     
          25          26   1.4022305168595082     
          26          27   1.4467453688197280     
          25          28  0.10909829772610326     
          27          28   1.4345079692210154     
          26          29  0.10653317723016240     
          28          29   1.4184303549889576     
          29          30  0.95062436514167137     
          30          31  0.95507352013730584     
          30          32  0.93162252413460311     
          30          33  0.95110462028878340     
          25          34   1.4164849828760133     
          27          34  0.11167577841538491     
          29          34   1.4101597015283531     
          23          35  0.19347254454403384     
          24          35   1.7117863952303634     
          23          36  0.98601130610948351     
          36          37  0.90125711962255073     
          37          38   1.1616694122657549     
          37          39   1.7539512192708333     
          38          39  0.17486106988261235     
          11          40  0.95432138119775878     
          36          40  0.97717493864001659     
          40          41   1.2309810704204043     
          41          42  0.98208491833056333     
          42          43   1.4025321430392883     
          43          44   1.4188481894144815     
          44          45  0.95100593911050435     
          45          46  0.94169198537735743     
          45          47  0.94480558209335552     
          45          48  0.95221982401328553     
          42          49  0.10591248693973905     
          44          49   1.4094770833644179     
          43          50  0.10884481180534605     
          49          50   1.4381438761146581     
          42          51   1.3966810867788799     
          44          51  0.10411190380376945     
          50          51   1.4449512083929241     
          40          52  0.18875050604155402     
          41          52   1.6432020642582383     
           1          53  0.96311618984576575     
           2          54  0.96733799840235579     
           4          55  0.96810350014999624     
           5          56  0.97062902756436120     
           6          57  0.97038929095660464     
           7          58  0.96769471243485161     
           9          59  0.96465914513050599     
          11          60  0.95250663101993560     
          12          61  0.95112886874102665     
          14          62  0.96589268662063810     
          16          63  0.96843608045729390     
          17          64  0.97091007504912752     
          18          65  0.97088147675962022     
          19          66  0.96817322423412644     
          21          67  0.96742722137588599     
          22          68  0.96790673748177380     
          26          69  0.96830546185985056     
          27          70  0.96769375724739048     
          28          71  0.96598833369496284     
          34          72  0.96603927252222443     
          36          73  0.94672026126750075     
          38          74  0.84877160963039322     
          43          75  0.96521806289569090     
          49          76  0.96646255078735588     
          50          77  0.96728828368208586     
          51          78  0.96538355991792879     
