    0.14652252
   -0.27702815
    0.04118691
   -0.06372443
   -0.03101336
   -0.03817825
   -0.02884260
   -0.00161305
    0.05375430
    0.03790011
   -0.02294403
   -0.03992684
   -0.03992344
   -0.03230335
   -0.06645398
    0.13594580
   -0.27974978
    0.03822426
   -0.10692574
    0.26976407
   -0.08350951
   -0.05529482
   -0.06140611
   -0.05342186
   -0.10279228
   -0.44798698
    0.09288245
    0.36505257
   -0.35844296
   -0.39323808
   -0.10961266
    0.27392999
   -0.08985115
   -0.05292275
   -0.05913519
   -0.05183803
   -0.10335183
   -0.42564068
    0.04358418
    0.03917742
    0.05681220
    0.03812431
    0.03727160
    0.03810074
    0.03905513
    0.05679182
    0.07065435
    0.06830942
    0.04273304
    0.03911792
    0.03952362
    0.06189846
    0.04284377
    0.04333654
    0.04763250
    0.06243773
    0.05787682
    0.03696840
    0.03599887
    0.03228528
    0.03014142
    0.02752199
    0.03208832
    0.03339517
    0.03440997
    0.07339895
    0.34336898
    0.04982087
    0.05307882
    0.05602566
    0.03055785
    0.04664918
    0.02174847
    0.02792788
    0.02638035
    0.03428834
    0.02943572
    0.04113685
