           1           2   1.0530716162599938     
           2           3  0.98547717788846045     
           1           4   1.3884859168952104     
           4           5   1.4301594233870378     
           5           6   1.4467997337685929     
           4           7  0.10127071308059295     
           6           7   1.4232414649756064     
           1           8   1.3216114244715413     
           5           8  0.10657758419638652     
           7           8   1.4379577414991909     
           8           9  0.99653831037508078     
           9          10  0.94515348007079059     
          10          11  0.99273290761807376     
          11          12   1.4321213292730568     
          12          13   1.4272865888350104     
          11          14  0.10645640013145971     
          13          14   1.4429099709398816     
          12          15  0.10339010334980514     
          14          15   1.4348999697011715     
          11          16   1.3276475168668322     
          15          16   1.3812786018129735     
          16          17   1.0536561226192107     
          17          18  0.98254640263002102     
          10          19  0.96513536174995196     
          19          20   1.2315372283511494     
          20          21  0.97611420191163334     
          21          22   1.0025573467020474     
          22          23   1.0075080939518752     
          23          24   1.0082559555144543     
          24          25   1.0190860320550346     
          19          26  0.18347109112821106     
          20          26   1.6546165254333276     
          19          27  0.97598820820804510     
          27          28  0.90618185019409725     
          28          29   1.1553449494227328     
          28          30   1.7684406930424863     
          29          30  0.17639074065691743     
           9          31  0.95763561841077038     
          27          31  0.99234720977086532     
          31          32   1.2046690836020013     
          32          33  0.96846224668159242     
          33          34   1.0059531232736487     
          34          35   1.0091318211343245     
          35          36   1.0075934174487724     
          36          37   1.0199909438502328     
          31          38  0.18179212130709288     
          32          38   1.6941534211193410     
           3          39  0.97679570350932221     
           3          40  0.97600796034587256     
           3          41  0.97981571324908878     
           4          42  0.96553769715766202     
           5          43  0.97104005345051259     
           6          44  0.97068709333266157     
           7          45  0.96765800960160675     
           9          46  0.95349219098702775     
          10          47  0.94708443648377139     
          12          48  0.95971134078536291     
          13          49  0.97033162298164166     
          14          50  0.97082534724885428     
          15          51  0.96548627405363341     
          18          52  0.97939542033012894     
          18          53  0.97615097723538879     
          18          54  0.97688387065127325     
          21          55  0.96551655567427186     
          21          56  0.94666415563443251     
          22          57  0.97292682384353169     
          22          58  0.97767827174152655     
          23          59  0.97628423549450005     
          23          60  0.97713239145625941     
          24          61  0.97835328703208835     
          24          62  0.97751122954593228     
          25          63  0.98764429584688918     
          25          64  0.98806875317102771     
          25          65  0.98776682333341692     
          27          66  0.94452072400046738     
          29          67  0.85516752693216336     
          33          68  0.95338286795622640     
          33          69  0.95945336105842516     
          34          70  0.97286187072292829     
          34          71  0.97725735030755900     
          35          72  0.97547125827593528     
          35          73  0.97718254282863382     
          36          74  0.97875956885233728     
          36          75  0.97843576761627737     
          37          76  0.98678500405059610     
          37          77  0.98780323443661966     
          37          78  0.98702483003992536     
