    0.14391236
   -0.27068990
    0.03527636
   -0.06564749
   -0.03056400
   -0.03991084
   -0.03738167
   -0.02420740
    0.03858408
    0.05071504
   -0.02231141
   -0.02988894
   -0.04023301
   -0.03098367
   -0.06582252
    0.14563422
   -0.27527242
    0.04119384
   -0.10113050
    0.27320803
   -0.02741212
    0.00852330
   -0.10731651
   -0.05218772
   -0.02102617
   -0.02874157
   -0.42884439
    0.09373261
    0.37551804
   -0.37856823
   -0.42171753
   -0.08037251
    0.27294683
   -0.01946269
    0.02241731
   -0.11282404
   -0.05299333
   -0.01669054
   -0.01872435
   -0.44026231
    0.04396981
    0.04588054
    0.06626685
    0.04300940
    0.04090489
    0.04116772
    0.03914267
    0.07377285
    0.06666844
    0.05711808
    0.03954981
    0.03648521
    0.03961420
    0.02992095
    0.06401641
    0.05617116
    0.04689936
    0.06242340
    0.05274256
    0.03984674
    0.04768678
    0.08244974
    0.33638376
    0.07673712
    0.05024488
    0.05698070
    0.04830829
    0.05516345
