           1           2   1.0650142262444560     
           2           3  0.98049028921128267     
           1           4   1.3719966291384442     
           4           5   1.4424382093027135     
           5           6   1.4358103199445225     
           4           7  0.10275046895075000     
           6           7   1.4337888088250859     
           1           8   1.3288242988996255     
           5           8  0.10576088458736151     
           7           8   1.4242976517334458     
           8           9  0.98489429813321450     
           9          10  0.95358517587213421     
          10          11  0.98595280750826997     
          11          12   1.4309098048775275     
          12          13   1.4302248280487377     
          11          14  0.10554652239699139     
          13          14   1.4388669132897602     
          12          15  0.10366213039055686     
          14          15   1.4413646884917186     
          11          16   1.3289449940877271     
          15          16   1.3736197536066714     
          16          17   1.0644859393466060     
          17          18  0.97820296293701336     
          10          19  0.95143323153269410     
          19          20   1.2289084127584839     
          20          21  0.97019816942083814     
          21          22   1.5652415859166808     
          22          23   1.0250582877229366     
          22          24   1.2411773492118028     
          21          25  0.11658992967552349     
          24          25   1.6370104574695135     
          21          26   1.1446321107879238     
          25          26   1.1859622554404088     
          19          27  0.19500869303648188     
          20          27   1.6692140601952321     
          19          28  0.98705212140390897     
          28          29  0.90518775403873741     
          29          30   1.1198781491555472     
          29          31   1.7249476644572019     
          30          31  0.15482789766936986     
           9          32  0.96873392733373653     
          28          32  0.97763646367695201     
          32          33   1.2427313480916395     
          33          34   1.0580634930368213     
          34          35   1.5010726411590658     
          35          36   1.0293654033869113     
          35          37   1.2691752382207333     
          34          38  0.10237545553651724     
          37          38   1.6070905593195317     
          34          39   1.1325397678419653     
          38          39   1.2177820079595720     
          29          40  0.10924957285992201     
          32          40  0.16983807105048465     
          33          40   1.5523690342682408     
           3          41  0.97617741189933960     
           3          42  0.97620770750930552     
           3          43  0.97677753486443475     
           4          44  0.96482927220879056     
           5          45  0.97062498486083726     
           6          46  0.97028000488556077     
           7          47  0.96709183028116052     
           9          48  0.94721329129571030     
          10          49  0.95299287960594725     
          12          50  0.96475010358094115     
          13          51  0.97039322026746044     
          14          52  0.97083481120237036     
          15          53  0.96512134276679329     
          18          54  0.97670125080068315     
          18          55  0.97504798726406172     
          18          56  0.97575819035332767     
          23          57  0.98290491844190453     
          23          58  0.96015341400910770     
          23          59  0.97671772759991482     
          24          60  0.96356491322901150     
          25          61  0.96983842265652898     
          28          62  0.93449805239859118     
          30          63  0.86250222428670620     
          36          64  0.97291856800578502     
          36          65  0.96604412104667903     
          36          66  0.96652513535842743     
          37          67  0.96377709215331731     
          38          68  0.96826652944782188     
