   -0.40620198
    0.27987251
   -0.01823335
   -0.01756402
   -0.02466122
   -0.02692096
   -0.02892464
   -0.03398982
   -0.13317251
    0.07555459
    0.34874090
   -0.37203448
   -0.37129313
   -0.11430363
    0.26764351
   -0.00981736
   -0.02062299
   -0.02436183
   -0.02469925
   -0.02586137
   -0.02704513
   -0.45915017
    0.03812762
    0.05220247
   -0.06703630
   -0.06537420
   -0.06376159
   -0.06505552
    0.05894333
    0.04292470
    0.03814280
    0.03609731
    0.02718064
    0.06431540
    0.36660376
    0.04714343
    0.04559416
    0.04350236
    0.04311074
    0.03440077
    0.05051143
    0.05299746
    0.07243288
    0.05203863
    0.04849101
    0.03692878
    0.04713471
    0.04484237
    0.04093983
    0.04366733
