           1           2   1.7183385573232401     
           2           3  0.96878150831720822     
           3           4   1.4075086670906221     
           4           5   1.4413524979635071     
           3           6  0.10945779781326265     
           5           6   1.4414943203383455     
           4           7  0.11073097937424192     
           6           7   1.4347325924284868     
           3           8   1.3988359560227754     
           5           8  0.11118802733739613     
           7           8   1.4471126811973933     
           1           9  0.17624730255973733     
           2           9   1.1660336002812990     
           9          10  0.99771075750464089     
          10          11  0.88664522856580108     
          11          12   1.2130571926922544     
          11          13   1.7733839778999994     
          12          13  0.18398202119443499     
          10          14  0.96112032440298834     
          14          15   1.2795878686267479     
          15          16  0.97565907585986822     
          16          17   1.4036799505695978     
          17          18   1.4435725049417327     
          16          19  0.10959426640941830     
          18          19   1.4395494026650366     
          17          20  0.11109462612344337     
          19          20   1.4367051470204300     
          16          21   1.3985396026467307     
          18          21  0.11136402092731205     
          20          21   1.4457427428234786     
          14          22  0.18586703708641389     
          15          22   1.5849604297132680     
          14          23  0.95833511687458606     
           9          24  0.96110102668496711     
          23          24  0.97716559717909268     
          24          25  0.99554682174157849     
          25          26  0.99853644104299866     
          26          27   1.0104082807747214     
          23          28  0.99182792291129496     
          27          28  0.99764640935417537     
           4          29  0.96757292367320824     
           5          30  0.96974793329288722     
           6          31  0.97099175256401971     
           7          32  0.97029708557145355     
           8          33  0.96938344418946021     
          10          34  0.93960368416791262     
          12          35  0.75108954453300525     
          17          36  0.96927531183914739     
          18          37  0.96948159159545599     
          19          38  0.97057352261833296     
          20          39  0.96965358031193083     
          21          40  0.96898967802944636     
          23          41  0.95354700527515845     
          24          42  0.95430307587356933     
          25          43  0.97524873217278629     
          25          44  0.97622443771096035     
          26          45  0.97780644093516855     
          26          46  0.97941199291277192     
          27          47  0.97846267012098986     
          27          48  0.97786759002170676     
          28          49  0.97821065526045725     
          28          50  0.97725575723715952     
