    0.13434530
   -0.27906190
    0.03727226
   -0.06630358
   -0.03137581
   -0.03769642
   -0.03452041
   -0.02740223
    0.03967004
    0.05331148
   -0.01025581
   -0.02538015
   -0.03860509
   -0.03019282
   -0.06544551
    0.14082589
   -0.28446068
    0.03958940
   -0.13811464
    0.27301447
   -0.08908393
    0.02179037
   -0.03700019
   -0.02888474
   -0.03087722
   -0.02758725
   -0.02673350
   -0.42002446
    0.07167020
    0.34600962
   -0.35939105
   -0.34724484
   -0.10767279
    0.28149853
   -0.08857698
    0.01268674
   -0.03840355
   -0.03020144
   -0.03199871
   -0.02708120
   -0.03560600
   -0.42389061
    0.04337435
    0.06405466
    0.04316593
    0.04103949
    0.04162373
    0.04547751
    0.04795100
    0.07303839
    0.05047070
    0.04416775
    0.03938349
    0.03924699
    0.03972086
    0.03935642
    0.03779402
    0.07368862
    0.06390698
    0.04746214
    0.02987735
    0.03234885
    0.03144905
    0.03269104
    0.03511767
    0.10127530
    0.33230585
    0.05322176
    0.07552723
    0.02541662
    0.02812103
    0.03246805
    0.03844625
    0.04420017
