           1           2   1.0554619569832344     
           2           3  0.98222570289346989     
           1           4   1.3911282207356037     
           4           5   1.4258372899238632     
           5           6   1.4524708370547474     
           4           7  0.10159246340382974     
           6           7   1.4153041496192256     
           1           8   1.3154638720326355     
           5           8  0.10595232922911610     
           7           8   1.4464724980320942     
           8           9  0.98869828626354861     
           9          10  0.94409263018875311     
          10          11  0.99285533272653614     
          11          12   1.4364621058347466     
          12          13   1.4254209637341844     
          11          14  0.10668352130562556     
          13          14   1.4448119115161853     
          12          15  0.10231651021531843     
          14          15   1.4329891002213160     
          11          16   1.3246152274723682     
          15          16   1.3844725208030160     
          16          17   1.0549132363819365     
          17          18  0.98051368194083677     
          10          19  0.95311578872769609     
          19          20   1.1880215775864813     
          20          21  0.95294555716744767     
          21          22   1.0087690828276483     
          22          23   1.4175563463356307     
          23          24   1.4420867643653164     
          22          25  0.10939500513864805     
          24          25   1.4406593079503220     
          23          26  0.11096841365978845     
          25          26   1.4373979087696904     
          22          27   1.4110031864085006     
          24          27  0.11219462024935345     
          26          27   1.4469427142875535     
          19          28  0.18080985576852970     
          20          28   1.7124716303859731     
          19          29  0.98668965675631914     
          29          30  0.90151348829640343     
          30          31   1.1481086911310885     
          30          32   1.8027903997477290     
          31          32  0.17232668277578750     
           9          33  0.97704611729464019     
          29          33  0.98066042056107994     
          33          34   1.1956968713402638     
          34          35  0.96134407543337308     
          35          36  0.99989054622434126     
          36          37   1.4160829008382183     
          37          38   1.4394102342347717     
          36          39  0.10889073686523680     
          38          39   1.4425270962037786     
          37          40  0.10975663502369133     
          39          40   1.4335570775322839     
          36          41   1.4066404489602489     
          38          41  0.11164101742526834     
          40          41   1.4501108982303699     
          33          42  0.17635122179826582     
          34          42   1.7023210477402628     
           3          43  0.97663501418180709     
           3          44  0.97909560289530861     
           3          45  0.97647456833867707     
           4          46  0.96535542427582177     
           5          47  0.97059855992741872     
           6          48  0.97003798388788931     
           7          49  0.96145711204963058     
           9          50  0.94276338013293837     
          10          51  0.95771909174514280     
          12          52  0.96674608625908054     
          13          53  0.97052478768768302     
          14          54  0.97083842946862309     
          15          55  0.96540421888904793     
          18          56  0.97724341471623410     
          18          57  0.97687767888376476     
          18          58  0.97602193033129847     
          21          59  0.94281742838054439     
          21          60  0.96149853724544987     
          23          61  0.96889520920149741     
          24          62  0.97114719174794784     
          25          63  0.97146041487880608     
          26          64  0.97112473165776914     
          27          65  0.96978226745542240     
          29          66  0.92631866595873791     
          31          67  0.84645028838864012     
          35          68  0.95209138937558468     
          35          69  0.95756793909398930     
          37          70  0.96872640699498824     
          38          71  0.97121272212185561     
          39          72  0.97134020668732979     
          40          73  0.97057172372310030     
          41          74  0.96866549142206571     
