   -0.03196811
   -0.03048431
    0.01477548
   -0.03341676
   -0.02973683
   -0.02948882
   -0.03385979
    0.01666311
   -0.03718662
    0.00858351
    0.04863992
    0.04684298
    0.00887030
   -0.03747468
    0.01719274
   -0.03321773
   -0.02856877
   -0.02913170
   -0.03379645
    0.01397256
   -0.03304145
   -0.03219848
   -0.10884127
    0.27943670
   -0.03668683
    0.15832474
   -0.23899929
   -0.05010215
   -0.02389405
   -0.02611802
   -0.01533156
   -0.40238960
    0.08512625
    0.34463735
   -0.36768295
   -0.33209106
   -0.11399654
    0.28099639
   -0.04104056
   -0.03801785
   -0.03845216
   -0.02551351
   -0.04197849
    0.17824727
   -0.20489192
   -0.39667391
    0.04886839
    0.04195359
    0.03395176
    0.03088724
    0.03074891
    0.03241194
    0.03301529
    0.05413702
    0.06525213
    0.03688463
    0.03524213
    0.03284638
    0.03217580
    0.03314267
    0.03748070
    0.03403513
    0.06272192
    0.05606619
    0.05973223
    0.06973701
    0.04357263
    0.32703924
    0.04461388
    0.04993107
    0.05556234
    0.07195269
