           1           2   1.5643723897053348     
           2           3   1.2760487269327798     
           3           4   1.2819609587774539     
           4           5   1.5560448874550465     
           5           6   1.3211257287320468     
           4           7  0.11806779044734711     
           6           7   1.5572645809112178     
           3           8   1.2512112705310003     
           7           8   1.2791618725056206     
           2           9  0.11431821803739528     
           8           9   1.2807983362960937     
           1          10   1.2935646776799052     
           9          10   1.5271446780677658     
          10          11  0.98819071990727270     
          11          12  0.95374253435201661     
          12          13  0.98816087936847763     
          13          14   1.5233779346882013     
          14          15   1.2838788746989458     
          15          16   1.2776379126603123     
          16          17   1.5587112853565737     
          17          18   1.3200940614688703     
          16          19  0.11828166259801005     
          18          19   1.5569987517608195     
          15          20   1.2503313009986217     
          19          20   1.2810645813913499     
          14          21  0.11537105864293742     
          20          21   1.2778050519171471     
          13          22   1.2970079327448922     
          21          22   1.5613699355439494     
          12          23  0.95294396790824332     
          23          24   1.2010138487082764     
          24          25  0.96266621716837608     
          25          26   1.3669139945610147     
          26          27  0.94261309156574657     
          26          28   1.4048455063604557     
          25          29  0.10773309926312519     
          28          29   1.4362627054087733     
          29          30   1.4361132300785227     
          25          31   1.3965317400906847     
          28          31  0.11001543870115243     
          30          31   1.4474393634070433     
          23          32  0.19138822033398734     
          24          32   1.7049303316230471     
          23          33  0.98832984656863121     
          33          34  0.90040394084649522     
          34          35   1.1275505903244334     
          34          36   1.8170221921332939     
          35          36  0.16778555570649492     
          11          37  0.95043009471275763     
          33          37  0.98671459565090958     
          37          38   1.2075386482072732     
          38          39  0.94708304134998922     
          39          40   1.4058478608413194     
          40          41   1.4412968549166592     
          39          42  0.10854048064722498     
          41          42   1.4328614428735380     
          40          43  0.10976677556430506     
          42          43   1.4441875329198528     
          39          44   1.3606319669242886     
          43          44   1.3936899129324318     
          44          45  0.97733612039161510     
          37          46  0.19727651405926663     
          38          46   1.7149040808958889     
           1          47  0.96519358219668883     
           2          48  0.96751805007369585     
           4          49  0.96834329507669847     
           5          50  0.97110053097933158     
           6          51  0.97107685117535125     
           7          52  0.96837361148282852     
           9          53  0.96566841272878201     
          11          54  0.95345823755759374     
          12          55  0.95109555400019530     
          14          56  0.96573195799521572     
          16          57  0.96819784493736427     
          17          58  0.97093007536570552     
          18          59  0.97103624372753794     
          19          60  0.96837871237737616     
          21          61  0.96786476565114188     
          22          62  0.96817639898600583     
          28          63  0.96573238048667853     
          29          64  0.96930813078059153     
          30          65  0.96796827309031230     
          31          66  0.96638953278687367     
          33          67  0.94067806066709103     
          35          68  0.86102876273950324     
          40          69  0.96885244180899033     
          41          70  0.96920902224148320     
          42          71  0.96935917016132600     
          43          72  0.96449909109568477     
