   -0.02957013
   -0.03234217
    0.01507499
   -0.03289901
   -0.02778096
   -0.02740838
   -0.03266241
    0.01774292
   -0.03701807
    0.00355469
    0.03945920
    0.03554944
   -0.00236960
   -0.04779451
    0.01214823
   -0.03805431
   -0.02905470
   -0.02834461
   -0.03229363
    0.01521510
   -0.02996803
   -0.03263638
   -0.11182278
    0.27493041
   -0.01879981
   -0.03570896
   -0.03323150
    0.08604209
   -0.15385143
   -0.03327952
   -0.02019783
   -0.41128710
    0.09037603
    0.35085151
   -0.35819648
   -0.38664064
   -0.11520876
    0.27499380
   -0.01642210
   -0.02033907
   -0.03307213
    0.08523623
   -0.15254899
   -0.03434611
   -0.03095387
   -0.41065443
    0.01270894
    0.03494698
    0.03458988
    0.03453302
    0.03483487
    0.03610044
    0.03795724
    0.06949665
    0.08481993
    0.03591476
    0.03142866
    0.03393859
    0.03522347
    0.03724751
    0.04282450
    0.04959051
    0.06608843
    0.06171395
    0.06276343
    0.06133247
    0.06622950
    0.34792011
    0.06015404
    0.06272188
    0.06082178
    0.03968223
