           1           2   1.5621868846355014     
           2           3   1.2775139413781442     
           3           4   1.2812014089721573     
           4           5   1.5568165590314762     
           5           6   1.3203618087133071     
           4           7  0.11835863228835054     
           6           7   1.5584649212826163     
           3           8   1.2504501482807393     
           7           8   1.2779206931584490     
           2           9  0.11485562133945219     
           8           9   1.2832991186124023     
           1          10   1.2959062959344274     
           9          10   1.5249512733942885     
          10          11  0.98681059221446998     
          11          12  0.96194293987141644     
          12          13  0.98454861701342367     
          13          14   1.5304853777613050     
          14          15   1.2743067983714882     
          15          16   1.2813922291328792     
          16          17   1.5549840062125615     
          17          18   1.3229718853314718     
          16          19  0.11786350809686678     
          18          19   1.5543851676601939     
          15          20   1.2535828902615380     
          19          20   1.2834466114126821     
          14          21  0.11154800112803975     
          20          21   1.2717616731104990     
          13          22   1.2857050851684064     
          21          22   1.5713760407273325     
          12          23  0.94718331973394931     
          23          24   1.1907937392353933     
          24          25  0.97357769546916406     
          25          26   1.3934154258137641     
          26          27   1.4446307776687473     
          27          28   1.4066444826902418     
          28          29  0.99111668686163623     
          26          30  0.10725860803844092     
          28          30   1.4052212562908322     
          25          31   1.3967863008658377     
          27          31  0.10727322570245984     
          30          31   1.4462288971068584     
          23          32  0.18733733974667388     
          24          32   1.6978184566436978     
          23          33  0.99772219386602823     
          33          34  0.90989623775382267     
          34          35   1.1600926024681875     
          34          36   1.7729985549875948     
          35          36  0.18076180226549746     
          11          37  0.95336648395539403     
          33          37  0.98458810562069632     
          37          38   1.2101337336570461     
          38          39  0.95628176075850413     
          39          40   1.4077770282593862     
          40          41   1.4408318722462459     
          41          42   1.4096285890360014     
          42          43  0.99089223986250119     
          40          44  0.10781679282230076     
          42          44   1.4048784133075005     
          39          45   1.3974735955654254     
          41          45  0.10823285300594021     
          44          45   1.4452240901384545     
          37          46  0.19402034870567936     
          38          46   1.7008625376545603     
           1          47  0.96647141220428356     
           2          48  0.96802122652701872     
           4          49  0.96828106624631471     
           5          50  0.97088994089618752     
           6          51  0.97080691948626918     
           7          52  0.96813508797396430     
           9          53  0.96541669155983079     
          11          54  0.94964545056039440     
          12          55  0.94876187450795069     
          14          56  0.96076329516296421     
          16          57  0.96823052500510043     
          17          58  0.97088833683401776     
          18          59  0.97082381282543107     
          19          60  0.96812707071204029     
          21          61  0.96713296652271952     
          22          62  0.96731991978953002     
          26          63  0.96055639479159594     
          27          64  0.96665820173171624     
          30          65  0.96645085949836640     
          31          66  0.96545265402835345     
          33          67  0.92295190993161069     
          35          68  0.85244202751580778     
          40          69  0.96607685587607439     
          41          70  0.96658690343612963     
          44          71  0.96682569885067582     
          45          72  0.96545468211683172     
