   -0.04206969
   -0.03123148
    0.01221375
   -0.03349948
   -0.02964804
   -0.02947073
   -0.03608996
    0.01222109
   -0.04805532
   -0.00357054
    0.03827044
    0.03661009
   -0.00463451
   -0.04101846
    0.01552379
   -0.03323717
   -0.02712868
   -0.02778907
   -0.03384940
    0.01272733
   -0.03382359
   -0.04027487
   -0.11112432
    0.26575909
    0.07478995
   -0.06275363
   -0.07614778
    0.12680726
   -0.12003898
   -0.16310926
   -0.41228225
    0.10283009
    0.38336491
   -0.34746760
   -0.40132152
   -0.12009138
    0.26305879
    0.07369587
   -0.06406295
   -0.07683971
    0.12547905
   -0.11911268
   -0.16556298
   -0.42780376
    0.07573526
    0.04366229
    0.03520911
    0.03188758
    0.03107776
    0.02968202
    0.02348262
    0.05262767
    0.05954903
    0.03948835
    0.03824154
    0.03612710
    0.03484806
    0.03462789
    0.03856046
    0.03006566
    0.04171930
    0.04323297
    0.07199387
    0.06974070
    0.05991906
    0.07336209
    0.34525701
    0.04366652
    0.04027314
    0.05812152
    0.06716521
    0.07043451
