           1           2   1.5558643645360097     
           2           3   1.2816109995784744     
           3           4   1.2791680551467093     
           4           5   1.5587092311449873     
           5           6   1.3186596133076887     
           4           7  0.11835399097992061     
           6           7   1.5597731335044422     
           3           8   1.2484092084674474     
           7           8   1.2761552706762833     
           2           9  0.11612462874753846     
           8           9   1.2867096304579035     
           1          10   1.3003008219627772     
           9          10   1.5129683343204556     
          10          11  0.98207128562812995     
          11          12  0.93866607096319110     
          12          13  0.98327481460975530     
          13          14   1.5312294356204874     
          14          15   1.2771601693310766     
          15          16   1.2800501836319396     
          16          17   1.5563160821916755     
          17          18   1.3222149393243465     
          16          19  0.11825312285904985     
          18          19   1.5551466119595281     
          15          20   1.2529271511456010     
          19          20   1.2825718423443999     
          14          21  0.11251062885803595     
          20          21   1.2732034542967738     
          13          22   1.2870354123818952     
          21          22   1.5689995146190563     
          12          23  0.97744834765246269     
          23          24   1.2015434333467689     
          24          25   1.0213889184222862     
          25          26   1.5133976243979583     
          26          27   1.3257759249184540     
          25          28  0.12657746532408709     
          27          28   1.5336395719948015     
          28          29   1.0316250399070703     
          25          30   1.1078175754240507     
          28          30   1.1498046584494730     
          23          31  0.18185924472823681     
          24          31   1.6357308179602150     
          23          32  0.98043239154272022     
          32          33  0.90944582486652825     
          33          34   1.1652296678045584     
          33          35   1.7441627388825267     
          34          35  0.17141685683576330     
          11          36  0.97614619445418493     
          32          36  0.97454524918592977     
          36          37   1.1882409218849510     
          37          38   1.0246125049502832     
          38          39   1.5171815909879764     
          39          40   1.3249788361469845     
          38          41  0.12650027785216464     
          40          41   1.5337270569330366     
          41          42   1.0306182198054650     
          38          43   1.1035548438982270     
          41          43   1.1519264005439520     
          36          44  0.18408423047872458     
          37          44   1.6503138810233571     
           1          45  0.95285179318879054     
           2          46  0.96729404973600863     
           4          47  0.96826893315846463     
           5          48  0.97102349256474030     
           6          49  0.97106708755182392     
           7          50  0.96848980061778067     
           9          51  0.96482695488392256     
          11          52  0.95221769257188305     
          12          53  0.94749617513472628     
          14          54  0.96338087089679958     
          16          55  0.96797777568951970     
          17          56  0.97071733395707593     
          18          57  0.97083725760394946     
          19          58  0.96827785693413293     
          21          59  0.96759079178548157     
          22          60  0.96727085733403917     
          26          61  0.97024884189397320     
          27          62  0.97427088103809667     
          29          63  0.96655202160690323     
          29          64  0.96586979298493647     
          29          65  0.98361037138287533     
          32          66  0.93910565526456380     
          34          67  0.85590044185754133     
          39          68  0.96550969837879386     
          40          69  0.97453775971606171     
          42          70  0.98398899968544962     
          42          71  0.96697904899518106     
          42          72  0.96699611249840856     
