    0.13991702
   -0.27374285
    0.03702629
   -0.06339371
   -0.03070034
   -0.03947785
   -0.02861086
   -0.01504254
    0.04521395
    0.04236069
   -0.02767874
   -0.03332530
   -0.03627635
   -0.02852510
   -0.06479588
    0.13496755
   -0.27626141
    0.03620913
   -0.14678981
    0.27377140
   -0.02366632
   -0.03666419
    0.02092452
   -0.11030747
   -0.04697844
    0.02022501
   -0.11140890
   -0.05158800
   -0.40497979
    0.07325982
    0.34646461
   -0.36774404
   -0.35330327
   -0.12192693
    0.27505230
   -0.01819343
   -0.02887689
    0.02339987
   -0.11168490
   -0.04972158
    0.01384415
   -0.10864800
   -0.04975041
   -0.42371680
    0.04380946
    0.04310622
    0.06242339
    0.03984546
    0.03755491
    0.03309146
    0.02717932
    0.08391876
    0.09409564
    0.05147294
    0.04500740
    0.04141799
    0.04081573
    0.03947265
    0.04397297
    0.06783572
    0.04960913
    0.05286079
    0.04483475
    0.05066307
    0.03704571
    0.05190539
    0.04620220
    0.05042625
    0.02860508
    0.07087622
    0.34015410
    0.05297545
    0.05083178
    0.05550744
    0.04196192
    0.03298029
    0.04921889
    0.04032349
    0.04286157
    0.01628027
