           1           2   1.0599606726323569     
           2           3  0.98321645977903616     
           1           4   1.3896668789685822     
           4           5   1.4272097991126134     
           5           6   1.4516673337750612     
           4           7  0.10048206141107528     
           6           7   1.4144527113187095     
           1           8   1.3147228104828321     
           5           8  0.10594095095933889     
           7           8   1.4480892385477144     
           8           9  0.98736459267433652     
           9          10  0.96072367207998621     
          10          11  0.99164342930559635     
          11          12   1.4420487652686664     
          12          13   1.4178150421636113     
          11          14  0.10612647319191210     
          13          14   1.4509204535526234     
          12          15  0.10142768953510045     
          14          15   1.4273107130694433     
          11          16   1.3140796977007065     
          15          16   1.3902846097467196     
          16          17   1.0563240028731524     
          17          18  0.98242223702068643     
          10          19  0.94360032009391093     
          19          20   1.1486411928965021     
          20          21  0.97958888354890172     
          21          22   1.4012613062455608     
          22          23   1.4092385608509377     
          23          24   1.0262972249227089     
          23          25   1.4125687422390305     
          22          26  0.10395386636130685     
          25          26   1.4100134459807334     
          26          27   1.0263140006546605     
          21          28   1.3948655681747222     
          23          28  0.10382029663197749     
          26          28   1.4107234782904221     
          19          29  0.17035034769457635     
          20          29   1.7255078119590455     
          19          30  0.99330362441648412     
          30          31  0.90546983500886213     
          31          32   1.1458114445141665     
          31          33   1.8040915798074397     
          32          33  0.16775517592215355     
           9          34  0.96458259336772056     
          30          34  0.97971439071201460     
          34          35   1.1990716945069229     
          35          36  0.96450876635975369     
          36          37   1.4204201231327800     
          37          38   1.3994893210592305     
          38          39   1.0261907162484527     
          36          40  0.10334610361767980     
          38          40   1.4231528281876131     
          37          41  0.10518294819308527     
          40          41   1.4051280624047071     
          41          42   1.0237628028482906     
          36          43   1.3926691772822146     
          38          43  0.10441367444585115     
          41          43   1.4191851653235268     
          34          44  0.18753773998225942     
          35          44   1.6936603274693964     
           3          45  0.97658842032886906     
           3          46  0.97636175742545350     
           3          47  0.97953191560731423     
           4          48  0.96545168292109174     
           5          49  0.97101471552681340     
           6          50  0.97079642088439522     
           7          51  0.96269781960696554     
           9          52  0.94078393093369894     
          10          53  0.94410723446204936     
          12          54  0.96207490551286623     
          13          55  0.97018813907516011     
          14          56  0.97057844049038944     
          15          57  0.96520305629064773     
          18          58  0.97647339282950041     
          18          59  0.97703004567335716     
          18          60  0.97870275947353158     
          22          61  0.96615105011119340     
          24          62  0.97183629750491218     
          24          63  0.98540240631597065     
          24          64  0.97046833679343125     
          25          65  0.96598330778899832     
          27          66  0.96965556908164263     
          27          67  0.98525504105844486     
          27          68  0.97304041992445967     
          28          69  0.96584247651100918     
          30          70  0.91896061218709213     
          32          71  0.83411936593265867     
          37          72  0.96735108915350687     
          39          73  0.97354761959231484     
          39          74  0.96925375849799456     
          39          75  0.98570565148352152     
          40          76  0.96727823206433139     
          42          77  0.96796594433453453     
          42          78  0.97994048578127146     
          42          79  0.98148481906238905     
          43          80  0.96218289789179801     
