   -0.03654426
   -0.03275549
    0.01419182
   -0.03332896
   -0.02817775
   -0.02751269
   -0.03317761
    0.01706338
   -0.03882532
    0.00403526
    0.04814249
    0.05252228
    0.01292131
   -0.03251774
    0.01839381
   -0.03261424
   -0.02816656
   -0.02860748
   -0.03345221
    0.01530722
   -0.03204411
   -0.03210324
   -0.13969959
    0.27947951
   -0.02933134
    0.01321222
    0.02653726
   -0.10307475
   -0.11045211
   -0.10859532
   -0.03783367
   -0.02639635
   -0.02389369
   -0.02658259
   -0.42347690
    0.07896024
    0.34957326
   -0.35608811
   -0.35069416
   -0.14587897
    0.27976996
   -0.02895649
   -0.02623087
   -0.02410368
   -0.02535916
   -0.03647511
    0.01424884
    0.02672821
   -0.09689117
   -0.11192458
   -0.10912336
   -0.42073076
    0.02703422
    0.03923400
    0.03528474
    0.03431935
    0.03445606
    0.03513079
    0.03362170
    0.05771179
    0.02700806
    0.03323926
    0.03420464
    0.03311725
    0.03289016
    0.03398207
    0.03798942
    0.03149612
    0.03856332
    0.03948573
    0.02476183
    0.05959912
    0.03412605
    0.03736604
    0.03916320
    0.03837357
    0.03495347
    0.04675898
    0.03841152
    0.04316300
    0.02564780
    0.06408071
    0.33744935
    0.02426146
    0.04221383
    0.03888962
    0.04744274
    0.03119419
    0.04179596
    0.02344164
    0.06292274
    0.03431486
    0.03747876
    0.03571484
    0.03900842
    0.03923093
