           1           2   1.5557891062080733     
           2           3   1.2807966629823053     
           3           4   1.2792451985440150     
           4           5   1.5587366072076880     
           5           6   1.3185524271312474     
           4           7  0.11854158215082233     
           6           7   1.5604614535823225     
           3           8   1.2492760601177793     
           7           8   1.2757964457091366     
           2           9  0.11639329364271156     
           8           9   1.2873884654563352     
           1          10   1.3015896864851528     
           9          10   1.5183847017832308     
          10          11  0.98876103529307058     
          11          12  0.95516398416593273     
          12          13  0.99020662568989515     
          13          14   1.5239440957330221     
          14          15   1.2827920088758333     
          15          16   1.2783599020001151     
          16          17   1.5577846836171569     
          17          18   1.3209382553391276     
          16          19  0.11810471583283928     
          18          19   1.5558536000746503     
          15          20   1.2506614841439279     
          19          20   1.2820799380006338     
          14          21  0.11329550924734308     
          20          21   1.2757733122265829     
          13          22   1.2914542057298914     
          21          22   1.5641774100730585     
          12          23  0.95177302294545330     
          23          24   1.1817985487142928     
          24          25  0.95975093609758433     
          25          26   1.3799814091459957     
          26          27  0.98529504372711341     
          27          28  0.99208584302236791     
          27          29  0.98074534069529984     
          27          30  0.99801862761200943     
          26          31   1.4131202863769594     
          25          32  0.10805468178950839     
          31          32   1.4435892217625854     
          26          33  0.10857788193655324     
          32          33   1.4360090067954405     
          25          34   1.4009249353748039     
          31          34  0.10860709360782404     
          33          34   1.4391870292750775     
          23          35  0.18090211628504915     
          24          35   1.6904667227812866     
          23          36  0.98437932918200377     
          36          37  0.90035305778830399     
          37          38   1.1442286791289371     
          37          39   1.8057810329172692     
          38          39  0.17039073786426503     
          11          40  0.95990866357929117     
          36          40  0.97994168638106749     
          40          41   1.1671529671628784     
          41          42  0.96725223706975316     
          42          43   1.3985162550254062     
          43          44   1.4411339782604686     
          42          45  0.10773167163197245     
          44          45   1.4350893969007370     
          43          46  0.10848418970497116     
          45          46   1.4438034563079691     
          42          47   1.3792855753906141     
          44          47  0.10821978779788050     
          46          47   1.4136743517270294     
          47          48  0.98528800130729244     
          48          49  0.99136912326719095     
          48          50  0.98170853013085246     
          48          51  0.99787083919978903     
          40          52  0.17571160199430100     
          41          52   1.6977062254046666     
           1          53  0.96005197851526813     
           2          54  0.96779551703714095     
           4          55  0.96824907372351510     
           5          56  0.97089110690920077     
           6          57  0.97082085878369095     
           7          58  0.96820240958933956     
           9          59  0.96600122035330749     
          11          60  0.94766087706590540     
          12          61  0.95212886232484639     
          14          62  0.96501022958468474     
          16          63  0.96825953641660933     
          17          64  0.97092329984533343     
          18          65  0.97099953673511541     
          19          66  0.96834865304630391     
          21          67  0.96784820751422873     
          22          68  0.96263318290333588     
          28          69  0.96884520918098616     
          28          70  0.98338017241385500     
          28          71  0.98065950988951978     
          29          72  0.97868557269134238     
          29          73  0.98650968576238296     
          29          74  0.98365978988239045     
          30          75  0.98377923118931510     
          30          76  0.98288314216525163     
          30          77  0.98551208962651238     
          31          78  0.96314161327899050     
          32          79  0.97039767147962475     
          33          80  0.96897048730019919     
          34          81  0.96711914984835978     
          36          82  0.94321463704667252     
          38          83  0.85136853837578508     
          43          84  0.96536420956097313     
          44          85  0.96906586787213866     
          45          86  0.97040809072493683     
          46          87  0.96308905939828260     
          49          88  0.97455130276882052     
          49          89  0.98301568391403815     
          49          90  0.97896509522380282     
          50          91  0.97703660458328856     
          50          92  0.98640045525148812     
          50          93  0.98375528613320407     
          51          94  0.98546541642450458     
          51          95  0.98275379812332853     
          51          96  0.98377608010249551     
