   -0.02941720
   -0.02644123
   -0.02906747
   -0.02698934
   -0.03686932
    0.00586493
    0.04365408
    0.04165635
    0.00287369
   -0.02691806
   -0.02496559
   -0.02845715
   -0.02878457
   -0.03419960
   -0.11318372
    0.27189057
   -0.02887612
    0.01158927
   -0.03627647
   -0.02713749
   -0.02784622
   -0.03295128
    0.01637698
   -0.03585069
   -0.03137599
   -0.02302165
   -0.41585857
    0.09551851
    0.35368518
   -0.36895771
   -0.38107689
   -0.11557832
    0.27249181
   -0.02787806
   -0.02825963
   -0.02824226
   -0.03604003
    0.01125460
    0.01235901
   -0.02716588
   -0.02386845
   -0.02747968
   -0.03816408
   -0.41534548
    0.03520175
    0.03597336
    0.03392860
    0.03578383
    0.05300603
    0.06481805
    0.07227012
    0.04762421
    0.04026867
    0.03657915
    0.03415826
    0.02598461
    0.03202945
    0.03588985
    0.03674672
    0.03706741
    0.03825818
    0.04042414
    0.04875485
    0.05535232
    0.34466842
    0.03092151
    0.03843912
    0.03712716
    0.04208861
    0.04016280
    0.03604761
    0.03375444
