           1           2   1.4434735088998631     
           2           3   1.4392883678955815     
           1           4  0.11112418971916481     
           3           4   1.4387635904942189     
           2           5  0.11204163143025005     
           4           5   1.4443800747507056     
           1           6   1.4142944266195241     
           3           6  0.10918787814414459     
           5           6   1.4127766345516830     
           6           7  0.98586572772273939     
           7           8  0.96245817047315074     
           8           9  0.98464641501847416     
           9          10   1.4173484698960321     
          10          11   1.4404231153016749     
           9          12  0.10953466514868088     
          11          12   1.4423528675025639     
          10          13  0.11060560573871284     
          12          13   1.4351849923586926     
           9          14   1.4090184065780869     
          11          14  0.11172110585680178     
          13          14   1.4475666179036009     
           8          15  0.94883384222027412     
          15          16   1.2008518045541949     
          16          17  0.96073586837914948     
          17          18   1.2445141672608568     
          18          19   1.2814919923993602     
          19          20   1.5535920307613991     
          20          21   1.3219609597102451     
          19          22  0.11809127672114829     
          21          22   1.5571700354835469     
          18          23   1.2544476966199758     
          22          23   1.2788910886939269     
          17          24  0.11370603555574355     
          23          24   1.2771339746533668     
          24          25   1.5536661987239504     
          17          26   1.5128225133741877     
          25          26   1.3246077573380888     
          15          27  0.19081855804216410     
          16          27   1.6969350037475719     
          15          28  0.98947550999944911     
          28          29  0.90988170382873890     
          29          30   1.1505087195991066     
          29          31   1.7746944849121715     
          30          31  0.17923275014434781     
           7          32  0.95065013759078354     
          28          32  0.98481711395610372     
          32          33   1.2050293891238153     
          33          34  0.95442327738284338     
          34          35   1.5202717444313090     
          35          36   1.3236503767603065     
          34          37  0.11498279790110477     
          36          37   1.5527907826977851     
          37          38   1.2800106845093158     
          34          39   1.2465803262973831     
          38          39   1.2516054637813292     
          39          40   1.2809172272337843     
          40          41   1.5563376119966950     
          41          42   1.3209577142303091     
          38          43   1.2779624788322663     
          40          43  0.11895410282264031     
          42          43   1.5578847907151139     
          32          44  0.19239554810027451     
          33          44   1.6991994483346313     
           1          45  0.96814334363752030     
           2          46  0.97074323504499493     
           3          47  0.97123449444632870     
           4          48  0.97088872036052298     
           5          49  0.96162564965415909     
           7          50  0.95255050038970168     
           8          51  0.95448555910316990     
          10          52  0.96715849309163970     
          11          53  0.97038172166178582     
          12          54  0.97108906329106826     
          13          55  0.97097142974892714     
          14          56  0.96823178447529368     
          19          57  0.96396259541463847     
          20          58  0.97066370744950192     
          21          59  0.97062230009776118     
          22          60  0.96795088163154530     
          24          61  0.96794972091914921     
          25          62  0.96951795968446208     
          26          63  0.96852183990206220     
          28          64  0.93820647493851084     
          30          65  0.85366314011308075     
          35          66  0.96963853937288869     
          36          67  0.96979010973284641     
          37          68  0.96805078729321181     
          40          69  0.96429071645355857     
          41          70  0.97037673786147449     
          42          71  0.97065430714502021     
          43          72  0.96815798488860294     
