    0.14175306
   -0.27458991
    0.03785009
   -0.06463399
   -0.03115646
   -0.03883080
   -0.03309034
   -0.01196621
    0.04721300
    0.05057647
   -0.00744346
   -0.02564132
   -0.03685864
   -0.03051080
   -0.06454719
    0.14122388
   -0.28228291
    0.04315530
   -0.09858376
    0.27290034
   -0.03426396
   -0.02537438
    0.00700650
   -0.02537991
   -0.04048820
   -0.41445553
    0.09038257
    0.35174224
   -0.36826635
   -0.37848503
   -0.10333031
    0.27297053
   -0.03510870
   -0.02501964
    0.00701669
   -0.02604923
   -0.04119032
   -0.41030798
    0.04574837
    0.04087981
    0.06083477
    0.03920830
    0.03776660
    0.03892436
    0.05261292
    0.07923912
    0.06546914
    0.04531892
    0.04169979
    0.03959544
    0.03904152
    0.04063860
    0.04323299
    0.05204215
    0.04563054
    0.05128486
    0.04992123
    0.06543394
    0.34435450
    0.04402545
    0.05156488
    0.04959646
