           1           2   1.0580481637398562     
           2           3  0.98343958410198695     
           1           4   1.3821775336856064     
           4           5   1.4337950116326248     
           5           6   1.4448757255530857     
           4           7  0.10293898869489729     
           6           7   1.4247605134788632     
           1           8   1.3244969734449796     
           5           8  0.10641066532460236     
           7           8   1.4390490297193310     
           8           9  0.98998238270933248     
           9          10  0.95368649142163542     
          10          11  0.99095158937187955     
          11          12   1.4364216873684232     
          12          13   1.4255933246327726     
          11          14  0.10705981597980256     
          13          14   1.4458391133885820     
          12          15  0.10281324363372260     
          14          15   1.4317643171667338     
          11          16   1.3276777759346521     
          15          16   1.3874522081629412     
          16          17   1.0470203467102723     
          17          18  0.98638103831255775     
          10          19  0.95392259004231539     
          19          20   1.2144999460667785     
          20          21  0.95658572240561202     
          21          22   1.5892238438425275     
          22          23   1.2027842663874426     
          22          24  0.11514281922666861     
          23          24   1.1967835893658842     
          21          25   1.2380868050943719     
          24          25   1.6372443843438598     
          19          26  0.19392561364212077     
          20          26   1.6908193730910159     
          19          27  0.98653842481108323     
          27          28  0.90918070468933565     
          28          29   1.1486172785866575     
          28          30   1.7823456371811151     
          29          30  0.18082623994958127     
           9          31  0.95437229508405630     
          27          31  0.98711479310823613     
          31          32   1.2144110446128082     
          32          33  0.95005891956203470     
          33          34   1.5961550383427268     
          34          35   1.1991003533753959     
          34          36  0.11548411451062349     
          35          36   1.1983852599600644     
          33          37   1.2354314277524936     
          36          37   1.6358341548993853     
          31          38  0.19564622440130081     
          32          38   1.6975980862338218     
           3          39  0.97637058580598268     
           3          40  0.97634804753081494     
           3          41  0.97963294610988982     
           4          42  0.96554865655630451     
           5          43  0.97097940785203796     
           6          44  0.97072187848137093     
           7          45  0.96346040280586909     
           9          46  0.94753995218434151     
          10          47  0.95310776728611057     
          12          48  0.96706551233832050     
          13          49  0.97032369455235867     
          14          50  0.97085540874860154     
          15          51  0.96538584036258390     
          18          52  0.97646328901574131     
          18          53  0.97600175838691761     
          18          54  0.97977118697470233     
          22          55  0.97011349931266433     
          24          56  0.97015734875048265     
          25          57  0.96385378736591298     
          27          58  0.94190984759900986     
          29          59  0.85456116215219446     
          34          60  0.97122739922405055     
          36          61  0.96995676411822795     
          37          62  0.96393424444770870     
