    0.13895152
   -0.28876454
    0.03999408
   -0.06518662
   -0.02902412
   -0.03725762
   -0.02584176
   -0.01333310
    0.05071894
    0.03851375
   -0.03309568
   -0.03716130
   -0.03500441
   -0.02443323
   -0.05917454
    0.13719022
   -0.28144672
    0.03476062
   -0.10356525
    0.27584914
   -0.00278282
   -0.00913571
   -0.02113423
   -0.01789776
    0.00585826
    0.54745429
   -0.38695686
   -0.37739314
   -0.02502260
   -0.41365704
    0.06904368
    0.34517155
   -0.35119671
   -0.34054939
   -0.12507190
    0.26897261
   -0.01322745
   -0.01933063
    0.00867864
    0.54993413
   -0.37595858
   -0.37778314
   -0.01750300
   -0.01909238
   -0.01829207
   -0.40966488
    0.03975549
    0.07320000
    0.03714137
    0.04124700
    0.04294188
    0.04403919
    0.04910897
    0.05872360
    0.06731482
    0.04362496
    0.05000655
    0.04869172
    0.04740139
    0.04910510
    0.04503103
    0.06345415
    0.07379234
    0.06349119
    0.08510312
    0.08662873
    0.10227715
    0.33367020
    0.08593888
    0.08831900
    0.06469829
    0.05914159
