           1           2   1.0499733333662380     
           2           3  0.98074608183893663     
           1           4   1.3848735501038170     
           4           5   1.4339798396092691     
           5           6   1.4439578808963835     
           4           7  0.10319624875982396     
           6           7   1.4275872087905190     
           1           8   1.3282851010379833     
           5           8  0.10675523219328677     
           7           8   1.4337779047309780     
           8           9  0.99124623247180021     
           9          10  0.94568465537257973     
          10          11  0.98648875617494902     
          11          12   1.4355477447151299     
          12          13   1.4213195333613480     
          11          14  0.10534963174064804     
          13          14   1.4463724981256876     
          12          15  0.10279390671013491     
          14          15   1.4327911251818348     
          11          16   1.3183841628691373     
          15          16   1.3862471241353682     
          16          17   1.0578320756560100     
          17          18  0.97982265416288583     
          10          19  0.97146566297759585     
          19          20   1.1937701142979480     
          20          21  0.98212448262955498     
          21          22   1.3889346525174555     
          22          23   1.4401088119440888     
          21          24  0.10110196683554185     
          23          24   1.4460944446018122     
          24          25   1.3808808892709119     
          25          26  0.95789376052793695     
          26          27   1.4523735817918384     
          26          28   1.4579927381112432     
          27          28  0.36465250181110137     
          21          29   1.4086280828269115     
          23          29  0.10356949727525785     
          25          29   1.3904612555825313     
          19          30  0.18306735368696403     
          20          30   1.6875384263319100     
          19          31  0.98258488291323753     
          31          32  0.89712783076871339     
          32          33   1.1525812370489925     
          32          34   1.8081163360720631     
          33          34  0.17392710093134631     
           9          35  0.95155851681185843     
          31          35  0.98387398044585672     
          35          36   1.2079318185205374     
          36          37  0.95071273634930054     
          37          38   1.4245005580131695     
          38          39   1.3855590043331318     
          39          40  0.95486306196219417     
          40          41   1.4595405457230977     
          40          42   1.4572279009109532     
          41          42  0.36790766458833774     
          37          43  0.10488305892796659     
          39          43   1.3895491667144766     
          38          44  0.10655163272537409     
          43          44   1.4440001149693662     
          37          45   1.3957816123112867     
          44          45   1.4383976136076886     
          35          46  0.19578725487400644     
          36          46   1.7034346455296037     
           3          47  0.97665007827242034     
           3          48  0.97489958322045089     
           3          49  0.97657192506280976     
           4          50  0.96512676819611665     
           5          51  0.97052077514483348     
           6          52  0.97008911993255753     
           7          53  0.96612440654061249     
           9          54  0.95548658202260794     
          10          55  0.94661914596996932     
          12          56  0.96178810565616935     
          13          57  0.96966309271124707     
          14          58  0.96997204031487461     
          15          59  0.96473286687256954     
          18          60  0.97665863800161867     
          18          61  0.97656679247387412     
          18          62  0.97932842362683958     
          22          63  0.96430952549308468     
          23          64  0.96713873448639553     
          24          65  0.96026273174981425     
          29          66  0.94980594776001737     
          31          67  0.92614759092773569     
          33          68  0.84983666879706188     
          38          69  0.95854802808110418     
          43          70  0.95947504737596756     
          44          71  0.96699333848311964     
          45          72  0.96604182927623716     
