   -0.03318503
   -0.02885515
   -0.02800463
   -0.03329237
    0.01247819
    0.01749066
   -0.03331608
   -0.02673426
   -0.02929625
    0.00522404
    0.04961678
    0.04923262
    0.00439960
   -0.03181828
   -0.02910097
   -0.03419416
    0.01715110
    0.01265621
   -0.03241975
   -0.02683906
   -0.02767734
   -0.03344222
   -0.11995324
    0.27834616
   -0.03233805
    0.07549457
   -0.13452745
   -0.04400802
   -0.01545385
    0.01709580
   -0.39304748
    0.09183677
    0.35172306
   -0.34277752
   -0.40072093
   -0.11200930
    0.27972096
   -0.03329745
    0.06811279
   -0.14142424
   -0.04555657
   -0.01540552
    0.02455518
   -0.39436213
    0.03670547
    0.03425322
    0.03196674
    0.02424529
    0.03876705
    0.04179489
    0.04017291
    0.05494481
    0.06511114
    0.02687803
    0.03663829
    0.03852451
    0.03000047
    0.03430008
    0.03546895
    0.03675154
    0.06850431
    0.06788190
    0.06301202
    0.35631936
    0.06736130
    0.06832053
