           1           2   1.5578125161315703     
           2           3   1.3213417308591777     
           1           4  0.11832564181126955     
           3           4   1.5553797597790386     
           4           5   1.2820803818184805     
           1           6   1.2788968402267595     
           5           6   1.2518510728981980     
           6           7   1.2804455368057508     
           7           8   1.5520032500424170     
           8           9   1.3272417426648118     
           5          10   1.2521240961049103     
           7          10  0.11429489305610291     
           9          10   1.5224464865743399     
          10          11  0.99102583516318710     
          11          12  0.94890172146005569     
          12          13  0.99036438351754574     
          13          14   1.5241454327261716     
          14          15   1.3260415294682686     
          13          16  0.11412587027848632     
          15          16   1.5530192716230069     
          16          17   1.2799097013388021     
          13          18   1.2518885924288479     
          17          18   1.2527215655218067     
          18          19   1.2822183356369270     
          19          20   1.5547759811214727     
          20          21   1.3219266548000226     
          17          22   1.2787445125352321     
          19          22  0.11852185612218438     
          21          22   1.5575730160189287     
          12          23  0.95257765530541449     
          23          24   1.1913332512342325     
          24          25  0.98293318964048737     
          25          26   1.5382678979839264     
          26          27  0.99495634111151388     
          26          28   1.2509867173274134     
          25          29  0.10852012177859785     
          28          29   1.6297850348030172     
          25          30   1.1512212916464313     
          29          30   1.1972121866084864     
          23          31  0.19000686853800530     
          24          31   1.7020806614582404     
          23          32  0.98323994505993917     
          32          33  0.90489742162796138     
          33          34   1.1824535078010090     
          33          35   1.7589445446615359     
          34          35  0.18706753533308207     
          11          36  0.94952788242709951     
          32          36  0.98645667902725276     
          36          37   1.2126244573258271     
          37          38  0.96052428375714594     
          38          39   1.5442963416021069     
          39          40  0.98980105723827405     
          39          41   1.2477269633017773     
          38          42  0.10905732709862950     
          41          42   1.6322295609875399     
          38          43   1.1600034326751045     
          42          43   1.1963276052116616     
          36          44  0.20028316911745775     
          37          44   1.7037801540010000     
           1          45  0.96787438394292757     
           2          46  0.97063837600164748     
           3          47  0.97102567588969801     
           4          48  0.96124277676886150     
           7          49  0.96770355464702074     
           8          50  0.96984116227124484     
           9          51  0.96475684938431172     
          11          52  0.94601784545848933     
          12          53  0.94522733879044052     
          14          54  0.96794305781456036     
          15          55  0.97028539722649920     
          16          56  0.96776352628564566     
          19          57  0.96151644961201932     
          20          58  0.97084873661127968     
          21          59  0.97054515066695490     
          22          60  0.96786387748221570     
          28          61  0.96117160554556524     
          29          62  0.96638984958647800     
          32          63  0.94242873825879236     
          34          64  0.84568008579776199     
          41          65  0.96131886969653291     
          42          66  0.96620121299527162     
