   -0.02587786
    0.48952516
   -0.20785715
   -0.20566405
   -0.22273570
   -0.02185724
   -0.02178722
   -0.01556150
   -0.03006886
    0.01751658
    0.04074664
    0.03455017
    0.00548166
   -0.03067662
    0.48652077
   -0.20679046
   -0.20410594
   -0.20640629
   -0.02608611
   -0.02571725
   -0.01924834
   -0.03197546
   -0.14201882
    0.28065665
   -0.01798726
   -0.04744079
   -0.04366730
   -0.02376500
    0.07097429
   -0.40613158
    0.09358880
    0.34976761
   -0.35941457
   -0.38515519
   -0.15303962
    0.28231939
   -0.01251610
   -0.04617595
   -0.04486720
   -0.02648940
    0.07126926
   -0.42191619
    0.06780315
    0.05760791
    0.05775457
    0.04970746
    0.08795865
    0.09707068
    0.06734397
    0.05668962
    0.06219335
    0.07120012
    0.05524935
    0.04770625
    0.05957151
    0.08816483
    0.34463030
    0.03899457
    0.04432859
    0.05610913
