           1           2  0.95150008004092312     
           2           3  0.94502337245028956     
           2           4  0.95030155700275398     
           2           5  0.92965130240328264     
           1           6   1.3944933380473532     
           6           7   1.4584319116681561     
           1           8  0.10234960855032627     
           7           8   1.4188088336199880     
           6           9  0.11156584684303110     
           8           9   1.4646031028692865     
           1          10   1.4014950089828913     
           7          10  0.10854918029493495     
           9          10   1.3905609618565729     
          10          11  0.98913730201979833     
          11          12  0.95693739672437339     
          12          13  0.99089574917608136     
          13          14   1.3753331140642460     
          14          15  0.94757435636716736     
          15          16  0.94740919272702229     
          15          17  0.94602263436327616     
          15          18  0.94552203134395629     
          14          19   1.4243549784077980     
          13          20  0.10780091724424710     
          19          20   1.4344790033923800     
          14          21  0.10740711181058780     
          20          21   1.4429686506793853     
          13          22   1.4192491737515645     
          19          22  0.10738547113605929     
          21          22   1.4351807458731698     
          12          23  0.95831751309036517     
          23          24   1.1098807119674214     
          24          25   1.0504316491402499     
          25          26   1.5177217534207854     
          26          27   1.3129720504755511     
          25          28  0.10312349054302142     
          27          28   1.5831605915540106     
          25          29   1.1628458688341128     
          26          29  0.10233198190339524     
          28          29   1.2441011407030866     
          23          30  0.15511799632925916     
          24          30   1.7040149092398429     
          23          31  0.99707065067978318     
          31          32  0.92009563469863331     
          32          33   1.1538189748395202     
          32          34   1.7757516598364385     
          33          34  0.17846702987998950     
          11          35  0.97476237907598795     
          31          35  0.97148046106775632     
          35          36   1.1370876961921634     
          36          37   1.0430780283850702     
          37          38   1.5312233390228940     
          38          39   1.3078258835957777     
          37          40  0.10437919770484294     
          39          40   1.5871604876059866     
          37          41   1.1655953000999590     
          40          41   1.2398252718629221     
          35          42  0.15966597585298103     
          36          42   1.6790242295377988     
           6          43  0.96525701528838237     
           7          44  0.96858629043239408     
           8          45  0.96834918629883038     
           9          46  0.96686785286785604     
          11          47  0.93139497141847571     
          12          48  0.93949365591003753     
          19          49  0.96514591739734645     
          20          50  0.96862613490373473     
          21          51  0.96816187019359279     
          22          52  0.95754551084816752     
          26          53  0.95834491756669848     
          27          54  0.96473425890547870     
          28          55  0.96950556562007728     
          31          56  0.92107009485118518     
          33          57  0.85455981908788670     
          38          58  0.96031415885733373     
          39          59  0.96526822980933358     
          40          60  0.96997901491200755     
