    0.14344810
   -0.27989926
    0.03711206
   -0.06544825
   -0.03170334
   -0.04069188
   -0.02995211
   -0.01643410
    0.04208832
    0.05237355
   -0.00662945
   -0.02960878
   -0.03975125
   -0.03146930
   -0.06485373
    0.14279070
   -0.27291796
    0.03819540
   -0.11846718
    0.27178255
    0.08614720
   -0.04175879
   -0.05724595
    0.07905396
   -0.19428590
   -0.41665215
    0.07603823
    0.36108994
   -0.37778333
   -0.37496873
   -0.08308384
    0.25825706
    0.08624026
   -0.04374954
   -0.05860572
    0.07975585
   -0.17415333
   -0.47476269
    0.04654544
    0.08002437
    0.03867265
    0.04365859
    0.03977079
    0.03779564
    0.03779621
    0.06053351
    0.07690278
    0.03890519
    0.03830190
    0.03845139
    0.03986071
    0.04772984
    0.06116339
    0.03892258
    0.06758415
    0.05045466
    0.05600798
    0.07843544
    0.36959554
    0.06840398
    0.05448450
    0.06050215
