           1           2   1.0667592781872519     
           2           3  0.97480322068510061     
           1           4   1.3732777474961828     
           4           5   1.4406619976627106     
           5           6   1.4381290733650420     
           4           7  0.10249611736217402     
           6           7   1.4304142065843277     
           1           8   1.3258614892277194     
           5           8  0.10566175408625517     
           7           8   1.4298764624085285     
           8           9  0.99210243433037393     
           9          10  0.94673809882308646     
          10          11  0.99523132102151990     
          11          12   1.4385672651960586     
          12          13   1.4246957425828259     
          11          14  0.10648491205139907     
          13          14   1.4442216875225367     
          12          15  0.10198751908211430     
          14          15   1.4337795548802783     
          11          16   1.3225070066072080     
          15          16   1.3818454491020506     
          16          17   1.0603265255041854     
          17          18  0.98324882001200054     
          10          19  0.95952903736035522     
          19          20   1.1617157385485100     
          20          21   1.0295168995897128     
          21          22   1.5273073795758971     
          22          23   1.3188932655073953     
          21          24  0.13862722760657026     
          23          24   1.5856232410068776     
          21          25   1.0978676882607992     
          24          25   1.1417241161271927     
          19          26  0.17200449213758989     
          20          26   1.6675203485059340     
          19          27   1.0008544866228324     
          27          28  0.88092316215217092     
          28          29   1.2110783792437581     
          28          30   1.7719875464871517     
          29          30  0.17965817649734103     
           9          31  0.96094500003403294     
          27          31  0.96892287974624558     
          31          32   1.2753016054691571     
          32          33   1.0456464980622837     
          33          34   1.5108210409568961     
          34          35   1.3300004082296701     
          33          36  0.13588718418314055     
          35          36   1.5727419368775848     
          33          37   1.1024139082825488     
          36          37   1.1574269723945108     
          31          38  0.18011317331667964     
          32          38   1.5263994598040336     
           3          39  0.97692271998513469     
           3          40  0.97482519434326831     
           3          41  0.97710800757937433     
           4          42  0.96497156028599296     
           5          43  0.97076619095850836     
           6          44  0.97063196203666668     
           7          45  0.96775013567518320     
           9          46  0.94973792584298011     
          10          47  0.94762730243206850     
          12          48  0.96784961376357947     
          13          49  0.97076070066338649     
          14          50  0.97097295201014999     
          15          51  0.96556055178809008     
          18          52  0.97618026288224402     
          18          53  0.97960470142033162     
          18          54  0.97633898693042442     
          22          55  0.97165830316472024     
          23          56  0.97360962401529139     
          24          57  0.96540807331656076     
          27          58  0.93599308898871492     
          29          59  0.74443242026664924     
          34          60  0.97170426626984985     
          35          61  0.97331173247373737     
          36          62  0.96472222423091158     
