   -0.03143451
   -0.03553718
    0.01325756
   -0.03466628
   -0.02832168
   -0.02805414
   -0.03268200
    0.01588133
   -0.02802827
   -0.01377170
    0.27333708
   -0.11798864
    0.08406446
    0.35832698
   -0.36012220
   -0.36237205
   -0.11902885
    0.26883545
   -0.01296014
   -0.03467057
    0.01516958
   -0.03401770
   -0.02703428
   -0.02701850
   -0.03315172
    0.01529496
   -0.03233771
   -0.02550248
   -0.46150015
    0.04279926
    0.04449819
   -0.06944104
   -0.06417391
   -0.06343404
   -0.06600941
   -0.42612739
    0.02829868
    0.03631466
    0.03312190
    0.03343790
    0.03475829
    0.03923922
    0.05046395
    0.07871211
    0.36034785
    0.03501314
    0.03681270
    0.03710389
    0.03678597
    0.03719046
    0.04245532
    0.04225264
    0.05599251
    0.04358409
    0.04667681
    0.05697076
    0.04749165
    0.04396358
    0.04227939
    0.04682058
    0.04452734
    0.04730633
