           1           2   1.5615344321486573     
           2           3   1.2763054291026490     
           3           4   1.2812968603747459     
           4           5   1.5566325453290382     
           5           6   1.3205748668905224     
           4           7  0.11833546744898206     
           6           7   1.5581811527744063     
           3           8   1.2509597577408704     
           7           8   1.2779731806994812     
           2           9  0.11514921768383045     
           8           9   1.2813231211541118     
           1          10   1.2850270539708253     
           9          10   1.5211474382923871     
          10          11  0.96353872137806063     
          11          12   1.2044227591895349     
          12          13  0.98716582417620535     
          13          14  0.89423427786522502     
          14          15   1.1886026992124472     
          14          16   1.7876791473760785     
          15          16  0.17925235545374713     
          13          17  0.96424453656212339     
          17          18   1.2584062263852926     
          18          19  0.97194017939737165     
          19          20   1.5105884078791731     
          20          21   1.2816532414828845     
          21          22   1.2776025010524661     
          22          23   1.5582584935765857     
          23          24   1.3201163405691456     
          22          25  0.11829197431509740     
          24          25   1.5571728580915798     
          21          26   1.2496153004179364     
          25          26   1.2808202311900183     
          20          27  0.11501910141020041     
          26          27   1.2781623249680323     
          19          28   1.2885760665548298     
          27          28   1.5596349356744095     
          17          29  0.18820409444971509     
          18          29   1.6093532935828885     
          17          30  0.96251383760089615     
          12          31  0.97123196802570078     
          30          31  0.97445790712445501     
          31          32  0.99074337942116886     
          32          33  0.99881229549813688     
          33          34   1.0105594005002794     
          30          35  0.99541041282274512     
          34          35  0.99725935773247998     
          11          36   1.6895968743593679     
          12          36  0.19045547642261459     
           1          37  0.96943177495399924     
           2          38  0.96729942658387880     
           4          39  0.96832571599375705     
           5          40  0.97093536372860501     
           6          41  0.97076090481366717     
           7          42  0.96796287455349495     
           9          43  0.96598990026643339     
          13          44  0.94232473052082155     
          15          45  0.80140013834581447     
          20          46  0.96684879365722098     
          22          47  0.96806201663266467     
          23          48  0.97062359308698154     
          24          49  0.97069745771345872     
          25          50  0.96807149028838890     
          27          51  0.96679721971670984     
          28          52  0.96933130466626749     
          30          53  0.95229593800991885     
          31          54  0.95464604952243715     
          32          55  0.97655360558636273     
          32          56  0.97573889568601091     
          33          57  0.97772536904607621     
          33          58  0.97862447552976861     
          34          59  0.97875134812029918     
          34          60  0.97785247878200265     
          35          61  0.97561483885801137     
          35          62  0.97471273123731372     
