   -0.03458128
   -0.03022375
   -0.02926155
   -0.03263305
    0.01222102
    0.01589423
   -0.03611423
   -0.02760043
   -0.03300288
    0.00806922
    0.04807752
    0.05132375
    0.00865502
   -0.03169752
   -0.02912872
   -0.03542635
    0.01669391
    0.01340513
   -0.03138603
   -0.02778604
   -0.02871286
   -0.03415915
   -0.13606677
    0.26697522
    0.07251590
   -0.07170994
   -0.02537549
   -0.10726214
    0.11002267
   -0.11732911
   -0.17322971
   -0.40063228
    0.08982290
    0.35675325
   -0.36819968
   -0.38166038
   -0.10821793
    0.26061556
    0.07214562
   -0.05506797
   -0.02141567
   -0.10866190
    0.11211896
   -0.11774915
   -0.22059056
   -0.42740948
    0.03314906
    0.03076945
    0.02922444
    0.02559077
    0.03394923
    0.03580505
    0.05200805
    0.05739188
    0.05536034
    0.02863156
    0.03415236
    0.03580359
    0.03052974
    0.03228137
    0.03278183
    0.03434132
    0.03499405
    0.04855209
    0.04970186
    0.04457795
    0.05682989
    0.06811878
    0.06266310
    0.07609309
    0.34295158
    0.06376164
    0.04796275
    0.05488316
    0.04805539
    0.06028482
    0.06147839
    0.06430359
