           1           2   1.5571759988611085     
           2           3   1.3216641814226635     
           1           4  0.11814774453754270     
           3           4   1.5549992707594091     
           4           5   1.2822847405884878     
           1           6   1.2793444093481976     
           5           6   1.2525775322288617     
           6           7   1.2793980470372341     
           7           8   1.5532814134943793     
           8           9   1.3261028207233050     
           5          10   1.2514123489446907     
           7          10  0.11418663089135980     
           9          10   1.5238835745365304     
          10          11  0.99117772829601569     
          11          12  0.94688611385362231     
          12          13  0.99411096166246449     
          13          14   1.5211909588031922     
          14          15   1.3283156212974112     
          13          16  0.11450761476050997     
          15          16   1.5512364879326472     
          16          17   1.2805261514822737     
          13          18   1.2527405160490759     
          17          18   1.2523840708891008     
          18          19   1.2816692142107609     
          19          20   1.5555104519887091     
          20          21   1.3213298139189549     
          17          22   1.2786222310336484     
          19          22  0.11842827122483053     
          21          22   1.5577942816262438     
          12          23  0.95715618310307893     
          23          24   1.1577104274093757     
          24          25   1.0081239522592043     
          25          26   1.5173948760375124     
          26          27   1.3012374532752773     
          27          28   1.0306113210493215     
          25          29  0.13329248450281411     
          27          29   1.5088089694414595     
          29          30   1.0297776421022735     
          25          31   1.1119509238724636     
          29          31   1.1331885101268724     
          23          32  0.17494045629247301     
          24          32   1.6963381538036479     
          23          33  0.97171785292338786     
          33          34  0.90611387086954498     
          34          35   1.1479897823455809     
          34          36   1.7829183604398513     
          35          36  0.17811919616023408     
          11          37  0.95658445301850126     
          33          37  0.99819161711328830     
          37          38   1.1865771819016939     
          38          39   1.0355187631979283     
          39          40   1.5213747173313965     
          40          41   1.3002837233713900     
          41          42   1.0305761431155920     
          39          43  0.13330394581303184     
          41          43   1.5159176307176565     
          43          44   1.0302460237606743     
          39          45   1.0799506632213458     
          43          45   1.1106357841110892     
          37          46  0.18429695071825811     
          38          46   1.6459451846126019     
           1          47  0.96807983956051546     
           2          48  0.97085790869624922     
           3          49  0.97114693322827939     
           4          50  0.96133397131015763     
           7          51  0.96797375979937006     
           8          52  0.97032229625533417     
           9          53  0.96235307164606210     
          11          54  0.94601378536276837     
          12          55  0.94652720043669536     
          14          56  0.96779276655069113     
          15          57  0.97043197752034926     
          16          58  0.96795480906349030     
          19          59  0.96139744125973303     
          20          60  0.97096087676482412     
          21          61  0.97073402435265277     
          22          62  0.96801990493096735     
          26          63  0.97105384137038731     
          28          64  0.98387889219525038     
          28          65  0.96966342965145025     
          28          66  0.97891953061871606     
          30          67  0.96972076943859942     
          30          68  0.98187749221425025     
          30          69  0.96777187717776769     
          33          70  0.94023213317412457     
          35          71  0.85564261988720824     
          40          72  0.97102927445074361     
          42          73  0.97108905796754597     
          42          74  0.98481868267898998     
          42          75  0.97564015217697597     
          44          76  0.96523325358644763     
          44          77  0.97257529162413114     
          44          78  0.98106345723382793     
