   -0.03695577
    0.48328432
   -0.19690127
   -0.21733176
   -0.21115785
   -0.02438812
   -0.02360792
   -0.01810698
   -0.03426053
    0.00474391
    0.03700629
    0.04942683
    0.02008382
   -0.02839387
    0.48734928
   -0.21397692
   -0.20229817
   -0.21633780
   -0.02220882
   -0.01988191
   -0.01340366
   -0.01794336
   -0.12079452
    0.27436614
   -0.01971324
   -0.01823268
   -0.03857959
    0.10126514
   -0.16683036
   -0.03467454
   -0.02670405
   -0.41410975
    0.09307371
    0.36936012
   -0.35344894
   -0.41261931
   -0.10404507
    0.27397603
   -0.01635670
   -0.02112730
   -0.03919444
    0.10112483
   -0.15908872
   -0.03548248
   -0.02651765
   -0.41562293
    0.06969577
    0.06131235
    0.06396782
    0.08349605
    0.07041001
    0.07153905
    0.06907127
    0.06081161
    0.06208170
    0.05832710
    0.06305395
    0.06515222
    0.06744901
    0.06460045
    0.08150597
    0.34918641
    0.06150756
    0.06573148
    0.07344964
    0.06288718
