           1           2  0.95001063556306786     
           2           3  0.95892630696305547     
           2           4  0.93408545798231668     
           2           5  0.93897065760406551     
           1           6   1.4096790062208535     
           6           7   1.4447856712645262     
           1           8  0.10395764773291806     
           7           8   1.4313896229192000     
           6           9  0.10923773886481948     
           8           9   1.4479012335238926     
           1          10   1.3859591761896259     
           7          10  0.10755709256459783     
           9          10   1.4083420724051305     
          10          11  0.99049021445158858     
          11          12  0.94944649173366691     
          12          13  0.99121374480488433     
          13          14   1.3869817965955473     
          14          15  0.95177167368192050     
          15          16  0.93586686140775022     
          15          17  0.95390380596838287     
          15          18  0.93720743292970710     
          14          19   1.4088351070533542     
          13          20  0.10804637412473665     
          19          20   1.4454691124982837     
          14          21  0.10541229597472379     
          20          21   1.4323503274192051     
          13          22   1.4090256067261655     
          19          22  0.10877698633087618     
          21          22   1.4479978483861620     
          12          23  0.96174848853989536     
          23          24   1.1849495411635562     
          24          25  0.97410035060229494     
          25          26   1.3950632049772953     
          26          27   1.4477196973149176     
          27          28   1.3999956895143773     
          28          29  0.98116096451611845     
          26          30  0.10729653714010748     
          28          30   1.4001355493460967     
          25          31   1.3974588993368864     
          27          31  0.10746707491534616     
          30          31   1.4476261693176908     
          23          32  0.18323496980830800     
          24          32   1.7003441243688902     
          23          33  0.98667320797059954     
          33          34  0.90546743267896490     
          34          35   1.1667378392561116     
          34          36   1.7338508292741870     
          35          36  0.17069724732267508     
          11          37  0.96605049711735302     
          33          37  0.97428484413490213     
          37          38   1.2196964562358692     
          38          39  0.97916769363067657     
          39          40   1.3918493394749472     
          40          41   1.4524411653233482     
          41          42   1.3953062891339980     
          42          43  0.98657138739634265     
          40          44  0.10732602001587310     
          42          44   1.4017126234096624     
          39          45   1.3976676621843853     
          41          45  0.10630735335226218     
          44          45   1.4454061347179850     
          37          46  0.18466013154671052     
          38          46   1.6529973220811220     
           6          47  0.96504567712519240     
           7          48  0.96816194063948324     
           8          49  0.96785175606106433     
           9          50  0.95433449920211921     
          11          51  0.95190799773730350     
          12          52  0.94863092395924908     
          19          53  0.96529744412515206     
          20          54  0.96823625233638388     
          21          55  0.96795372460659790     
          22          56  0.96475807226723620     
          26          57  0.96655895145401116     
          27          58  0.96581469836559330     
          30          59  0.96562439523535648     
          31          60  0.96458285881542838     
          33          61  0.94299929759119649     
          35          62  0.85199320343954588     
          40          63  0.96633615711996146     
          41          64  0.96577415856554727     
          44          65  0.96466813019530395     
          45          66  0.96597351619691096     
