   -0.40684867
    0.27370734
   -0.05221582
    0.07307920
   -0.16251842
    0.06976528
   -0.06242306
   -0.10977908
    0.08724794
    0.34928320
   -0.37037495
   -0.37809961
   -0.12012678
    0.27281503
   -0.04962053
    0.06830451
   -0.15754863
    0.06789491
   -0.05565034
   -0.40347363
    0.04573899
    0.01334703
   -0.02817147
   -0.02467095
   -0.02820064
   -0.02670713
   -0.03042699
    0.04467064
    0.01220874
   -0.02916928
   -0.02571121
   -0.02827277
   -0.02564985
   -0.03283100
    0.06281745
    0.06018352
    0.04396064
    0.06473543
    0.34563234
    0.05188250
    0.05948835
    0.05542646
    0.06234216
    0.03792259
    0.03984574
    0.03759792
    0.03605837
    0.02677086
    0.05554740
    0.03278743
    0.03696454
    0.03573688
    0.03698839
    0.04773905
