           1           2   1.7028631487602339     
           2           3  0.96561912954440554     
           3           4   1.5686979623773041     
           4           5   1.1483703767008226     
           4           6  0.14560211892703662     
           5           6   1.1396845284880286     
           3           7   1.2553687215376261     
           6           7   1.6148487572878323     
           1           8  0.19502536496573888     
           2           8   1.2048021476368864     
           8           9  0.98936479241375530     
           9          10  0.90706367838081292     
          10          11   1.1492068628340739     
          10          12   1.7826107399253477     
          11          12  0.18124817148612768     
           9          13  0.98348257096804392     
          13          14   1.1840148187229520     
          14          15  0.98279486274152850     
          15          16   1.5562948694712784     
          16          17   1.1535135535514602     
          16          18  0.14689082868844064     
          17          18   1.1386146944291422     
          15          19   1.2580498057372609     
          18          19   1.6168923977889123     
          13          20  0.18586175009732558     
          14          20   1.7055085978806948     
          13          21  0.95375395640785920     
          21          22  0.98976509784652911     
          22          23   1.4143385477860630     
          23          24   1.4429965023203823     
          22          25  0.10946529466218867     
          24          25   1.4404333664296018     
          23          26  0.11091678061169907     
          25          26   1.4366440635528448     
          22          27   1.4104118120152491     
          24          27  0.11152591469657816     
          26          27   1.4471774189787989     
           8          28  0.95217920020143920     
          21          28  0.95413179816298344     
          28          29  0.98907719098939728     
          29          30   1.4155674411958905     
          30          31   1.4416474632586382     
          29          32  0.10921361450677065     
          31          32   1.4410823363780025     
          30          33  0.11054465721551035     
          32          33   1.4363479191424473     
          29          34   1.4096496864147028     
          31          34  0.11217113052215576     
          33          34   1.4476031499081983     
           4          35  0.96564897126268134     
           6          36  0.96536158731027499     
           7          37  0.97384060334496081     
           9          38  0.94431270284212565     
          11          39  0.85390085214264322     
          16          40  0.96521428159599298     
          18          41  0.96550284400309327     
          19          42  0.97356236907399918     
          21          43  0.95200599036416844     
          23          44  0.96843902490773337     
          24          45  0.97048274534756152     
          25          46  0.97108085686649537     
          26          47  0.97083187191150944     
          27          48  0.96920132391908820     
          28          49  0.95328181183758898     
          30          50  0.96851105832118867     
          31          51  0.97070149481383128     
          32          52  0.97115704887315712     
          33          53  0.97079872022092606     
          34          54  0.96400541703739573     
