    0.13940161
   -0.27971411
    0.03648242
   -0.06732170
   -0.03133154
   -0.03869997
   -0.02875650
   -0.01697558
    0.04361014
    0.03186664
   -0.02143843
   -0.03258115
   -0.04015090
   -0.03151468
   -0.06497329
    0.13867386
   -0.27615156
    0.03885971
   -0.11338204
    0.27787568
   -0.06837411
    0.12034772
   -0.12161781
   -0.19611781
    0.04644195
   -0.00832647
   -0.11076495
   -0.44286313
    0.09016139
    0.36100073
   -0.36400608
   -0.39702130
   -0.10644746
    0.27523921
   -0.07382828
    0.11988402
   -0.11651772
   -0.19194547
    0.05059377
   -0.01814011
   -0.10722951
   -0.43141590
    0.07766223
    0.04062101
    0.03628835
    0.03842526
    0.03834937
    0.04204412
    0.05577476
    0.06838745
    0.07975314
    0.04256403
    0.03943269
    0.04021304
    0.04110125
    0.06051484
    0.04822873
    0.04182579
    0.06319876
    0.06516355
    0.07340174
    0.04439214
    0.06927755
    0.04781054
    0.04257291
    0.10268265
    0.33815669
    0.06676481
    0.06186301
    0.05924417
    0.04956593
    0.04461910
    0.04639367
    0.06087541
