           1           2   1.0489217326503713     
           2           3  0.98050835511221202     
           1           4   1.3817873881469445     
           4           5   1.4353728586861545     
           5           6   1.4431547365522590     
           4           7  0.10353257282036372     
           6           7   1.4285889731956942     
           1           8   1.3307159569734144     
           5           8  0.10709295394729651     
           7           8   1.4332217413417461     
           8           9  0.99049385079333185     
           9          10  0.95293978427013570     
          10          11  0.99308573853030213     
          11          12   1.4334828473065500     
          12          13   1.4273413096010239     
          11          14  0.10653397219486095     
          13          14   1.4391139882890500     
          12          15  0.10239425548450670     
          14          15   1.4367009625547249     
          11          16   1.3269009044906266     
          15          16   1.3800274497882867     
          16          17   1.0584084970206356     
          17          18  0.98093586363257157     
          10          19  0.96239883827004691     
          19          20   1.1944815361198617     
          20          21   1.0014729879373219     
          21          22   1.5225024290823952     
          22          23   1.0316455336469592     
          22          24   1.1296638008144941     
          22          25  0.13375816772231219     
          24          25   1.1009749009895000     
          21          26   1.2152048669740934     
          25          26   1.6034395108631718     
          26          27   1.0337883327437150     
          19          28  0.18085013842801478     
          20          28   1.6634287732937145     
          19          29  0.98801526904460613     
          29          30  0.91793870717391446     
          30          31   1.1482190306932392     
          30          32   1.7628515383699643     
          31          32  0.17396043512608422     
           9          33  0.95564239431192710     
          29          33  0.99359581984364176     
          33          34   1.2093319488705232     
          34          35  0.97322975992041549     
          35          36   1.5454649453160889     
          36          37   1.0301702116499953     
          36          38   1.1243884195088854     
          36          39  0.13592159474458462     
          38          39   1.1123247510065564     
          35          40   1.2164381414755190     
          39          40   1.5956054987377806     
          40          41   1.0305156226107774     
          33          42  0.18953255997483215     
          34          42   1.6826626838496883     
           3          43  0.97169972602537036     
           3          44  0.97673199385634168     
           3          45  0.97627479592314215     
           4          46  0.96503475532459393     
           5          47  0.97078537490801331     
           6          48  0.97019320648215090     
           7          49  0.96508318158018747     
           9          50  0.95223365240360880     
          10          51  0.94690542670450784     
          12          52  0.96601901991400307     
          13          53  0.97010509952349744     
          14          54  0.97080335928594697     
          15          55  0.96517393831039622     
          18          56  0.97936974941380073     
          18          57  0.97618625452800911     
          18          58  0.97631341326576904     
          23          59  0.97211496671829745     
          23          60  0.96004606934542447     
          23          61  0.97541277311623331     
          25          62  0.96653366709672517     
          27          63  0.97395979988471704     
          27          64  0.96436528023015233     
          27          65  0.98358612610097662     
          29          66  0.91005795578150095     
          31          67  0.85962739178993219     
          37          68  0.96690135148763612     
          37          69  0.98253707795175793     
          37          70  0.97076617610099192     
          39          71  0.96582391534990342     
          41          72  0.97937723273515231     
          41          73  0.98187016213873735     
          41          74  0.96189616981402504     
