    0.14832262
   -0.27861539
    0.04170193
   -0.06213014
   -0.03030105
   -0.03856737
   -0.03606773
   -0.00345467
    0.04885869
    0.04496799
   -0.00829686
   -0.03308393
   -0.04079355
   -0.03110158
   -0.06371060
    0.14765468
   -0.26576318
    0.03786026
   -0.12625864
    0.27024401
   -0.02550766
   -0.02782017
   -0.02916976
   -0.02901270
    0.01791968
    0.02634332
   -0.10663712
   -0.10682077
   -0.10856439
   -0.03818588
   -0.42106703
    0.09258249
    0.35706614
   -0.35860021
   -0.39564970
   -0.11602189
    0.27716944
   -0.02617806
   -0.03406561
    0.01231124
    0.02563852
   -0.10702118
   -0.10589881
   -0.10897826
   -0.02911009
   -0.02502987
   -0.03066170
   -0.41577751
    0.05578917
    0.04603553
    0.03844677
    0.03736797
    0.03603480
    0.03633635
    0.05773461
    0.05782679
    0.07437464
    0.03080192
    0.03546014
    0.03722821
    0.04041906
    0.03926942
    0.04736003
    0.06277951
    0.03963817
    0.03483910
    0.03793288
    0.03338539
    0.03846117
    0.03602824
    0.03550689
    0.03752168
    0.03935322
    0.04376141
    0.03837329
    0.03840907
    0.03504215
    0.05577018
    0.34239115
    0.05136336
    0.03721420
    0.03759040
    0.03983538
    0.03950628
    0.03972217
    0.03127370
    0.04190207
    0.03890042
    0.03217407
    0.03811536
    0.03735433
    0.03065139
