           1           2   1.0542446112112351     
           2           3  0.98437746075154386     
           1           4   1.3954684767958245     
           4           5   1.4234303779235671     
           5           6   1.4540074802803797     
           4           7  0.10004301493177617     
           6           7   1.4141272989973774     
           1           8   1.3130288969587116     
           5           8  0.10672197508236535     
           7           8   1.4479980638138485     
           8           9  0.99846847310811437     
           9          10  0.96372914876414251     
          10          11  0.99498331351341929     
          11          12   1.4348571871221840     
          12          13   1.4280025076410958     
          11          14  0.10613666386240135     
          13          14   1.4406677546799991     
          12          15  0.10185231267778938     
          14          15   1.4374875843592376     
          11          16   1.3248124644636126     
          15          16   1.3792387361530156     
          16          17   1.0634119568278051     
          17          18  0.98166427810254853     
          10          19  0.94729938005846726     
          19          20   1.2005165848700077     
          20          21  0.97140161872812969     
          21          22   1.4044397229948886     
          22          23   1.4352625280036519     
          21          24  0.10677401903305203     
          23          24   1.4515444307161216     
          22          25  0.10666666036182974     
          24          25   1.3973816011830644     
          25          26  0.98412251366809356     
          26          27  0.99993310043317973     
          26          28  0.98785891967291495     
          26          29  0.98549338857552060     
          21          30   1.3914405995783750     
          23          30  0.10550196596016968     
          25          30   1.4285950186973364     
          19          31  0.18772285421570589     
          20          31   1.6906817808173682     
          19          32  0.96939655667525360     
          32          33  0.92325168358579757     
          33          34   1.1528824155695920     
          33          35   1.7656398847055044     
          34          35  0.17791273569030330     
           9          36  0.94552265639742761     
          32          36  0.98700581829608736     
          36          37   1.1936244147510111     
          37          38  0.96869089720226487     
          38          39   1.3933325716117304     
          39          40   1.4266261173419221     
          40          41  0.98389106513479785     
          41          42  0.98666289317751099     
          41          43  0.98692778392732361     
          41          44   1.0000428295813939     
          38          45  0.10539933464435070     
          40          45   1.4003862450246984     
          39          46  0.10433732836315725     
          45          46   1.4467903021089537     
          38          47   1.3951486001841056     
          40          47  0.10675175554938360     
          46          47   1.4403272979525599     
          36          48  0.18265165995350591     
          37          48   1.6959523577214197     
           3          49  0.98008026538152138     
           3          50  0.97715898827154535     
           3          51  0.97631256437889025     
           4          52  0.96569257676453613     
           5          53  0.97109033594708782     
           6          54  0.97093347596495594     
           7          55  0.95965014440993879     
           9          56  0.94101883625987104     
          10          57  0.94859842683554507     
          12          58  0.96687969877367164     
          13          59  0.97096725329811728     
          14          60  0.97103395647980961     
          15          61  0.96539097449404032     
          18          62  0.97625128352002744     
          18          63  0.97684947315801640     
          18          64  0.97932230597490921     
          22          65  0.96944109512712640     
          23          66  0.97002781287591211     
          24          67  0.96527518857059158     
          27          68  0.98483434217185439     
          27          69  0.98425052195256912     
          27          70  0.98438250978579256     
          28          71  0.98668259006188574     
          28          72  0.98343590299972483     
          28          73  0.98451589309477128     
          29          74  0.98599650370688663     
          29          75  0.98371916492924316     
          29          76  0.98426816695974662     
          30          77  0.96249352391013987     
          32          78  0.94351832786099088     
          34          79  0.85697553608436383     
          39          80  0.96280125243443881     
          42          81  0.98659063922850043     
          42          82  0.98360068285403468     
          42          83  0.98426998153017431     
          43          84  0.98335528834350239     
          43          85  0.98431973090940317     
          43          86  0.98698643361776495     
          44          87  0.98397806989234593     
          44          88  0.98424207871307590     
          44          89  0.98499725840289076     
          45          90  0.96515567294904991     
          46          91  0.96971310102435626     
          47          92  0.96934708122707369     
