   -0.41355063
    0.27458572
   -0.03749309
   -0.02002101
    0.01406673
   -0.02259146
   -0.04921133
   -0.11754198
    0.08800071
    0.35233371
   -0.35079616
   -0.39333130
   -0.11969931
    0.27248999
   -0.03494904
   -0.03324372
    0.01362449
   -0.02377141
   -0.03700505
   -0.41496590
    0.03653546
    0.00415701
   -0.03629956
   -0.02677527
   -0.03065827
   -0.02850056
   -0.03305913
    0.04042167
    0.00772183
   -0.02891523
   -0.02657317
   -0.02795243
   -0.02533948
   -0.02807657
    0.05483827
    0.05472671
    0.03763997
    0.07347657
    0.34545099
    0.07094247
    0.05366972
    0.05766303
    0.08802974
    0.03543672
    0.03860117
    0.03690748
    0.03725811
    0.03130362
    0.06583744
    0.02475968
    0.03560703
    0.03678524
    0.03885989
    0.03858988
