           1           2   1.7003875729538693     
           2           3  0.96324289035162869     
           3           4   1.5911993556000594     
           4           5   1.2071450390557374     
           4           6  0.11014995375560598     
           5           6   1.2002189740947520     
           3           7   1.2328544698543977     
           6           7   1.6371784066660062     
           1           8  0.18843218164992198     
           2           8   1.1986465755917401     
           8           9  0.98583178671254579     
           9          10  0.90665831692377541     
          10          11   1.1715538111303048     
          10          12   1.7644700916364335     
          11          12  0.18319012892418907     
           9          13  0.99067554884672149     
          13          14   1.1676957590588182     
          14          15  0.99888190107139585     
          15          16   1.5574985110157336     
          16          17   1.2240306799480933     
          16          18  0.10795914402509033     
          17          18   1.1888359475790629     
          15          19   1.2287426308512290     
          18          19   1.6503510467157858     
          13          20  0.17855087282618884     
          14          20   1.6886118105664256     
          13          21  0.96588510482405998     
          21          22  0.98847555800307330     
          22          23   1.4046163663584899     
          23          24   1.4512700314287947     
          22          25  0.10957624635584240     
          24          25   1.4327292222711825     
          23          26  0.11238530462637882     
          25          26   1.4446697785957581     
          22          27   1.4194470672789707     
          24          27  0.11006497235671732     
          26          27   1.4370548828186882     
           8          28  0.95347755195654260     
          21          28  0.95335388375587271     
          28          29  0.98903547313802742     
          29          30   1.4095078787012492     
          30          31   1.4487190751974373     
          29          32  0.10955762540319611     
          31          32   1.4354576741237439     
          30          33  0.11199374227384294     
          32          33   1.4420049708667433     
          29          34   1.4169263120056870     
          31          34  0.11066377487033099     
          33          34   1.4409654705175468     
           4          35  0.97021426471126271     
           6          36  0.96979587561513547     
           7          37  0.96354077730610777     
           9          38  0.93301546081002718     
          11          39  0.85391357673099344     
          16          40  0.95976481659594759     
          18          41  0.96980524761743592     
          19          42  0.96254783721868009     
          21          43  0.93807377092719735     
          23          44  0.96789306791488061     
          24          45  0.97055183265776646     
          25          46  0.97103389838137733     
          26          47  0.97070800402402080     
          27          48  0.96653863831032893     
          28          49  0.95281297515073082     
          30          50  0.96924969066688782     
          31          51  0.97088386986165420     
          32          52  0.97111970476229781     
          33          53  0.97056339236297118     
          34          54  0.96785045664972946     
