    0.14557412
   -0.27230227
    0.03933380
   -0.06443705
   -0.03151741
   -0.03957827
   -0.03423950
   -0.00910783
    0.04843077
    0.03609155
   -0.02058935
   -0.03557607
   -0.04065171
   -0.03040466
   -0.06453518
    0.14094653
   -0.27394914
    0.03805563
   -0.10626771
    0.27383640
   -0.05125730
    0.08712636
   -0.19375729
    0.12376188
   -0.00966234
   -0.03077698
   -0.03389709
   -0.03415286
   -0.05133759
   -0.43610037
    0.09501833
    0.36393596
   -0.34888429
   -0.39092223
   -0.11152165
    0.27418589
   -0.05910657
    0.08291488
   -0.18970737
    0.12420091
   -0.01236290
   -0.03362283
   -0.03672514
   -0.03542560
   -0.05161117
   -0.41280787
    0.06075496
    0.04665474
    0.03725477
    0.03813159
    0.03689469
    0.03799788
    0.05313462
    0.07576051
    0.07795433
    0.04002322
    0.04131462
    0.04170739
    0.04115683
    0.04259843
    0.04401935
    0.06436808
    0.06031869
    0.05029453
    0.04187077
    0.04065714
    0.04681577
    0.07091341
    0.34579948
    0.05668108
    0.04504409
    0.04230296
    0.04258963
    0.05036898
