           1           2   1.0596577329907664     
           2           3  0.98404768863483738     
           1           4   1.3797456828772419     
           4           5   1.4359064867114113     
           5           6   1.4427909783029851     
           4           7  0.10296275701741296     
           6           7   1.4267121099785931     
           1           8   1.3265442151742193     
           5           8  0.10653960473810432     
           7           8   1.4369400153331131     
           8           9  0.99059735989474662     
           9          10  0.95174369186774743     
          10          11  0.99198484689204658     
          11          12   1.4360397482379810     
          12          13   1.4277744953202451     
          11          14  0.10628187916396319     
          13          14   1.4409977398319378     
          12          15  0.10223050874351966     
          14          15   1.4366232863069111     
          11          16   1.3228907629533027     
          15          16   1.3789227421367833     
          16          17   1.0628306570948998     
          17          18  0.98127524746628947     
          10          19  0.96058912806510610     
          19          20   1.2162684442600549     
          20          21  0.97659374079845840     
          21          22   1.6231718187404569     
          22          23   1.1171761158471516     
          23          24   1.0797447655612031     
          21          25   1.1622873348155134     
          24          25   1.2802571508637097     
          25          26   1.3353569964941203     
          26          27   1.4963954201186849     
          27          28   1.3845308104473053     
          24          29   1.3531494767097396     
          26          29  0.11594224770246066     
          28          29   1.4808693803506079     
          19          30  0.19174555096308121     
          20          30   1.6709852781875090     
          19          31  0.97888903775989866     
          31          32  0.90531776679058207     
          32          33   1.1747193076692142     
          32          34   1.7687164357547602     
          33          34  0.18449891738926655     
           9          35  0.95347389865094145     
          31          35  0.98891554034642526     
          35          36   1.2087943702741795     
          36          37  0.96428878739474355     
          37          38   1.6309712844471180     
          38          39   1.1131145966918217     
          39          40   1.0853799017351351     
          37          41   1.1629663507231935     
          40          41   1.2774445722048968     
          41          42   1.3357801711127184     
          42          43   1.4987106390546270     
          43          44   1.3834147870887761     
          40          45   1.3522234444234282     
          42          45  0.11638147773102524     
          44          45   1.4829804340757333     
          35          46  0.19499285777830611     
          36          46   1.6968613846844962     
           3          47  0.97961990178223246     
           3          48  0.97638753629774455     
           3          49  0.97632193995303740     
           4          50  0.96565332877342225     
           5          51  0.97106041396507270     
           6          52  0.97077559612021969     
           7          53  0.96192753897465988     
           9          54  0.94954843204230310     
          10          55  0.94183329243275038     
          12          56  0.96796394548275744     
          13          57  0.97049069574089175     
          14          58  0.97071066892362801     
          15          59  0.96537955838243361     
          18          60  0.97553075485898433     
          18          61  0.97623795355905640     
          18          62  0.97914354064230014     
          22          63  0.96460127959185571     
          26          64  0.96569847758477334     
          27          65  0.97054294321525614     
          28          66  0.97113934317292261     
          29          67  0.96738356993975061     
          31          68  0.94563332553029134     
          33          69  0.85325397082076870     
          38          70  0.96513611388290332     
          42          71  0.96725597374038608     
          43          72  0.97050522809197215     
          44          73  0.97100051720217573     
          45          74  0.96706685190729336     
