   -0.03265339
   -0.02693375
   -0.03062974
   -0.02794761
   -0.03726401
    0.00136065
    0.03872431
    0.03274509
   -0.00248946
   -0.03400520
   -0.02542701
   -0.02717952
   -0.02543724
   -0.02875194
   -0.11586553
    0.27518045
   -0.03472019
   -0.00503595
   -0.03080158
    0.03258066
    0.00074948
   -0.03669879
   -0.03367907
   -0.03123083
   -0.03640659
   -0.43436327
    0.09392887
    0.35787747
   -0.35387442
   -0.38998879
   -0.12505241
    0.27570352
   -0.04150939
   -0.01942785
   -0.02070875
    0.03063210
    0.00767169
   -0.02943038
   -0.03192313
   -0.02991422
   -0.03666090
   -0.41891039
    0.04005478
    0.04062658
    0.03726439
    0.03678881
    0.03030302
    0.08693533
    0.05913096
    0.02717066
    0.03938916
    0.04055415
    0.04009347
    0.02894311
    0.05462734
    0.04333371
    0.03705451
    0.04071602
    0.04519984
    0.09210007
    0.34309406
    0.07081600
    0.05293052
    0.03792775
    0.03935424
    0.04335853
