           1           2   1.4392795097475093     
           2           3   1.4428868386452760     
           1           4  0.11049276313822559     
           3           4   1.4347009583793522     
           2           5  0.11191763911532243     
           4           5   1.4482908673737462     
           1           6   1.4159668067909310     
           3           6  0.10936090689704785     
           5           6   1.4072194304079964     
           6           7  0.98800258203187863     
           7           8  0.94893419396575918     
           8           9  0.99059490831517127     
           9          10   1.4137311379656188     
          10          11   1.4416957450235706     
           9          12  0.10930288840665214     
          11          12   1.4408911393696837     
          10          13  0.10961222717100867     
          12          13   1.4348635094333750     
           9          14   1.4079057309296428     
          11          14  0.11151849090255946     
          13          14   1.4493229357926545     
           8          15  0.96235586152400221     
          15          16   1.2066008930072605     
          16          17  0.97179065469926251     
          17          18   1.6345423110760238     
          18          19   1.1671319622794363     
          19          20   1.1039660461677847     
          17          21   1.1551871420207374     
          20          21   1.2932369331978391     
          21          22   1.3326476076586795     
          22          23   1.4936323726098919     
          23          24   1.3833095561100439     
          20          25   1.3776224330252742     
          22          25  0.11099157821749683     
          24          25   1.4757759860118764     
          15          26  0.18813868819270316     
          16          26   1.6779189859866523     
          15          27  0.97983629851784093     
          27          28  0.91601399616346058     
          28          29   1.1625382062550547     
          28          30   1.7709647167857741     
          29          30  0.18137678439893726     
           7          31  0.97010802866350698     
          27          31  0.98758820570926065     
          31          32   1.1647414553793407     
          32          33  0.99989862841175703     
          33          34   1.6053366235802713     
          34          35   1.1848576928089087     
          35          36   1.1000485898859065     
          33          37   1.1510170655612577     
          36          37   1.2964702417151102     
          37          38   1.3369342023536246     
          38          39   1.4940675680871753     
          39          40   1.3847085247797470     
          36          41   1.3776568822441499     
          38          41  0.11231527257452671     
          40          41   1.4755127001636601     
          31          42  0.17645233381174752     
          32          42   1.6857177602024380     
           1          43  0.96671089404549770     
           2          44  0.97037966341414084     
           3          45  0.97097950471105543     
           4          46  0.97070360369346798     
           5          47  0.96636419567289633     
           7          48  0.93793315044331949     
           8          49  0.94642549830384382     
          10          50  0.96837374935395548     
          11          51  0.97046971355839673     
          12          52  0.97082688704870557     
          13          53  0.97051017280233909     
          14          54  0.96824166062389527     
          18          55  0.96892057959753841     
          22          56  0.96422852704307505     
          23          57  0.97070634425443758     
          24          58  0.96999931619151125     
          25          59  0.96815507271420453     
          27          60  0.92928292335714890     
          29          61  0.85613136374550503     
          34          62  0.96072625599952510     
          38          63  0.96453682605641089     
          39          64  0.97063932792954100     
          40          65  0.97004572662325017     
          41          66  0.96837250595662860     
