   -0.03388165
   -0.02895090
   -0.02810186
   -0.03251910
    0.01090281
    0.01571894
   -0.03589972
   -0.02824906
   -0.03319308
    0.00389208
    0.05184469
    0.03783784
   -0.00926801
   -0.03357475
   -0.02983398
   -0.03499713
    0.01556435
    0.00743103
   -0.03355471
   -0.02701313
   -0.02800064
   -0.03348723
   -0.11151960
    0.27606325
   -0.02338040
    0.01166529
   -0.01294031
   -0.10017593
   -0.10250539
   -0.03444268
   -0.02949667
   -0.03011457
   -0.02560333
   -0.42634854
    0.10176503
    0.36822739
   -0.36754971
   -0.37995081
   -0.12285294
    0.27371863
   -0.03099626
   -0.02692901
   -0.02674388
   -0.02495721
   -0.03110688
    0.01462925
   -0.01068580
   -0.10389127
   -0.10287450
   -0.42481576
    0.03462811
    0.03288944
    0.03106600
    0.02570421
    0.03517616
    0.03305166
    0.04323396
    0.05756303
    0.05633135
    0.03286402
    0.03869302
    0.03912915
    0.02478344
    0.03462770
    0.03663405
    0.03777934
    0.03564113
    0.03937759
    0.02549453
    0.04026069
    0.03938367
    0.03783438
    0.04657533
    0.04204427
    0.03618645
    0.03656149
    0.03412089
    0.05545492
    0.34309216
    0.02491574
    0.03762796
    0.03767385
    0.04297206
    0.02908657
    0.05519437
    0.03701029
    0.03521716
    0.03414677
    0.03040721
    0.04071168
