           1           2   1.5574357167490720     
           2           3   1.3219736085417630     
           1           4  0.11844816853616702     
           3           4   1.5547916604959759     
           4           5   1.2826614647443961     
           1           6   1.2792418442810651     
           5           6   1.2523741499718426     
           6           7   1.2797020669665691     
           7           8   1.5524636379901178     
           8           9   1.3266687354616282     
           5          10   1.2530574773270753     
           7          10  0.11454843802189338     
           9          10   1.5234271757917548     
          10          11  0.98802591092682956     
          11          12  0.94799560659715232     
          12          13  0.98761039480346047     
          13          14   1.5227703215459434     
          14          15   1.3274004046935983     
          13          16  0.11460871543347612     
          15          16   1.5519653203765844     
          16          17   1.2799800042225076     
          13          18   1.2523682640843756     
          17          18   1.2526195122440085     
          18          19   1.2827589049790766     
          19          20   1.5547968121156932     
          20          21   1.3218537736728817     
          17          22   1.2788561195351698     
          19          22  0.11851670347124878     
          21          22   1.5576893036568191     
          12          23  0.96298385430067890     
          23          24   1.2220664470600955     
          24          25  0.95496630924938153     
          25          26   1.3787649643565145     
          26          27  0.99816379997884708     
          27          28   1.0033190638851384     
          27          29  0.99028084235510394     
          26          30   1.4124020156643013     
          25          31  0.10816696904157326     
          30          31   1.4447269355934469     
          26          32  0.10842350943144977     
          31          32   1.4363432911234182     
          25          33   1.4111359414263422     
          30          33  0.10961156170628836     
          32          33   1.4388620806617660     
          23          34  0.18713996471896313     
          24          34   1.6675586024717659     
          23          35  0.97854894645362123     
          35          36  0.91110788742468074     
          36          37   1.1337705897090387     
          36          38   1.7843379859686137     
          37          38  0.17234117446327485     
          11          39  0.95825433273524774     
          35          39  0.98430365954313381     
          39          40   1.1995767189901239     
          40          41  0.95909578847935795     
          41          42   1.4066073753091080     
          42          43   1.4414979430923207     
          41          44  0.10812584308623907     
          43          44   1.4344767327747834     
          42          45  0.10917066519224772     
          44          45   1.4450752488374223     
          41          46   1.3796902261248474     
          43          46  0.10786276162635400     
          45          46   1.4134249109714481     
          46          47  0.99916185695045123     
          47          48  0.99020624333860185     
          47          49   1.0044904662849954     
          39          50  0.18753112581614811     
          40          50   1.6919502047030908     
           1          51  0.96803004079475130     
           2          52  0.97074464452551823     
           3          53  0.97109230669281199     
           4          54  0.96244555452779346     
           7          55  0.96801279395103135     
           8          56  0.97036641521977407     
           9          57  0.95967706368043248     
          11          58  0.94899450093528248     
          12          59  0.94378829251372076     
          14          60  0.96699568361654109     
          15          61  0.97009339338860090     
          16          62  0.96773175456886806     
          19          63  0.95998349445187814     
          20          64  0.97083691117670878     
          21          65  0.97047456067518723     
          22          66  0.96779571763121996     
          27          67  0.95875379729123245     
          28          68  0.98570558754572934     
          28          69  0.98549565580597887     
          28          70  0.98390066788873820     
          29          71  0.98461688498150002     
          29          72  0.98679639164151856     
          29          73  0.98623305046581577     
          30          74  0.96542320447079777     
          31          75  0.97078340220171921     
          32          76  0.97008826168407958     
          33          77  0.96954339209784823     
          35          78  0.94046190407760188     
          37          79  0.85518665409862427     
          42          80  0.96940144853744448     
          43          81  0.96997912410851894     
          44          82  0.97073408255360627     
          45          83  0.96567518383325435     
          47          84  0.95831324473883750     
          48          85  0.98326485130880414     
          48          86  0.98489613563203915     
          48          87  0.98726795689647717     
          49          88  0.98701576846313355     
          49          89  0.98580185546205024     
          49          90  0.98442258105641411     
