   -0.03316385
    0.48523476
   -0.18924743
   -0.21221216
   -0.21849662
   -0.02090793
   -0.01862853
   -0.01730497
   -0.03110426
    0.00500086
    0.03463131
    0.04532871
    0.01820336
   -0.02011141
    0.48563054
   -0.20367131
   -0.19387959
   -0.22606745
   -0.01661149
   -0.01749788
   -0.01470975
   -0.02590451
   -0.11478748
    0.26847762
   -0.01315811
   -0.02130708
   -0.00949119
    0.48929234
   -0.19697172
   -0.19280637
   -0.19438309
   -0.01401653
   -0.00993116
    0.48899209
   -0.19586901
   -0.19314373
   -0.19342258
   -0.02051634
   -0.38391072
    0.07150052
    0.35245952
   -0.34153972
   -0.33410937
   -0.10832167
    0.27871566
    0.00304318
   -0.01433987
   -0.00582934
    0.48892784
   -0.18807761
   -0.19955717
   -0.19658186
   -0.01560850
   -0.01625602
    0.48652288
   -0.19218946
   -0.20389489
   -0.19941920
   -0.01722261
   -0.39651761
    0.08034058
    0.07507835
    0.07040572
    0.05525260
    0.07224115
    0.07737913
    0.07520410
    0.06613048
    0.06541476
    0.04957648
    0.08110975
    0.09859205
    0.09309360
    0.08102477
    0.32517157
    0.10238229
    0.08979365
    0.08254693
