           1           2  0.94970922147329495     
           2           3  0.96650013280956615     
           2           4  0.93879372004840866     
           2           5  0.93065327863406466     
           1           6   1.4128962589490823     
           6           7   1.4420150070107667     
           1           8  0.10418074774520958     
           7           8   1.4328299256673658     
           6           9  0.10765567370661724     
           8           9   1.4465911151020503     
           1          10   1.3863657458637020     
           7          10  0.10905863099391117     
           9          10   1.4084747746946964     
          10          11  0.99435461760438537     
          11          12  0.95061616703833074     
          12          13  0.99220419571133334     
          13          14   1.3821797103579514     
          14          15  0.95113268612540380     
          15          16  0.94524618747572708     
          15          17  0.96285061885199719     
          15          18  0.92490546809217877     
          14          19   1.4178164846374699     
          13          20  0.10889813673357819     
          19          20   1.4389018425461204     
          14          21  0.10614835974327924     
          20          21   1.4378996267021251     
          13          22   1.4164746672250257     
          19          22  0.10771986032802248     
          21          22   1.4417753873669423     
          12          23  0.94795911153879531     
          23          24   1.2150257032927951     
          24          25  0.94728313126998387     
          25          26   1.3999518041932331     
          26          27   1.4230313916116963     
          27          28  0.94596394686932239     
          28          29  0.95373109958450164     
          28          30  0.95754743321426028     
          28          31  0.94935623249696488     
          25          32  0.10828409278747123     
          27          32   1.4137392989230182     
          26          33  0.10592330776099652     
          32          33   1.4198032357024977     
          33          34  0.94575778410028422     
          34          35  0.95405130184889020     
          34          36  0.95037141336197339     
          34          37  0.95727121712284924     
          25          38   1.4030828150469705     
          27          38  0.10535234554012989     
          33          38   1.4164238228568442     
          23          39  0.20153670674104346     
          24          39   1.7086238123373509     
          23          40  0.98515089561230595     
          40          41  0.88298843741229094     
          41          42   1.1591150633174521     
          41          43   1.8137456952187121     
          42          43  0.17376694212283286     
          11          44  0.96210535491039850     
          40          44  0.99093439844755027     
          44          45   1.1931313531435814     
          45          46  0.95400065131907896     
          46          47   1.4092781814211064     
          47          48   1.4158492397984068     
          48          49  0.94741160159612359     
          49          50  0.96468496497349243     
          49          51  0.94431230294181967     
          49          52  0.95075096114551172     
          46          53  0.11054950588924631     
          48          53   1.4211033496531285     
          47          54  0.10536121430032520     
          53          54   1.4124077502793051     
          54          55  0.94915777314714345     
          55          56  0.95507177627278983     
          55          57  0.94321563823435162     
          55          58  0.95395951717236727     
          46          59   1.4081139978992963     
          48          59  0.10579855414240835     
          54          59   1.4201090845292847     
          44          60  0.18996834012578079     
          45          60   1.7169863150091456     
           6          61  0.96350330321385558     
           7          62  0.96638468443273662     
           8          63  0.96696196533622514     
           9          64  0.96586401957911094     
          11          65  0.95089379231771720     
          12          66  0.95188630466857482     
          19          67  0.96440609426643198     
          20          68  0.96769265558843898     
          21          69  0.96782954271305055     
          22          70  0.96455367993087959     
          26          71  0.96176599901197035     
          32          72  0.95974764655342693     
          38          73  0.96075778367020870     
          40          74  0.93733872015059161     
          42          75  0.85255015843833948     
          47          76  0.95839290662264442     
          53          77  0.96197864209495909     
          59          78  0.96180386328843048     
