   -0.03425376
   -0.02741480
   -0.02787452
   -0.02618405
   -0.03496194
   -0.00265723
    0.03630683
    0.05135940
    0.01287296
   -0.02816023
   -0.02416657
   -0.02702795
   -0.02590823
   -0.02962479
   -0.12992632
    0.28012036
   -0.00501025
   -0.00944084
   -0.01575306
    0.02442818
    0.11368307
   -0.22424234
   -0.01906364
   -0.02906478
   -0.40156613
    0.09566931
    0.35236801
   -0.34881142
   -0.39097256
   -0.11293394
    0.27398891
   -0.00359985
   -0.02400483
   -0.01818422
    0.02326922
    0.11319816
   -0.22209929
   -0.01718311
   -0.01891640
   -0.41658496
    0.03688440
    0.04165791
    0.04409853
    0.04384665
    0.03093173
    0.04788594
    0.04628479
    0.03508485
    0.04119371
    0.04010642
    0.03867092
    0.02838333
    0.06793215
    0.05397728
    0.05021822
    0.03811844
    0.09051919
    0.34586275
    0.04275866
    0.05203033
    0.05140243
    0.05047901
