           1           2   1.4466977369337930     
           2           3   1.4369111180554708     
           1           4  0.11123784070530282     
           3           4   1.4392789569309270     
           2           5  0.11014739372231115     
           4           5   1.4437173849259777     
           1           6   1.4092702779341555     
           3           6  0.10926655715554538     
           5           6   1.4125695402945520     
           6           7  0.99171928751405503     
           7           8  0.94987328886545197     
           8           9  0.99322025907155120     
           9          10   1.4158182401009416     
          10          11   1.4415401910840080     
           9          12  0.10943292723520150     
          11          12   1.4416624998311407     
          10          13  0.11054464350193953     
          12          13   1.4354094280333531     
           9          14   1.4082493283878925     
          11          14  0.11171597634594863     
          13          14   1.4486141797199821     
           8          15  0.95752704669403199     
          15          16   1.1660998984355426     
          16          17  0.97433284834985301     
          17          18   1.3943500029357416     
          18          19   1.4591822569304247     
          19          20   1.3610056469768801     
          20          21   1.0930908721395414     
          21          22   2.8082516499471319     
          18          23  0.10451450494291452     
          20          23   1.3586904659404870     
          17          24   1.3910802359336694     
          19          24  0.10323770897765391     
          23          24   1.4611458599103022     
          15          25  0.17728756983746916     
          16          25   1.7173135052635911     
          15          26  0.99112550620068307     
          26          27  0.90887218136989156     
          27          28   1.1679517921656095     
          27          29   1.7746324478722491     
          28          29  0.18327824097685663     
           7          30  0.95905691343157595     
          26          30  0.98766812563832862     
          30          31   1.2086056948968336     
          31          32  0.95455847800225102     
          32          33   1.4023541897014646     
          33          34   1.4552860636354104     
          34          35   1.3626842266070289     
          35          36   1.0924144987560682     
          36          37   2.8095694685516688     
          33          38  0.10443193620556175     
          35          38   1.3605045131345856     
          32          39   1.3972355242992267     
          34          39  0.10572431092470877     
          38          39   1.4584887862544478     
          30          40  0.19317477804651273     
          31          40   1.7003839370053655     
           1          41  0.96647718476229472     
           2          42  0.97038595440777065     
           3          43  0.97053427938715520     
           4          44  0.97010145005003567     
           5          45  0.96835100882448955     
           7          46  0.95299446538608268     
           8          47  0.95411087807986417     
          10          48  0.96856542095744391     
          11          49  0.97041503116124828     
          12          50  0.97088637186865312     
          13          51  0.97065764320092995     
          14          52  0.96869605907318768     
          18          53  0.96513157644501790     
          19          54  0.96850134608117155     
          23          55  0.96891654949761286     
          24          56  0.96665493247808898     
          26          57  0.92204359851771678     
          28          58  0.85348423805416673     
          33          59  0.96784210488300793     
          34          60  0.96870721063058385     
          38          61  0.96857188051348508     
          39          62  0.96741444524398401     
