           1           2   1.9784603771438758     
           2           3   1.0065401475605369     
           3           4  0.99833675334310079     
           4           5   1.4047188096197183     
           5           6   1.4490128486312268     
           6           7   1.4009294001944428     
           7           8  0.96713836412543386     
           5           9  0.10879009999282868     
           7           9   1.4063320938447759     
           4          10   1.4110829849617261     
           6          10  0.10745990213233120     
           9          10   1.4417524616966435     
           1          11  0.97600611377686075     
           1          12  0.97508269971193617     
           2          13  0.96702204221311905     
           3          14  0.95860520709319896     
           3          15  0.96789154700671731     
           5          16  0.96788481448718289     
           6          17  0.96764392799509047     
           9          18  0.96768936471318878     
          10          19  0.96753121917305851     
