   -0.03510806
   -0.02856631
   -0.02919935
   -0.02597977
   -0.03620795
   -0.00311836
    0.03578885
    0.04142054
   -0.00421595
   -0.03780927
   -0.02842653
   -0.02709171
   -0.02568461
   -0.03851795
   -0.11069257
    0.27908152
   -0.05024782
    0.18711721
   -0.08264548
   -0.16721884
    0.06957135
   -0.06085167
   -0.41673149
    0.09722186
    0.36662321
   -0.37058408
   -0.35738955
   -0.11584287
    0.27511750
   -0.04793695
    0.17621710
   -0.10338902
   -0.17003021
    0.06961738
   -0.05292826
   -0.40862338
    0.03582743
    0.04121077
    0.04147587
    0.04365556
    0.04231796
    0.06830920
    0.04667163
    0.02874503
    0.03896521
    0.04330945
    0.05117579
    0.05532750
    0.07078812
    0.05568376
    0.09191684
    0.34370362
    0.07034957
    0.06782818
