           1           2   1.4488019001446515     
           2           3   1.4345004087554758     
           1           4  0.11131038038261128     
           3           4   1.4415208920886040     
           2           5  0.10944151492462260     
           4           5   1.4408362245751676     
           1           6   1.4055715899927697     
           3           6  0.10927666018959314     
           5           6   1.4149960731936273     
           6           7  0.99553266184460121     
           7           8  0.94154902991443368     
           8           9  0.99271371500731609     
           9          10   1.4150799797239508     
          10          11   1.4402196455737697     
           9          12  0.10889189978521799     
          11          12   1.4419493956963592     
          10          13  0.10936832473910897     
          12          13   1.4339363187530212     
           9          14   1.4064762778648352     
          11          14  0.11145785534155003     
          13          14   1.4485218602812249     
           8          15  0.96192738441250591     
          15          16   1.2183356717630336     
          16          17  0.98858259956291761     
          17          18   1.5091381096300198     
          18          19   1.0231757521073286     
          18          20   1.1389360323929625     
          18          21  0.12984451225784374     
          20          21   1.1172042799862758     
          17          22   1.2453166221262211     
          21          22   1.6222536219220882     
          15          23  0.19088409551486396     
          16          23   1.6639696115379068     
          15          24  0.97736525302614086     
          24          25  0.90375342090745014     
          25          26   1.1323678191507176     
          25          27   1.8081151001430407     
          26          27  0.17745782314499875     
           7          28  0.96363832820897755     
          24          28  0.97819798664898494     
          28          29   1.2039705554183806     
          29          30  0.98214697914835758     
          30          31   1.5112891276439486     
          31          32   1.0117960748925852     
          31          33   1.1335354642907765     
          31          34  0.13246520329187839     
          33          34   1.1159903138253746     
          30          35   1.2470571701240676     
          34          35   1.6252646482700741     
          28          36  0.19403606773486909     
          29          36   1.6879012177810722     
           1          37  0.96778900598041828     
           2          38  0.97039140966585269     
           3          39  0.97071247409501604     
           4          40  0.97013614075967980     
           5          41  0.96715977682148968     
           7          42  0.94597919154814458     
           8          43  0.95337855036902686     
          10          44  0.96845453114209812     
          11          45  0.97050098392541861     
          12          46  0.97052488928815062     
          13          47  0.96915287876064693     
          14          48  0.96217794089532538     
          21          49  0.96313284245696218     
          22          50  0.97172640110908448     
          24          51  0.94275991678146120     
          26          52  0.85697182234563885     
          34          53  0.96313953299022503     
          35          54  0.97031547038888877     
