    0.14058260
   -0.27711098
    0.04102213
   -0.06589370
   -0.03074956
   -0.03782428
   -0.02656132
   -0.01121571
    0.05122081
    0.03777702
   -0.02369856
   -0.03778825
   -0.03841018
   -0.03056529
   -0.06517443
    0.13644894
   -0.27698585
    0.03701557
   -0.09372634
    0.27577486
   -0.05202678
    0.11133742
    0.00586571
   -0.03024540
   -0.02920531
   -0.03023561
   -0.02696056
   -0.03686553
   -0.19508355
    0.11787082
   -0.11499313
   -0.07467807
   -0.43687052
    0.09509660
    0.36972001
   -0.37169053
   -0.39176974
   -0.10317680
    0.27537900
   -0.05996640
    0.10763789
    0.00445348
   -0.03676929
   -0.02848115
   -0.03335061
   -0.03116654
   -0.03315576
   -0.18457539
    0.12567890
   -0.11745371
   -0.07513724
   -0.43356877
    0.04124868
    0.03961290
    0.05981807
    0.03839860
    0.03854184
    0.04079137
    0.04545114
    0.06402808
    0.07412307
    0.05548361
    0.04018611
    0.04025496
    0.04023778
    0.06187207
    0.04327207
    0.04415430
    0.04024278
    0.03212693
    0.03274491
    0.03430260
    0.05801665
    0.05774021
    0.06433318
    0.06025318
    0.03956221
    0.07235451
    0.33953014
    0.04478427
    0.03321749
    0.03019966
    0.03153578
    0.04682676
    0.06437900
    0.07109910
    0.05573294
    0.03379208
