           1           2   1.0524980094955607     
           2           3  0.98519601793515732     
           1           4   1.3853083896927751     
           4           5   1.4323713752859946     
           5           6   1.4456590622336287     
           4           7  0.10269863041428504     
           6           7   1.4251182889020499     
           1           8   1.3259377210620269     
           5           8  0.10696316900466510     
           7           8   1.4375939249606167     
           8           9  0.99043111188756328     
           9          10  0.95266640947970538     
          10          11  0.99087134121785492     
          11          12   1.4331311531843947     
          12          13   1.4294478873175780     
          11          14  0.10626868490155673     
          13          14   1.4410963352692554     
          12          15  0.10320153588816082     
          14          15   1.4356139688797724     
          11          16   1.3275740615399050     
          15          16   1.3808229417841791     
          16          17   1.0554143988486147     
          17          18  0.98263657601439214     
          10          19  0.96192524175466865     
          19          20   1.2434716169194735     
          20          21  0.98942524721333525     
          21          22   1.4780783032357541     
          22          23   1.0871098222794742     
          23          24   1.3677420192119687     
          24          25   1.4603770753264815     
          25          26   1.4285809083707632     
          24          27  0.10535368175333906     
          26          27   1.4309707271042478     
          23          28   1.3701416326184725     
          25          28  0.10537651501561743     
          27          28   1.4579734785423166     
          22          29   1.1018622175774304     
          22          30  0.11818000511446949     
          29          30   1.1164443543207838     
          30          31   1.0281172401226226     
          21          32   1.2590644850361989     
          30          32   1.5697651074438714     
          19          33  0.18577643427432550     
          20          33   1.6221204660878867     
          19          34  0.97751720499973060     
          34          35  0.90990361170737821     
          35          36   1.1320201015522318     
          35          37   1.7665130971029566     
          36          37  0.16813053017219770     
           9          38  0.95737953688848321     
          34          38  0.98652325621576575     
          38          39   1.2167558235981506     
          39          40  0.97319657867366804     
          40          41   1.4769025175105188     
          41          42   1.0913728384230537     
          42          43   1.3680646188958570     
          43          44   1.4594627970957086     
          44          45   1.4295667305452056     
          43          46  0.10528526266544823     
          45          46   1.4289351368141665     
          42          47   1.3664072015547390     
          44          47  0.10498625625829910     
          46          47   1.4603754237291440     
          41          48   1.1007773121641140     
          41          49  0.11815782856959868     
          48          49   1.1284342488071335     
          49          50   1.0295076670573029     
          40          51   1.2702688529206696     
          49          51   1.5559096496521971     
          38          52  0.19234404980135902     
          39          52   1.6711596426559696     
           3          53  0.97658052790150840     
           3          54  0.97622926799375098     
           3          55  0.97888206939580558     
           4          56  0.96545820743796473     
           5          57  0.97090473779057673     
           6          58  0.97040226064132584     
           7          59  0.96678396999641414     
           9          60  0.95343913256829216     
          10          61  0.94938837208243443     
          12          62  0.96350051730709019     
          13          63  0.97037677097407282     
          14          64  0.97073127804938708     
          15          65  0.96533832089361904     
          18          66  0.97944160447551698     
          18          67  0.97539552645041816     
          18          68  0.97647269855343000     
          24          69  0.96862653515311070     
          25          70  0.97077242406811270     
          26          71  0.97151900792583445     
          27          72  0.97074952980024365     
          28          73  0.96206539322476314     
          31          74  0.98109226846171316     
          31          75  0.96404193054563647     
          31          76  0.97650581246244816     
          32          77  0.97369721650079732     
          34          78  0.93863206976769886     
          36          79  0.85862339355299289     
          43          80  0.96458679282330295     
          44          81  0.97087258860170211     
          45          82  0.97165896494551485     
          46          83  0.97083271676278893     
          47          84  0.96817976052183830     
          50          85  0.97228443060652603     
          50          86  0.96393811384931305     
          50          87  0.98357894122829537     
          51          88  0.97474356449244381     
