   -0.03399398
   -0.03315346
    0.01335237
   -0.03419299
   -0.02866542
   -0.02880258
   -0.03397486
    0.01550878
   -0.04474093
    0.00171145
    0.04747231
    0.03777770
   -0.00493150
   -0.04233191
    0.01409501
   -0.03422751
   -0.02634309
   -0.02668137
   -0.03261586
    0.01360692
   -0.03160691
   -0.03957785
   -0.09981777
    0.27232732
   -0.00435709
   -0.02660466
   -0.01772341
    0.02682560
    0.11359616
   -0.21709851
   -0.01627580
   -0.01540717
   -0.41787788
    0.09705134
    0.37234662
   -0.36793557
   -0.40515768
   -0.11702617
    0.27330068
   -0.01074454
   -0.02416609
   -0.01685987
    0.02249481
    0.11273360
   -0.22461995
   -0.01767649
   -0.01552166
   -0.41144683
    0.03133357
    0.03751737
    0.03306845
    0.03246361
    0.03299875
    0.04103281
    0.05482605
    0.06444576
    0.05463622
    0.03122068
    0.03497082
    0.03763692
    0.03776310
    0.03783513
    0.04262895
    0.03363381
    0.04711474
    0.05242924
    0.05661944
    0.06298322
    0.06026704
    0.34703189
    0.03972035
    0.05149346
    0.05342597
    0.05885937
