           1           2   1.5620424235362411     
           2           3   1.2770553520318408     
           3           4   1.2807922603830948     
           4           5   1.5570636910193909     
           5           6   1.3201485394201962     
           4           7  0.11844215284773063     
           6           7   1.5586165747346434     
           3           8   1.2514340211461050     
           7           8   1.2778583930611236     
           2           9  0.11551895644656218     
           8           9   1.2822980426518564     
           1          10   1.2952451447711999     
           9          10   1.5262443659748888     
          10          11  0.98483064806825726     
          11          12  0.94562639856675934     
          12          13  0.98397473315590978     
          13          14   1.5302972943580564     
          14          15   1.2764724700762640     
          15          16   1.2807862928256668     
          16          17   1.5556740761238164     
          17          18   1.3224778201131266     
          16          19  0.11816379518581920     
          18          19   1.5549995868975426     
          15          20   1.2523979488411265     
          19          20   1.2827635710809555     
          14          21  0.11225418812822965     
          20          21   1.2735050922686033     
          13          22   1.2869573666267580     
          21          22   1.5690271628610424     
          12          23  0.96968232870311355     
          23          24   1.2394344741042895     
          24          25  0.97888300214512036     
          25          26   1.3920952163736398     
          26          27   1.4591876146895648     
          27          28   1.3616483132703709     
          28          29   1.0908394853569781     
          29          30   2.8121951504272054     
          26          31  0.10459681870884106     
          28          31   1.3617221073314019     
          25          32   1.3914817102389185     
          27          32  0.10520276304110293     
          31          32   1.4592754525673752     
          23          33  0.18626974797402779     
          24          33   1.6334583461107499     
          23          34  0.97593916582462237     
          34          35  0.90662735364086044     
          35          36   1.1449802918939729     
          35          37   1.7395425634038109     
          36          37  0.16482401387241791     
          11          38  0.95689965587912673     
          34          38  0.98627584105117339     
          38          39   1.2088740125137294     
          39          40  0.95731612750903916     
          40          41   1.3990436617391706     
          41          42   1.4576146369485281     
          42          43   1.3610871569651490     
          43          44   1.0929783663203347     
          44          45   2.8083769479820013     
          41          46  0.10467808068722476     
          43          46   1.3609184630647979     
          40          47   1.3966036812672686     
          42          47  0.10561376631778725     
          46          47   1.4581652518366539     
          38          48  0.19424591877904210     
          39          48   1.6992097101082142     
           1          49  0.96783724753280453     
           2          50  0.96772169451866730     
           4          51  0.96838944614603817     
           5          52  0.97101201454335095     
           6          53  0.97090239945364620     
           7          54  0.96772920500997361     
           9          55  0.95724314289708912     
          11          56  0.95402075028920907     
          12          57  0.95155049578551076     
          14          58  0.96366893081747029     
          16          59  0.96817581592926094     
          17          60  0.97064264659894062     
          18          61  0.97063261295868419     
          19          62  0.96806598251226261     
          21          63  0.96722557727589709     
          22          64  0.96854690158698808     
          26          65  0.96369615098252515     
          27          66  0.96870044732780847     
          31          67  0.96811592500077981     
          32          68  0.96607680032031740     
          34          69  0.94096562759815583     
          36          70  0.85452695253487732     
          41          71  0.96801714452954735     
          42          72  0.96878918448071405     
          46          73  0.96846189294236384     
          47          74  0.96670304939762319     
