   -0.40758224
    0.27441292
   -0.00932370
   -0.02415497
   -0.01894201
   -0.01801208
    0.00652339
    0.54800321
   -0.37901222
   -0.38176397
   -0.01477613
   -0.11038706
    0.09141955
    0.35683521
   -0.34767798
   -0.39022802
   -0.11309411
    0.27399927
   -0.00223417
   -0.02246153
    0.00549429
    0.54749221
   -0.37611374
   -0.38689779
   -0.01891877
   -0.01957688
   -0.00922658
   -0.42113010
    0.02861826
   -0.00674154
   -0.03046608
   -0.02605476
   -0.02780003
   -0.02743156
   -0.03854178
    0.03591040
   -0.00199217
   -0.03064736
   -0.02328955
   -0.02611198
   -0.02830348
   -0.03928224
    0.07835377
    0.06444095
    0.08527544
    0.08763682
    0.09093328
    0.34770665
    0.08001202
    0.08637266
    0.06540469
    0.06857664
    0.06340098
    0.02671122
    0.04815005
    0.04482119
    0.04335893
    0.03380294
    0.08617015
    0.05100317
    0.04369797
    0.04107524
    0.03864559
    0.03391749
