           1           2   1.6980758614942191     
           2           3  0.96645693194580740     
           3           4   1.3916412187731684     
           4           5   1.4359491917737324     
           3           6  0.10205497182493008     
           5           6   1.4481899483520286     
           6           7   1.3825326169261951     
           7           8  0.95782579768412734     
           8           9   1.4571590735812154     
           8          10   1.4545283530004076     
           9          10  0.36563341741043970     
           3          11   1.4158266862814755     
           5          11  0.10553404560025952     
           7          11   1.3889462037740352     
           1          12  0.19075275383182538     
           2          12   1.2007859574800561     
          12          13  0.99434123055709134     
          13          14  0.91516072900647305     
          14          15   1.1707200836944442     
          14          16   1.7680318004522471     
          15          16  0.18357675471970519     
          13          17  0.97729397672506779     
          17          18   1.2126586044134948     
          18          19  0.96682712216958533     
          19          20   1.4169079957314914     
          20          21   1.3872615574849283     
          21          22  0.96028445722413125     
          22          23   1.4599462934365020     
          22          24   1.4489096817652147     
          23          24  0.36411584424702231     
          19          25  0.10219776208074786     
          21          25   1.3811350754559291     
          20          26  0.10433290254429353     
          25          26   1.4471914007645112     
          19          27   1.3926054578817990     
          26          27   1.4375917066229309     
          17          28  0.19137495659595288     
          18          28   1.6881866100536227     
          17          29  0.95807249568450792     
          29          30  0.98857532924391700     
          30          31   1.4100422376236827     
          31          32   1.4463792748857029     
          30          33  0.10919910311464434     
          32          33   1.4368911307209402     
          31          34  0.11102381899269309     
          33          34   1.4394152416534569     
          30          35   1.4121081968577551     
          32          35  0.11035079735244394     
          34          35   1.4437498779577318     
          12          36  0.95064820026401686     
          29          36  0.95950969565065325     
          36          37  0.98285504272857382     
          37          38   1.4028593891361367     
          38          39   1.4536558557336101     
          37          40  0.10928755710304822     
          39          40   1.4312407377403584     
          38          41  0.11297872695401515     
          40          41   1.4466684067832309     
          37          42   1.4215385941464669     
          39          42  0.10933743180533835     
          41          42   1.4336781402894880     
           4          43  0.96049205962989181     
           5          44  0.96699943583782288     
           6          45  0.96010162571099555     
          11          46  0.95839445035664372     
          13          47  0.92380895873295188     
          15          48  0.85292791107964339     
          20          49  0.95816353287693445     
          25          50  0.96004375041012191     
          26          51  0.96684642105068841     
          27          52  0.96641058819231207     
          29          53  0.94832919624120704     
          31          54  0.96803898368754249     
          32          55  0.96983099969884312     
          33          56  0.97043045830437258     
          34          57  0.97010185911518054     
          35          58  0.96825012921071063     
          36          59  0.94848038526264100     
          38          60  0.96754948624469861     
          39          61  0.96998216244101132     
          40          62  0.97065870308916935     
          41          63  0.97072498425529885     
          42          64  0.96344066473654610     
