   -0.03074414
    0.48784336
   -0.20355005
   -0.20606120
   -0.20887231
   -0.02364258
   -0.02353005
   -0.01968761
   -0.03428176
    0.00643415
    0.03937503
    0.04991804
    0.01310006
   -0.03318936
    0.48359962
   -0.20168853
   -0.20089667
   -0.21696638
   -0.02350272
   -0.02278936
   -0.02004508
   -0.02107284
   -0.19061563
    0.30645370
   -0.08790152
    0.01758683
   -0.03903268
   -0.03261584
   -0.03445754
   -0.02975263
   -0.03664097
   -0.37783677
    0.09900596
    0.37562355
   -0.35799907
   -0.41537505
   -0.13434014
    0.28503059
   -0.08105294
    0.02318910
   -0.03366323
   -0.02841969
   -0.03067015
   -0.02705966
   -0.02875282
   -0.40682394
    0.07127813
    0.05939426
    0.05739191
    0.05179104
    0.06348070
    0.06833321
    0.06687087
    0.05773953
    0.05891005
    0.07070310
    0.05840846
    0.08265133
    0.04599410
    0.03155037
    0.03359543
    0.04075603
    0.04496796
    0.08363876
    0.34721960
    0.05490994
    0.05890698
    0.03113051
    0.03259131
    0.03205046
    0.03464303
    0.03746383
