           1           2  0.94797979803784260     
           2           3  0.95052376370517344     
           2           4  0.94585205218789414     
           2           5  0.94043051262314714     
           1           6   1.4107516683905348     
           6           7   1.4464945672925351     
           1           8  0.10474089943549859     
           7           8   1.4291694833568169     
           6           9  0.10899036532218541     
           8           9   1.4529260210683870     
           1          10   1.3845160937136043     
           7          10  0.10758326131338480     
           9          10   1.4014189660626011     
          10          11   1.0001719512315952     
          11          12  0.93830746298553902     
          12          13   1.0011443009601706     
          13          14   1.3783640435847764     
          14          15  0.95008881321870842     
          15          16  0.95374700971539716     
          15          17  0.95193560895380158     
          15          18  0.92969397728990677     
          14          19   1.4197060723178134     
          13          20  0.10901167184953184     
          19          20   1.4364113198936124     
          14          21  0.10564561342394493     
          20          21   1.4405612209603098     
          13          22   1.4182811906095454     
          19          22  0.10754045309418853     
          21          22   1.4364377186015966     
          12          23  0.95977403557455643     
          23          24   1.0272825705920963     
          24          25  0.97106156912735475     
          25          26  0.97065163807706367     
          26          27   1.4044415706239866     
          27          28   1.4495468591484257     
          26          29  0.10709355202954084     
          28          29   1.4335555146851382     
          27          30  0.11126597344549580     
          29          30   1.4407964245928966     
          26          31   1.4116545144343062     
          28          31  0.10977486343681611     
          30          31   1.4409971639099532     
          23          32  0.10658184965552643     
          24          32   1.8022403211972842     
          23          33  0.98284243481408795     
          33          34  0.92378964357380389     
          34          35   1.1519770387840620     
          34          36   1.7198132159139339     
          35          36  0.16294296970586425     
          11          37  0.97307864051784221     
          33          37  0.93827478537348707     
          37          38   1.2302948162034302     
          38          39  0.96271831334465685     
          39          40   1.0056748634686452     
          40          41   1.4204256138144533     
          41          42   1.4401777133070710     
          40          43  0.10976500988047203     
          42          43   1.4423140185232475     
          41          44  0.11082638701040466     
          43          44   1.4359892269349162     
          40          45   1.4110632349328092     
          42          45  0.11266510369918381     
          44          45   1.4485514664419430     
          37          46  0.17648011268985050     
          38          46   1.6572223816940646     
           6          47  0.96469762407892701     
           7          48  0.96838562084737079     
           8          49  0.96842866332766542     
           9          50  0.96345406631610331     
          11          51  0.94131957880040118     
          12          52  0.95033864523688660     
          19          53  0.96513407404830620     
          20          54  0.96852521022967430     
          21          55  0.96855697600666324     
          22          56  0.95688096866128225     
          25          57  0.97023112011405088     
          25          58  0.95722950235262594     
          27          59  0.96759218556841964     
          28          60  0.97084576607604256     
          29          61  0.97112849028757320     
          30          62  0.97019692164564764     
          31          63  0.96778356687081413     
          33          64  0.94858298042855871     
          35          65  0.85462136372137709     
          39          66  0.94882969767997527     
          39          67  0.95282992475876171     
          41          68  0.96900713193697563     
          42          69  0.97114339561620122     
          43          70  0.97142229671311209     
          44          71  0.97098553764740481     
          45          72  0.96956233144320636     
