   -0.02842600
   -0.03154102
    0.01538983
   -0.03315220
   -0.02852735
   -0.02820259
   -0.03301509
    0.01771282
   -0.03527622
    0.01124012
    0.04858627
    0.04384060
    0.00299578
   -0.03794546
    0.01659818
   -0.03269806
   -0.02893845
   -0.02933857
   -0.03445238
    0.01319381
   -0.03352947
   -0.03608224
   -0.11825947
    0.27499158
   -0.02118797
   -0.01784699
   -0.03418635
    0.01193941
    0.02571805
   -0.10646363
   -0.10988658
   -0.10623819
   -0.03581761
   -0.03678959
   -0.41510865
    0.07375398
    0.34371728
   -0.35155111
   -0.34916575
   -0.13736871
    0.26336990
   -0.03043448
   -0.02738593
   -0.03548761
    0.01593914
    0.02583066
   -0.10440848
   -0.11044870
   -0.10699215
   -0.03215992
   -0.03147986
   -0.41932269
    0.02600842
    0.03753565
    0.03399867
    0.03294608
    0.03323709
    0.03466185
    0.03497617
    0.03802174
    0.06454963
    0.04542299
    0.03937673
    0.03221192
    0.03102951
    0.03191875
    0.03637253
    0.02922471
    0.04847977
    0.04873750
    0.03669173
    0.03936002
    0.03626891
    0.03876803
    0.03820111
    0.03847471
    0.03599524
    0.03338828
    0.03939645
    0.03246564
    0.02266291
    0.07377847
    0.33318998
    0.04040826
    0.04924612
    0.03555615
    0.04187357
    0.03491683
    0.03886160
    0.03800669
    0.04097196
    0.04203915
    0.03712816
    0.03817799
    0.04003115
    0.02972927
