           1           2   1.5676212312537228     
           2           3   1.2740538201766931     
           3           4   1.2829088441092131     
           4           5   1.5551055311424342     
           5           6   1.3218626654818635     
           4           7  0.11806869128098615     
           6           7   1.5567336879511378     
           3           8   1.2516359513971975     
           7           8   1.2795780109434569     
           2           9  0.11293369663760068     
           8           9   1.2803384305828380     
           1          10   1.2897922560315898     
           9          10   1.5269649080615981     
          10          11  0.99710945322260047     
          11          12  0.94528408102790140     
          12          13  0.98771131863408745     
          13          14   1.5336055585124115     
          14          15   1.2771722042510496     
          15          16   1.2801664125951739     
          16          17   1.5565859205535759     
          17          18   1.3219600063737871     
          16          19  0.11826621630635162     
          18          19   1.5553482000697310     
          15          20   1.2532140780056495     
          19          20   1.2823522572683859     
          14          21  0.11383710631528811     
          20          21   1.2737096867799007     
          13          22   1.2883944217819447     
          21          22   1.5680679025615381     
          12          23  0.96216115409989200     
          23          24   1.1889803584420000     
          24          25  0.96123323641461433     
          25          26   1.4087458168735485     
          26          27   1.4397521242956326     
          25          28  0.10761353521265252     
          27          28   1.4183396486899766     
          28          29  0.98486984684034240     
          29          30  0.98650414574776590     
          29          31   1.0001275839050279     
          29          32  0.98676800638888673     
          26          33  0.10983220206401875     
          28          33   1.4024452742470150     
          25          34   1.3952266730363945     
          27          34  0.10708805910307270     
          33          34   1.4535581870482299     
          23          35  0.18792046938093215     
          24          35   1.7066578897493723     
          23          36  0.99418932681974215     
          36          37  0.89272247709243990     
          37          38   1.1555578533202551     
          37          39   1.8014503057115610     
          38          39  0.17153056458543492     
          11          40  0.95180344953631502     
          36          40  0.99126160976903099     
          40          41   1.1795494838248377     
          41          42  0.97008242688142288     
          42          43   1.4099695105382120     
          43          44   1.4394515131772425     
          42          45  0.10573326635810794     
          44          45   1.4183382253406940     
          45          46  0.98627785570001703     
          46          47  0.98554781037291705     
          46          48   1.0001271954400821     
          46          49  0.98548472177214275     
          43          50  0.10704873462408059     
          45          50   1.3957861426548634     
          42          51   1.3807691886534692     
          44          51  0.10572533701645384     
          50          51   1.4625404019831443     
          40          52  0.18758573043384230     
          41          52   1.6948278678668531     
           1          53  0.96782982286760855     
           2          54  0.96785853929164345     
           4          55  0.96833416277105799     
           5          56  0.97098829199249204     
           6          57  0.97092503446477674     
           7          58  0.96824805541819536     
           9          59  0.96540616019758740     
          11          60  0.95603996933351509     
          12          61  0.95013736468617327     
          14          62  0.96124466093559313     
          16          63  0.96785313311773724     
          17          64  0.97096753897966637     
          18          65  0.97109769556085668     
          19          66  0.96846174100698179     
          21          67  0.96773916464346199     
          22          68  0.96871884599486036     
          26          69  0.96869164915647499     
          27          70  0.96372884945869319     
          30          71  0.98663101356926930     
          30          72  0.98432799086564393     
          30          73  0.98366968969317514     
          31          74  0.98446775986070467     
          31          75  0.98423472722349070     
          31          76  0.98433008975602143     
          32          77  0.98111295329274972     
          32          78  0.98698622960945670     
          32          79  0.98432489980469740     
          33          80  0.96419947109360482     
          34          81  0.96781600730400064     
          36          82  0.92363478980620883     
          38          83  0.85052895664845130     
          43          84  0.96911718755875065     
          44          85  0.96399548541149072     
          47          86  0.98429800158865688     
          47          87  0.98401443579926351     
          47          88  0.98323991361578178     
          48          89  0.98430634095655489     
          48          90  0.98444716686593914     
          48          91  0.98401482033392229     
          49          92  0.98390727457724647     
          49          93  0.98656292459222250     
          49          94  0.98337759518088885     
          50          95  0.96364771955060469     
          51          96  0.96764383849549096     
