   -0.41891645
    0.27146167
   -0.01837030
   -0.01829306
   -0.02754910
   -0.02806419
   -0.02565142
   -0.02640795
   -0.11582202
    0.09683428
    0.37224038
   -0.36107710
   -0.40708659
   -0.10895208
    0.27335063
   -0.00902175
   -0.02364198
   -0.02554648
   -0.02826669
   -0.02636799
   -0.01922411
   -0.43070318
    0.04054675
   -0.01974856
   -0.03522303
   -0.03859772
   -0.03248561
   -0.06755378
    0.14006271
   -0.27464542
    0.03963580
    0.04721173
   -0.01464530
    0.14117350
   -0.26943208
    0.04060153
   -0.06546422
   -0.03211019
   -0.04089380
   -0.03100764
    0.05115681
    0.03996894
    0.03706190
    0.03894032
    0.02917078
    0.06048890
    0.34454493
    0.03650828
    0.03743942
    0.03544509
    0.04075068
    0.04939395
    0.06734116
    0.06297871
    0.04422839
    0.03873105
    0.03707733
    0.06051429
    0.04159614
    0.04132326
    0.08854062
    0.05996032
    0.04442076
    0.03972586
    0.03891941
    0.03822859
    0.03804426
    0.03515063
