           1           2   1.6944657813099997     
           2           3  0.96971481397823389     
           3           4   1.4019067526326225     
           4           5   1.4452794707563119     
           3           6  0.10895194093346777     
           5           6   1.4384082880919398     
           4           7  0.11099471704765684     
           6           7   1.4367207759979703     
           3           8   1.4006641978010363     
           5           8  0.11074968785776426     
           7           8   1.4461123722420886     
           1           9  0.18739623708916106     
           2           9   1.1958616141241643     
           9          10  0.98937390223242283     
          10          11  0.90917525942074617     
          11          12   1.1519241260576194     
          11          13   1.7456214073855028     
          12          13  0.16875464503648538     
          10          14  0.97250685138041537     
          14          15   1.2366513471581599     
          15          16  0.97430205865243269     
          16          17   1.4017081049564670     
          17          18   1.4439020882003022     
          16          19  0.10857305468140271     
          18          19   1.4383817571704625     
          17          20  0.11029428528150706     
          19          20   1.4356449859489244     
          16          21   1.3989322110566695     
          18          21  0.11077153637542934     
          20          21   1.4475106051250051     
          14          22  0.18582949832293499     
          15          22   1.6387657778439002     
          14          23  0.95772833169378291     
          23          24  0.99036014234482384     
          24          25   1.4328566082110838     
          25          26   1.4292733989592465     
          24          27  0.10646912236118676     
          26          27   1.4417166478811334     
          25          28  0.10341616925670244     
          27          28   1.4351228776249261     
          24          29   1.3276872996260358     
          28          29   1.3807496173535885     
          29          30   1.0555235387834920     
          30          31  0.98426307926542012     
           9          32  0.96544431782731510     
          23          32  0.94997915818518697     
          32          33  0.98916017543212764     
          33          34   1.3152400627916812     
          34          35   1.0633713611427889     
          35          36  0.98421711568598458     
          34          37   1.3859875508272821     
          33          38  0.10631906190639880     
          37          38   1.4292256843366704     
          38          39   1.4497440802928352     
          33          40   1.4473831655203135     
          37          40  0.10083668308617441     
          39          40   1.4172199110205930     
           4          41  0.96870026227236994     
           5          42  0.97002108512155694     
           6          43  0.97109531842178776     
           7          44  0.97012435421582466     
           8          45  0.96884066569006677     
          10          46  0.94390259005323485     
          12          47  0.85583326308014518     
          17          48  0.96922863026926054     
          18          49  0.96998149438908710     
          19          50  0.97115688599740291     
          20          51  0.96988819897577050     
          21          52  0.96866695653640822     
          23          53  0.95144784596213938     
          25          54  0.96259601035320719     
          26          55  0.97023307169559936     
          27          56  0.97086574212464560     
          28          57  0.96552466216219746     
          31          58  0.97958413170629954     
          31          59  0.97520500600668214     
          31          60  0.97586103649421874     
          32          61  0.94293657722716384     
          36          62  0.97971886167116140     
          36          63  0.97621385287020268     
          36          64  0.97613043700204194     
          37          65  0.96564792157544077     
          38          66  0.97098280398000902     
          39          67  0.97080805314080165     
          40          68  0.96666701068318595     
