    0.14394195
   -0.27762733
    0.04146238
   -0.06500257
   -0.03202774
   -0.03797864
   -0.03212740
   -0.00383597
    0.04548529
    0.04723430
   -0.00209612
   -0.02789100
   -0.03925111
   -0.03114119
   -0.06364263
    0.14781587
   -0.27048452
    0.03969158
   -0.11483764
    0.26825245
   -0.02810272
   -0.02655732
   -0.05359514
    0.10532381
   -0.11939339
   -0.02585849
   -0.40744784
    0.06462179
    0.34874844
   -0.35324462
   -0.33732037
   -0.09817231
    0.26955357
   -0.01389271
   -0.02593061
   -0.05256254
    0.10871813
   -0.12692955
   -0.02984362
   -0.41841733
    0.04486992
    0.03515762
    0.06021147
    0.03585727
    0.03606822
    0.04021063
    0.06210703
    0.07703075
    0.07551390
    0.03291210
    0.03783961
    0.03823190
    0.03924541
    0.04534694
    0.03727494
    0.06439811
    0.08858556
    0.07474362
    0.07191658
    0.33031542
    0.08617639
    0.07034947
