           1           2   1.0529721188002825     
           2           3  0.98523851341763535     
           1           4   1.3864552036356641     
           4           5   1.4296125002998858     
           5           6   1.4486301996277007     
           4           7  0.10261291407040075     
           6           7   1.4214010928050818     
           1           8   1.3229263354507748     
           5           8  0.10667097590627796     
           7           8   1.4416461215093503     
           8           9  0.99091369926926487     
           9          10  0.95050323937447889     
          10          11  0.99450832072040340     
          11          12   1.4397051733108819     
          12          13   1.4237427912783236     
          11          14  0.10647765336130270     
          13          14   1.4445921877096393     
          12          15  0.10151086275587048     
          14          15   1.4335542891140500     
          11          16   1.3209194024236230     
          15          16   1.3812915862842623     
          16          17   1.0631725609830585     
          17          18  0.98312572332635628     
          10          19  0.95094590603126650     
          19          20   1.1954142057877977     
          20          21   1.0132353792576267     
          21          22   1.5565438433489933     
          22          23   1.2886973310962715     
          21          24  0.10384446840043544     
          23          24   1.5590606639595250     
          24          25   1.0218896516940135     
          21          26   1.1129431836777066     
          24          26   1.1467503751899264     
          19          27  0.18352274164945193     
          20          27   1.6615739735375121     
          19          28  0.97797324362987414     
          28          29  0.88619558610942972     
          29          30   1.1526436371281181     
          29          31   1.8082211771788090     
          30          31  0.17148479307806921     
           9          32  0.95305316909308013     
          28          32   1.0027541373032969     
          32          33   1.1995896674477557     
          33          34   1.0257821671084140     
          34          35   1.5498452453484601     
          35          36   1.2947124981226841     
          34          37  0.10326551768334986     
          36          37   1.5516092100816243     
          37          38   1.0141858555189147     
          34          39   1.1250433667057653     
          37          39   1.1598169446976128     
          32          40  0.18590917650871652     
          33          40   1.6485363614052013     
           3          41  0.97605441607479426     
           3          42  0.97591703173458555     
           3          43  0.97953788444504664     
           4          44  0.96576980163993598     
           5          45  0.97108580150538693     
           6          46  0.97062256128114410     
           7          47  0.96135849157290409     
           9          48  0.94666347582851007     
          10          49  0.94733628572594086     
          12          50  0.96836758596106010     
          13          51  0.97085577559216707     
          14          52  0.97100064846735334     
          15          53  0.96561015634809499     
          18          54  0.97602171267966620     
          18          55  0.97601445735641879     
          18          56  0.97917995431416660     
          22          57  0.95568210616769145     
          23          58  0.95853161488027683     
          28          59  0.92127679552264485     
          30          60  0.84471090514525549     
          35          61  0.95611683346213960     
          36          62  0.95977632973507065     
