    0.14087384
   -0.25622925
    0.03532352
   -0.06773385
   -0.03194557
   -0.04188659
   -0.03266579
   -0.01949043
    0.04333147
    0.04319943
   -0.01921213
   -0.03317595
   -0.04156730
   -0.03057717
   -0.06340344
    0.14048059
   -0.26951448
    0.03556585
   -0.11082104
    0.27748978
   -0.02660190
    0.05508821
   -0.11015787
   -0.03005156
   -0.02126098
   -0.02315525
   -0.02605447
   -0.40977656
    0.09650434
    0.35517561
   -0.33348721
   -0.40830324
   -0.11439588
    0.28132706
   -0.02345947
   -0.02589985
   -0.02750174
   -0.02445130
   -0.02527725
    0.05649456
   -0.12287434
   -0.39759887
    0.04493477
    0.03943887
    0.07095031
    0.04018111
    0.03801834
    0.04372685
    0.05181708
    0.09726865
    0.09490560
    0.02296553
    0.03457862
    0.03961058
    0.04242240
    0.04425428
    0.04536834
    0.06589214
    0.05796505
    0.05105830
    0.04809745
    0.03481405
    0.04936395
    0.35195256
    0.04434546
    0.04608551
    0.04854127
    0.05911942
