           1           2   1.0745215280696414     
           2           3  0.98234323303553317     
           1           4   1.3782563458559629     
           4           5   1.4342944089770833     
           5           6   1.4461107273802696     
           4           7  0.10203703665866937     
           6           7   1.4194232976797760     
           1           8   1.3147248959924758     
           5           8  0.10562122474502891     
           7           8   1.4441430313889378     
           8           9  0.98674965868829334     
           9          10  0.96223197148462936     
          10          11  0.98806411693191198     
          11          12   1.4481635931919266     
          12          13   1.4152901415812977     
          11          14  0.10577135585405709     
          13          14   1.4502415278356102     
          12          15  0.10010395284294946     
          14          15   1.4291170847015162     
          11          16   1.3118119828843464     
          15          16   1.3868848164801766     
          16          17   1.0669629501564830     
          17          18  0.98126186410473315     
          10          19  0.95848567343376001     
          19          20   1.2220262999920519     
          20          21  0.95800053256950757     
          21          22   1.3935034493252203     
          22          23  0.97721662159640710     
          22          24   1.4206359198464069     
          21          25  0.10613916420384470     
          24          25   1.4399840000262627     
          22          26  0.10095056592221981     
          25          26   1.4292275837346666     
          21          27   1.3922419637233030     
          24          27  0.10864269190501437     
          26          27   1.4479099997173450     
          19          28  0.19428342189389394     
          20          28   1.6879297756596403     
          19          29  0.98085484112340027     
          29          30  0.91205900923210947     
          30          31   1.1855799608603399     
          30          32   1.7491257100751010     
          31          32  0.18397133254796305     
           9          33  0.94192632158623302     
          29          33  0.98403184561625834     
          33          34   1.1959905784658653     
          34          35  0.95211307003078316     
          35          36   1.3982658339919067     
          36          37   1.4423918736824914     
          35          38  0.10805134661915550     
          37          38   1.4342862728285974     
          36          39  0.10982730912738703     
          38          39   1.4369932334554041     
          35          40   1.3994284161811570     
          37          40  0.10249855909107515     
          39          40   1.4237803510428721     
          40          41  0.96658400187959692     
          33          42  0.18811433992889406     
          34          42   1.7197655017593529     
           3          43  0.97351937010599954     
           3          44  0.97667247119957223     
           3          45  0.97836022522467481     
           4          46  0.96531532749209692     
           5          47  0.97075328864332489     
           6          48  0.96924073204307726     
           7          49  0.96079925556020540     
           9          50  0.94157678688714874     
          10          51  0.93797611504663458     
          12          52  0.96552078426700527     
          13          53  0.97108909174426350     
          14          54  0.97086426577267093     
          15          55  0.96523278897527620     
          18          56  0.97646952230969686     
          18          57  0.97638760179841300     
          18          58  0.97915260267622162     
          24          59  0.96717400520630714     
          25          60  0.96791588714409604     
          26          61  0.96888526860467072     
          27          62  0.96612644058866537     
          29          63  0.94243432192088328     
          31          64  0.84756239767609931     
          36          65  0.96726954788554653     
          37          66  0.96907960300991702     
          38          67  0.96809123415214859     
          39          68  0.96719054771614910     
