    0.14445778
   -0.26761219
    0.04072875
   -0.06506436
   -0.03258535
   -0.04096834
   -0.02952460
   -0.00688938
    0.04716141
    0.04579196
   -0.00776591
   -0.03372103
   -0.03995271
   -0.03237915
   -0.06602567
    0.14814143
   -0.26688622
    0.04052688
   -0.10883468
    0.25707441
    0.07149627
    0.00799220
   -0.11745848
   -0.01771967
   -0.03014973
   -0.03476712
   -0.02912500
   -0.05232785
    0.12509372
   -0.25961575
   -0.43563610
    0.07676386
    0.35794917
   -0.36767477
   -0.36080565
   -0.10591116
    0.26604505
    0.07897370
    0.00546857
   -0.11537469
   -0.01821583
    0.13158944
   -0.05110529
   -0.03166401
   -0.03699768
   -0.03086877
   -0.24537273
   -0.42930690
    0.04315051
    0.03866196
    0.06067916
    0.03764855
    0.03575013
    0.03512252
    0.03391147
    0.08368188
    0.08291103
    0.04769342
    0.03878212
    0.03507903
    0.03621831
    0.05942889
    0.03658935
    0.04435908
    0.08765585
    0.05917169
    0.05918136
    0.04820861
    0.04465168
    0.04723737
    0.04769467
    0.07212465
    0.34357600
    0.08443582
    0.05783834
    0.05586338
    0.03985794
    0.04129406
    0.03983873
    0.04475456
