           1           2   1.0635504314661579     
           2           3  0.98501267935863135     
           1           4   1.3844107002245116     
           4           5   1.4303803193927638     
           5           6   1.4480891538504510     
           4           7  0.10080728459785654     
           6           7   1.4192320603880650     
           1           8   1.3174607156942872     
           5           8  0.10639087316393167     
           7           8   1.4451279612941650     
           8           9  0.99025826592102306     
           9          10  0.95373188017444288     
          10          11  0.98902160112985338     
          11          12   1.4429427191834692     
          12          13   1.4214830790069022     
          11          14  0.10640431614592352     
          13          14   1.4471036081285460     
          12          15  0.10208140482965089     
          14          15   1.4320304136769759     
          11          16   1.3207492441002706     
          15          16   1.3831800685470241     
          16          17   1.0615645633965543     
          17          18  0.98539879947318409     
          10          19  0.95058207256067717     
          19          20   1.2137401637365344     
          20          21   1.0290547744397729     
          21          22   1.5676884137461857     
          22          23   1.0421186956744315     
          22          24   1.1754668144082134     
          24          25   1.3325207506096042     
          25          26   1.4994312398125045     
          26          27   1.3857336734897281     
          25          28  0.11501907130012927     
          27          28   1.4748640591621474     
          24          29   1.2841960494804916     
          28          29   1.3628475819050982     
          21          30   1.0187675401712584     
          29          30   1.0544604141957510     
          19          31  0.18971015086445625     
          20          31   1.6226517932243627     
          19          32  0.98247620276124448     
          32          33  0.88455002571416397     
          33          34   1.1661406538432868     
          33          35   1.7900665364791848     
          34          35  0.16991451293443424     
           9          36  0.96073634157874477     
          32          36  0.99705179762430929     
          36          37   1.1880206889224270     
          37          38   1.0334344472016279     
          38          39   1.5543926497847738     
          39          40   1.0407890120229770     
          39          41   1.1837797341063951     
          41          42   1.2737595371231560     
          42          43   1.3561533199884912     
          43          44   1.4789111726146948     
          44          45   1.3823531332100329     
          41          46   1.3321122644862928     
          43          46  0.11422488687500140     
          45          46   1.5005748588666439     
          38          47   1.0390155425665859     
          42          47   1.0770420413977420     
          36          48  0.18066532467346547     
          37          48   1.6417335435652205     
           3          49  0.97616276147501213     
           3          50  0.97577619261443149     
           3          51  0.97966088406773499     
           4          52  0.96577033216591268     
           5          53  0.97118824604176357     
           6          54  0.97102503628338743     
           7          55  0.96797812681587780     
           9          56  0.94508470444553150     
          10          57  0.94640853649181300     
          12          58  0.96452588503434333     
          13          59  0.97076034661838906     
          14          60  0.97112288713947303     
          15          61  0.96563345747592078     
          18          62  0.97969668584057656     
          18          63  0.97543968724963193     
          18          64  0.97629859906936800     
          23          65  0.97158239286567460     
          23          66  0.96508361280937827     
          23          67  0.96260471250105506     
          25          68  0.96818344354671937     
          26          69  0.97027674770239480     
          27          70  0.97059660619887111     
          28          71  0.96516544319260167     
          32          72  0.93603528389911672     
          34          73  0.81696322032467972     
          40          74  0.97310557533984055     
          40          75  0.96614094133789363     
          40          76  0.96464220842144011     
          43          77  0.96585638678163399     
          44          78  0.97117140287906312     
          45          79  0.97073601484143357     
          46          80  0.96845700929004530     
