    0.13900199
   -0.28673105
    0.04450031
   -0.06486063
   -0.03019706
   -0.03594873
   -0.02744210
   -0.01029255
    0.04315561
    0.04091137
   -0.01841114
   -0.03428617
   -0.03803727
   -0.02817426
   -0.06336428
    0.14703441
   -0.26251089
    0.03775348
   -0.09705397
    0.28049014
   -0.00607110
    0.00292685
    0.54438172
   -0.36467053
   -0.39201967
   -0.01629356
   -0.01973780
   -0.01598745
   -0.02172013
   -0.38928846
    0.08929043
    0.35349042
   -0.32731609
   -0.42212452
   -0.08380091
    0.28034259
    0.00045068
   -0.02217448
   -0.01521936
   -0.01992938
   -0.01356178
    0.01557958
    0.55253341
   -0.36774224
   -0.40209613
   -0.41071864
    0.03788838
    0.04915149
    0.04552084
    0.03865874
    0.04082433
    0.04438082
    0.04980642
    0.07795188
    0.08911121
    0.05525313
    0.03976325
    0.03801673
    0.03959766
    0.06264042
    0.05037574
    0.03647996
    0.08554894
    0.06295788
    0.05945660
    0.05564239
    0.05671274
    0.35899671
    0.05705564
    0.05750317
    0.06122106
    0.08542320
