           1           2   1.0409708304650283     
           2           3  0.98700898271815518     
           1           4   1.3900142306176297     
           4           5   1.4305488712066634     
           5           6   1.4467297477629364     
           4           7  0.10305478027541382     
           6           7   1.4256924912408393     
           1           8   1.3297060384599859     
           5           8  0.10738110502388253     
           7           8   1.4359976069128790     
           8           9  0.98927449119840605     
           9          10  0.96335904277768492     
          10          11  0.98699324752127138     
          11          12   1.4363492351738374     
          12          13   1.4279932808016500     
          11          14  0.10539333573336432     
          13          14   1.4399679462334078     
          12          15  0.10352435143871959     
          14          15   1.4404044081052989     
          11          16   1.3245481989346235     
          15          16   1.3748738967386878     
          16          17   1.0697598354263471     
          17          18  0.98144253980955976     
          10          19  0.94163498823410885     
          19          20   1.2136138188477952     
          20          21  0.93905276227199963     
          21          22   1.3562801678633323     
          22          23  0.96076382188614240     
          23          24   1.4664986161639633     
          23          25   1.4368595882509076     
          24          25  0.36213288683576855     
          22          26   1.3815894460368647     
          21          27  0.10502523749985992     
          26          27   1.4533488738502540     
          27          28   1.4262791288396459     
          21          29   1.4140735671428659     
          26          29  0.10644833481122584     
          28          29   1.4391502366218307     
          19          30  0.19522949678034493     
          20          30   1.7095324103568343     
          19          31  0.99562630458972357     
          31          32  0.90128708651613632     
          32          33   1.2047517506417185     
          32          34   1.7373609065001117     
          33          34  0.18844147835729697     
           9          35  0.95001950648506805     
          31          35  0.98495944003577329     
          35          36   1.2320799409852841     
          36          37  0.94355340917062724     
          37          38   1.4142952267464401     
          38          39   1.4368932416275395     
          37          40  0.10505844776622500     
          39          40   1.4272494245332887     
          38          41  0.10554352658731116     
          40          41   1.4522271507306697     
          37          42   1.3543096208654004     
          41          42   1.3793392624167535     
          42          43  0.97035754368248917     
          43          44   1.4663239336535536     
          43          45   1.4304428753514487     
          44          45  0.35386328572755865     
          35          46  0.19494745757610893     
          36          46   1.6819900408926771     
           3          47  0.97559972083785829     
           3          48  0.97837715196424691     
           3          49  0.97633956579512360     
           4          50  0.96525250113749816     
           5          51  0.97074122245417982     
           6          52  0.97005442853004442     
           7          53  0.96655671038976121     
           9          54  0.94974604019138076     
          10          55  0.94791196271260292     
          12          56  0.96202415716050271     
          13          57  0.97064577836272958     
          14          58  0.97084179648206947     
          15          59  0.96555254890962527     
          18          60  0.97939122523312583     
          18          61  0.97690932015086496     
          18          62  0.97611060608772149     
          26          63  0.95915709253130588     
          27          64  0.96780187982819799     
          28          65  0.96817346820353856     
          29          66  0.96583646851999272     
          31          67  0.94082293838464981     
          33          68  0.84114650202053776     
          38          69  0.96626781453395405     
          39          70  0.96837096370049980     
          40          71  0.96799696255416801     
          41          72  0.95954163104754575     
