   -0.03284130
   -0.03212522
    0.01486786
   -0.03309017
   -0.02704739
   -0.02680893
   -0.03237865
    0.01500112
   -0.04260431
   -0.00168120
    0.03669502
    0.03584434
    0.00042519
   -0.04192464
    0.01274477
   -0.03557042
   -0.02856282
   -0.02886261
   -0.03418369
    0.01207574
   -0.03307670
   -0.03810278
   -0.10614991
    0.27376634
   -0.00992314
   -0.01070152
   -0.01778639
   -0.01306806
    0.01494165
    0.56539467
   -0.36728601
   -0.39522979
   -0.02705663
   -0.40189068
    0.08027172
    0.35024054
   -0.35525688
   -0.38832369
   -0.11144428
    0.27264958
   -0.00947321
   -0.02693067
    0.00755397
    0.55191556
   -0.40511240
   -0.36504189
   -0.01909240
   -0.02066102
   -0.01195521
   -0.40596288
    0.05134557
    0.04063198
    0.03510130
    0.03446294
    0.03526689
    0.03396014
    0.02966071
    0.07410489
    0.08761248
    0.03324548
    0.03667020
    0.03505303
    0.03481098
    0.03563394
    0.04063920
    0.03629713
    0.06477312
    0.06431072
    0.08875845
    0.07303697
    0.07852237
    0.34640578
    0.08258724
    0.08392280
    0.06454797
    0.07145711
