           1           2   1.5602933165701631     
           2           3   1.2788882307206040     
           3           4   1.2802440391348324     
           4           5   1.5576399627235673     
           5           6   1.3198765961094003     
           4           7  0.11845573041407323     
           6           7   1.5586278673883975     
           3           8   1.2500954819012216     
           7           8   1.2777865359633553     
           2           9  0.11505526831865634     
           8           9   1.2831050885792281     
           1          10   1.2966034255852827     
           9          10   1.5264894890591481     
          10          11  0.98371043955887361     
          11          12  0.96312364063468170     
          12          13  0.98685971404293105     
          13          14   1.5305894354142084     
          14          15   1.2770531859100880     
          15          16   1.2803124499152219     
          16          17   1.5561767800349724     
          17          18   1.3220760463766306     
          16          19  0.11823701550721399     
          18          19   1.5553728631168851     
          15          20   1.2527551302190292     
          19          20   1.2823002329798436     
          14          21  0.11316918342939178     
          20          21   1.2740419144412296     
          13          22   1.2893807801100055     
          21          22   1.5669099849605623     
          12          23  0.95976138148077550     
          23          24   1.1971238690070931     
          24          25  0.95752166225042723     
          25          26   1.4038179851360579     
          26          27   1.4339289751546489     
          25          28  0.10380968454413361     
          27          28   1.4481471029348070     
          28          29   1.3845375736677463     
          29          30  0.95403057665130819     
          30          31   1.4744131454104699     
          30          32   1.4457195087013528     
          31          32  0.36402639116127106     
          25          33   1.4065427518671123     
          27          33  0.10739742821914193     
          29          33   1.3929650933724520     
          23          34  0.19041916065370143     
          24          34   1.7077608423411383     
          23          35  0.99011254956103323     
          35          36  0.90552213929467273     
          36          37   1.1641451544279626     
          36          38   1.7748432721702039     
          37          38  0.18361650787843481     
          11          39  0.94209691239800586     
          35          39  0.98836558851070777     
          39          40   1.2148595912729039     
          40          41  0.96086456109205787     
          41          42   1.4154780705815115     
          42          43   1.3881241255637045     
          43          44  0.96035356287863716     
          44          45   1.4347870152579991     
          44          46   1.4722187244109683     
          45          46  0.36219546636500322     
          41          47  0.10325076796566290     
          43          47   1.3805258004258167     
          42          48  0.10568391207391392     
          47          48   1.4472255633290105     
          41          49   1.3969052395355410     
          48          49   1.4368178464290806     
          39          50  0.19434531840965547     
          40          50   1.6956250453432611     
           1          51  0.96586116299176294     
           2          52  0.96742224644324193     
           4          53  0.96825934827032945     
           5          54  0.97087069299854745     
           6          55  0.97081864434306231     
           7          56  0.96812296794787978     
           9          57  0.96096314757266010     
          11          58  0.95045351609019524     
          12          59  0.94010917000843941     
          14          60  0.96303637337325587     
          16          61  0.96805442539003250     
          17          62  0.97079917458284515     
          18          63  0.97085045584125351     
          19          64  0.96823806814791791     
          21          65  0.96747633415068868     
          22          66  0.96658273847012099     
          26          67  0.96747112439929805     
          27          68  0.96705281546423894     
          28          69  0.95998852926679235     
          33          70  0.95695620218750244     
          35          71  0.92532204693040132     
          37          72  0.85326272380308155     
          42          73  0.95472393309335402     
          47          74  0.96060704073692404     
          48          75  0.96673187307766439     
          49          76  0.96585901813539743     
