   -0.03124298
   -0.02878475
   -0.02981919
   -0.03915846
    0.01511907
    0.01980131
   -0.03192252
   -0.02610999
   -0.03349284
    0.00848429
    0.04749299
    0.04673657
    0.00275768
   -0.03349615
   -0.02833292
   -0.03373277
    0.01680214
    0.01693411
   -0.02935609
   -0.02764789
   -0.02850059
   -0.03260444
   -0.12828475
    0.27759798
   -0.01234164
   -0.02117867
   -0.02126813
   -0.03760583
    0.09720467
   -0.17541165
   -0.04539060
   -0.40502737
    0.07352842
    0.34601576
   -0.35415298
   -0.34500420
   -0.16041867
    0.27868838
   -0.01823341
   -0.04585140
    0.10322479
   -0.15995303
   -0.03001754
   -0.01865567
   -0.02505845
   -0.38207129
    0.03735822
    0.03486812
    0.03216120
    0.01891539
    0.03935508
    0.03863191
    0.04115790
    0.05068395
    0.05318056
    0.03423619
    0.03835632
    0.03786223
    0.03142138
    0.03384867
    0.03366728
    0.03512550
    0.06883298
    0.06041985
    0.06363678
    0.04581472
    0.06397432
    0.33570943
    0.04903769
    0.07090039
    0.06255502
    0.05802762
