           1           2   1.5538023219968855     
           2           3   1.3258581121855750     
           1           4  0.11757925322443728     
           3           4   1.5497732604068979     
           4           5   1.2901386717263588     
           1           6   1.2828825675289262     
           5           6   1.2565526799804840     
           6           7   1.2728864943274700     
           7           8   1.5608938608135818     
           8           9   1.3179991350111393     
           5          10   1.2406448236516718     
           7          10  0.11449114426999056     
           9          10   1.5322279347666901     
          10          11  0.99746028434428113     
          11          12  0.96025326304907133     
          12          13  0.99267628142988562     
          13          14   1.5204327050426247     
          14          15   1.3292465295898555     
          13          16  0.11489137850647076     
          15          16   1.5505894275122758     
          16          17   1.2810087534097447     
          13          18   1.2538352927859127     
          17          18   1.2509794951942841     
          18          19   1.2817906684578357     
          19          20   1.5537824803939961     
          20          21   1.3215632871410139     
          17          22   1.2790464061862772     
          19          22  0.11803312218561132     
          21          22   1.5576015365993778     
          12          23  0.94288188929824635     
          23          24   1.2077553203647964     
          24          25  0.95027354578595535     
          25          26   1.4096280793406573     
          26          27   1.4358887830735010     
          25          28  0.10775080734555470     
          27          28   1.4408622789910868     
          26          29  0.10064375759322289     
          28          29   1.4029481985557741     
          29          30  0.97208276670000582     
          25          31   1.4031713994408250     
          27          31  0.10916391553993415     
          29          31   1.4067924635550613     
          23          32  0.19482684116875307     
          24          32   1.7088049254316233     
          23          33  0.98226812458112644     
          33          34  0.90551595103219995     
          34          35   1.1508667082442592     
          34          36   1.8066827257582823     
          35          36  0.17279061794866224     
          11          37  0.93673225616847433     
          33          37  0.98665708817396325     
          37          38   1.1463144752733898     
          38          39  0.96599472710983036     
          39          40   1.3985796103246972     
          40          41   1.4051165919145896     
          41          42  0.98565793119801848     
          39          43  0.10546388947927554     
          41          43   1.3987179693745078     
          40          44  0.10714927449474970     
          43          44   1.4398379136660415     
          39          45   1.3965304112355490     
          44          45   1.4391259048415519     
          37          46  0.17149762067497312     
          38          46   1.7494874193181948     
           1          47  0.96787104708182170     
           2          48  0.97066360870719481     
           3          49  0.97100460403804689     
           4          50  0.95978309738327972     
           7          51  0.96763978170013210     
           8          52  0.97014258444869428     
           9          53  0.95977303213997656     
          11          54  0.94253216528254069     
          12          55  0.94674631191586989     
          14          56  0.96453913191912310     
          15          57  0.97009896844349985     
          16          58  0.96769685879634515     
          19          59  0.95773173846331949     
          20          60  0.97088975289792045     
          21          61  0.97066463025628302     
          22          62  0.96787711024096568     
          26          63  0.96644521077943768     
          27          64  0.96716031344816011     
          28          65  0.96679500242727201     
          31          66  0.96579249090480346     
          33          67  0.92317850190951500     
          35          68  0.84133328176144406     
          40          69  0.96338552781429421     
          43          70  0.96572462962369376     
          44          71  0.96680939676542166     
          45          72  0.96778646615296071     
