   -0.03845703
   -0.02612109
   -0.02744689
   -0.02620394
   -0.03064374
   -0.00143982
    0.03927575
    0.02875996
   -0.00277912
   -0.03663322
   -0.02737771
   -0.02910544
   -0.02756856
   -0.03208756
   -0.10443414
    0.27271236
   -0.00257625
   -0.02471137
    0.48733507
   -0.19204514
   -0.21233475
   -0.20534704
   -0.02236599
   -0.02230274
   -0.01910655
   -0.01777292
   -0.42129501
    0.09326442
    0.35886095
   -0.37175338
   -0.35751539
   -0.10535356
    0.27347950
   -0.00640224
   -0.02146541
   -0.01775472
   -0.02041346
   -0.01859267
   -0.01741069
    0.48896275
   -0.20016738
   -0.21417578
   -0.20668485
   -0.40806322
    0.05907517
    0.04067139
    0.03610342
    0.03841297
    0.05086739
    0.07404642
    0.07222769
    0.03597286
    0.04117435
    0.04149772
    0.04142838
    0.03215687
    0.06816054
    0.05840148
    0.05662851
    0.05524107
    0.08236171
    0.35248596
    0.05123840
    0.05941026
    0.05998323
    0.06571225
