           1           2   1.4398591361375430     
           2           3   1.4417934876017393     
           1           4  0.11153672050868750     
           3           4   1.4369854596175393     
           2           5  0.11211700673209217     
           4           5   1.4463866353158674     
           1           6   1.4184215586695117     
           3           6  0.10908385819179282     
           5           6   1.4097840819854390     
           6           7  0.98231052119405227     
           7           8  0.96144169893376730     
           8           9  0.98898149142035630     
           9          10   1.4159381091288550     
          10          11   1.4411923056587825     
           9          12  0.10933072766330165     
          11          12   1.4414974638555094     
          10          13  0.10981410075514288     
          12          13   1.4341236605153143     
           9          14   1.4063000741863323     
          11          14  0.11143020185830740     
          13          14   1.4494836401491384     
           8          15  0.95736412357702316     
          15          16   1.2285020641396573     
          16          17  0.95245782114507793     
          17          18   1.3894943219750064     
          18          19  0.94922905648812117     
          19          20  0.96279559615130417     
          19          21  0.93171486006611226     
          19          22  0.94762287726548078     
          18          23   1.4108975710929141     
          17          24  0.10994071669014170     
          23          24   1.4451273588886115     
          18          25  0.10568003887815114     
          24          25   1.4328992655502506     
          17          26   1.4036515728329551     
          23          26  0.11081445135254554     
          25          26   1.4461185969818906     
          15          27  0.19727756437222482     
          16          27   1.6847152779303241     
          15          28  0.98284984649401874     
          28          29  0.90067913979461989     
          29          30   1.1521925880197084     
          29          31   1.8034240948424651     
          30          31  0.18429577221923329     
           7          32  0.94430817988832472     
          28          32  0.98886657147100865     
          32          33   1.2238012215825000     
          33          34  0.94798335407458967     
          34          35   1.4043100123554924     
          35          36   1.4450249597151623     
          34          37  0.10958675207320139     
          36          37   1.4335843395508423     
          35          38  0.11087677085985542     
          37          38   1.4461520759869524     
          34          39   1.3904776740605234     
          36          39  0.10697428295708999     
          38          39   1.4093070526475628     
          39          40  0.94978272981170586     
          40          41  0.94852579795749847     
          40          42  0.93663010037080796     
          40          43  0.95066883605503860     
          32          44  0.19605789098513515     
          33          44   1.6927269065260035     
           1          45  0.95920438554659937     
           2          46  0.97054522854354430     
           3          47  0.97095064605361914     
           4          48  0.97044721735894213     
           5          49  0.96603832095624997     
           7          50  0.95200841321565521     
           8          51  0.94843836814238891     
          10          52  0.96811924464385113     
          11          53  0.97031560661278415     
          12          54  0.97076624095323361     
          13          55  0.97039210531513920     
          14          56  0.96897335519797001     
          23          57  0.96525642205887863     
          24          58  0.96867183729878592     
          25          59  0.96815597846708001     
          26          60  0.96717191762150012     
          28          61  0.93864877423996151     
          30          62  0.84915475734309509     
          35          63  0.96825955148266496     
          36          64  0.96803436971033607     
          37          65  0.96851017078081225     
          38          66  0.96594710254165361     
