   -0.03001619
   -0.02634666
   -0.02853378
   -0.02604909
   -0.03709104
    0.00323368
    0.04030154
    0.03275033
   -0.00685653
   -0.03248875
   -0.02227075
   -0.02624871
   -0.03013170
   -0.03982907
   -0.10426187
    0.27329548
   -0.00151606
   -0.01767704
   -0.02117839
   -0.02033344
    0.00592508
    0.54729176
   -0.37753549
   -0.38008811
   -0.01531329
   -0.41512032
    0.09104755
    0.35772616
   -0.35261656
   -0.38822239
   -0.10823889
    0.27373310
   -0.00636355
   -0.02323868
    0.00656231
    0.54818864
   -0.38198354
   -0.37811683
   -0.01809644
   -0.01587306
   -0.00420098
   -0.40275422
    0.03026087
    0.04058224
    0.04087354
    0.04074189
    0.03328240
    0.08269165
    0.05362577
    0.03713365
    0.05433014
    0.05062127
    0.04258680
    0.02762403
    0.05666009
    0.06197039
    0.08615853
    0.08686536
    0.09074442
    0.34618554
    0.07695123
    0.08642969
    0.06643357
    0.06578271
