           1           2   1.4334807769029898     
           2           3   1.4474489877561889     
           1           4  0.10971470141708005     
           3           4   1.4306689592950910     
           2           5  0.11317415102624416     
           4           5   1.4538305752899938     
           1           6   1.4250079193615766     
           3           6  0.10974670503843657     
           5           6   1.4019303014826643     
           6           7  0.98366362117785355     
           7           8  0.95136220395488469     
           8           9  0.98851262294966935     
           9          10   1.4063037643555807     
          10          11   1.4487473625404612     
           9          12  0.10912375329402009     
          11          12   1.4342283135301919     
          10          13  0.11053543028222113     
          12          13   1.4414308199759966     
           9          14   1.4150506398619531     
          11          14  0.11006470775233536     
          13          14   1.4408268386910252     
           8          15  0.96074724264422307     
          15          16   1.2166434252172618     
          16          17  0.95264406526752921     
          17          18   1.4028238922186913     
          18          19   1.4322570696502577     
          17          20  0.10552140758117719     
          19          20   1.4503576400624862     
          20          21   1.3815881268749215     
          21          22  0.95825524427684372     
          22          23   1.4582945220046406     
          22          24   1.4537593046562354     
          23          24  0.36561717844863756     
          17          25   1.4171896468906069     
          19          25  0.10625533412434143     
          21          25   1.3886984828493398     
          15          26  0.19642707979402213     
          16          26   1.6976091504225930     
          15          27  0.98784340172941865     
          27          28  0.90560734217976091     
          28          29   1.1666431425968924     
          28          30   1.7774161725757511     
          29          30  0.18452757005278772     
           7          31  0.96676585532505432     
          27          31  0.98623513995352619     
          31          32   1.2020900295803121     
          32          33  0.95331416529678281     
          33          34   1.4210253416894048     
          34          35   1.3847715536081213     
          35          36  0.95838137777274079     
          36          37   1.4539096053099159     
          36          38   1.4575404950774626     
          37          38  0.36525655087365561     
          33          39  0.10304512704152721     
          35          39   1.3841293227424374     
          34          40  0.10625081993869735     
          39          40   1.4488866975809629     
          33          41   1.3987347403274921     
          40          41   1.4339477098412372     
          31          42  0.19346072390793845     
          32          42   1.7080742559936051     
           1          43  0.96578557567843437     
           2          44  0.97053048496596828     
           3          45  0.97073742469668600     
           4          46  0.97031264646212778     
           5          47  0.96875081423822329     
           7          48  0.94501826517423626     
           8          49  0.95390438495007657     
          10          50  0.96876447825376633     
          11          51  0.96916821257058561     
          12          52  0.96990598662754457     
          13          53  0.97015718619631175     
          14          54  0.96811615474142909     
          18          55  0.96799461896988870     
          19          56  0.96738846850196802     
          20          57  0.95984195193626276     
          25          58  0.95835598813443623     
          27          59  0.93349675672685473     
          29          60  0.85399442475184262     
          34          61  0.95973815529693074     
          39          62  0.95991077860632601     
          40          63  0.96675080622103082     
          41          64  0.96701745399741412     
