   -0.02338778
    0.48543523
   -0.23008779
   -0.20146952
   -0.20124058
   -0.01931766
   -0.02105263
   -0.01618320
   -0.02695215
    0.02796074
    0.04933933
    0.04276937
    0.01902560
   -0.02704136
    0.48574065
   -0.20904105
   -0.21634974
   -0.20266447
   -0.02192264
   -0.02168334
   -0.01593006
   -0.02559670
   -0.12330563
    0.26236673
    0.07390908
   -0.05953967
   -0.02389839
   -0.10911294
    0.11203789
   -0.11951483
   -0.20362642
   -0.41908003
    0.09097423
    0.36007845
   -0.36487160
   -0.37469167
   -0.11080799
    0.26076914
    0.07018360
   -0.05511511
   -0.02239352
   -0.10888198
    0.11757475
   -0.12187702
   -0.21243576
   -0.43466317
    0.06643602
    0.05587374
    0.05365026
    0.06643633
    0.06091362
    0.06673111
    0.06625043
    0.05910168
    0.06095792
    0.05646332
    0.06079747
    0.05540744
    0.04853832
    0.04890037
    0.05987600
    0.07348020
    0.06331158
    0.10038446
    0.33955805
    0.06253653
    0.05384315
    0.05058165
    0.04785080
    0.06586140
    0.08075101
    0.06107878
