           1           2  0.95255396574756801     
           2           3  0.92147136000679153     
           2           4  0.95537301912298345     
           2           5  0.95011195442250240     
           1           6   1.4124745845099314     
           6           7   1.4435280205381196     
           1           8  0.10455212304257716     
           7           8   1.4323976466655934     
           6           9  0.10909979118322678     
           8           9   1.4491979351179090     
           1          10   1.3841086873533748     
           7          10  0.10791956871274273     
           9          10   1.4070803754738239     
          10          11  0.99558528991358819     
          11          12  0.94109473263120158     
          12          13  0.99860988763646119     
          13          14   1.3870488304998421     
          14          15  0.95151072297739303     
          15          16  0.94002881501646496     
          15          17  0.93694322262184826     
          15          18  0.95318518244524220     
          14          19   1.4085907234777837     
          13          20  0.10821075007420260     
          19          20   1.4457689910387308     
          14          21  0.10357220717227443     
          20          21   1.4301003787692308     
          13          22   1.4051387606307173     
          19          22  0.10836206435350906     
          21          22   1.4490820266464473     
          12          23  0.96692187464734070     
          23          24   1.1619000408667026     
          24          25   1.0354486110262764     
          25          26   1.5125700092555043     
          26          27   1.3041489938055144     
          27          28   1.0312785979698735     
          25          29  0.13007747670919023     
          27          29   1.5076753582226743     
          29          30   1.0325729518949449     
          25          31   1.0898887534269999     
          29          31   1.1217417626479926     
          23          32  0.17511509891800972     
          24          32   1.6603785860252527     
          23          33  0.97249319282691782     
          33          34  0.90874633402527127     
          34          35   1.1396257853550547     
          34          36   1.7922389107337233     
          35          36  0.17799208979697317     
          11          37  0.96169923841958171     
          33          37  0.99292100451158694     
          37          38   1.1783108491802519     
          38          39   1.0466346287520587     
          39          40   1.5069554282080029     
          40          41   1.3099266571387220     
          41          42   1.0309504371716633     
          39          43  0.13145362731568105     
          41          43   1.5031632550671623     
          43          44   1.0329973116700992     
          39          45   1.0808862064645799     
          43          45   1.1178031401046775     
          37          46  0.17990201831101732     
          38          46   1.6380845321077526     
           6          47  0.96571868921662152     
           7          48  0.96896086962864669     
           8          49  0.96913310347858528     
           9          50  0.95971510178188313     
          11          51  0.95178592317415989     
          12          52  0.95203550823844685     
          19          53  0.96552525411915591     
          20          54  0.96853297391468707     
          21          55  0.96829485282086458     
          22          56  0.96437308718764747     
          26          57  0.97161404745981250     
          28          58  0.98400658996514456     
          28          59  0.97586178154842285     
          28          60  0.97029536468114164     
          30          61  0.96197725637102649     
          30          62  0.97765712964758311     
          30          63  0.97347973920003650     
          33          64  0.93411428618719183     
          35          65  0.85842068595390209     
          40          66  0.97122694084505667     
          42          67  0.98524416093014600     
          42          68  0.97204454939296436     
          42          69  0.97379990375484660     
          44          70  0.96349594145084183     
          44          71  0.97833304160481471     
          44          72  0.96922499080845259     
