   -0.02381528
    0.48534282
   -0.20476495
   -0.19853856
   -0.23068803
   -0.01899681
   -0.02013489
   -0.01490074
   -0.02746269
    0.02224221
    0.04905210
    0.04118845
    0.01034791
   -0.02792011
    0.48567389
   -0.21307387
   -0.21371615
   -0.19595381
   -0.01805560
   -0.01909805
   -0.01764875
   -0.02882449
   -0.10828215
    0.27495249
   -0.05765241
    0.06978841
   -0.16464080
    0.05738188
   -0.00673554
   -0.11064539
   -0.45680801
    0.07719847
    0.34999862
   -0.36052997
   -0.36604715
   -0.11483701
    0.28099564
   -0.06380902
    0.07490366
   -0.16323118
    0.05427308
   -0.01677582
   -0.10696582
   -0.40751164
    0.06761751
    0.05824137
    0.06021918
    0.07490496
    0.06513067
    0.06429105
    0.07396199
    0.06480074
    0.06167767
    0.05252326
    0.05566511
    0.06487448
    0.06161814
    0.05042439
    0.05917804
    0.06706900
    0.36735127
    0.06974444
    0.05698622
    0.05162924
    0.05800008
    0.03881626
