           1           2  0.95254737223239916     
           2           3  0.94570411909598662     
           2           4  0.95911905725425151     
           2           5  0.92123233272218563     
           1           6   1.4134972629283675     
           6           7   1.4416842381491999     
           1           8  0.10535518256562458     
           7           8   1.4355183384493555     
           6           9  0.10880991024306053     
           8           9   1.4444116100380466     
           1          10   1.3832151488889257     
           7          10  0.10771331156994016     
           9          10   1.4125986177384160     
          10          11  0.99146585482962246     
          11          12  0.94742640795021105     
          12          13  0.99473837008498434     
          13          14   1.3876758838600756     
          14          15  0.95058082079534123     
          15          16  0.93908061307277579     
          15          17  0.93506196895434124     
          15          18  0.96006577883765576     
          14          19   1.4107978897306810     
          13          20  0.10896779947655749     
          19          20   1.4448622207977326     
          14          21  0.10370442774049923     
          20          21   1.4301269566477461     
          13          22   1.4061124379620180     
          19          22  0.10902898553014645     
          21          22   1.4504725044044766     
          12          23  0.96183032319889172     
          23          24   1.2533028366231638     
          24          25  0.98597848699454049     
          25          26   1.5641074200962688     
          26          27   1.1541634256833375     
          26          28  0.14712072806509893     
          27          28   1.1269258544140908     
          25          29   1.2202259789718835     
          28          29   1.5847122548685928     
          29          30   1.0351289685660763     
          23          31  0.18475180723188570     
          24          31   1.6038677509744774     
          23          32  0.96681613045979287     
          32          33  0.88670115966764929     
          33          34   1.2051765946898949     
          33          35   1.7747842810212486     
          34          35  0.18116629673414320     
          11          36  0.96094016485810008     
          32          36   1.0025665018418513     
          36          37   1.1816979236722929     
          37          38  0.96987047338513777     
          38          39   1.5719481740664776     
          39          40   1.1547432889858662     
          39          41  0.14540039631062096     
          40          41   1.1287163148585255     
          38          42   1.2276464532785940     
          41          42   1.5846322705275513     
          42          43   1.0313832676607351     
          36          44  0.18758807792790477     
          37          44   1.7120076676906189     
           6          45  0.96558065294669770     
           7          46  0.96862923032732917     
           8          47  0.96844844030473420     
           9          48  0.95763479311621580     
          11          49  0.95221837456025815     
          12          50  0.95077062573849758     
          19          51  0.96454469453993563     
          20          52  0.96788380368528093     
          21          53  0.96814725279135305     
          22          54  0.96632350028158043     
          26          55  0.96497118231317680     
          28          56  0.96414705603328077     
          30          57  0.96768316347555716     
          30          58  0.97220356059949264     
          30          59  0.98286409917962936     
          32          60  0.93597561198285562     
          34          61  0.77728017661688609     
          39          62  0.96393288761676865     
          41          63  0.96521988783266821     
          43          64  0.98314938369881166     
          43          65  0.97656767937377065     
          43          66  0.96842532919616053     
