   -0.03336312
   -0.03174583
    0.01462669
   -0.03369346
   -0.02995070
   -0.02967704
   -0.03383066
    0.01680397
   -0.03700296
    0.01160800
    0.04747152
    0.04762571
    0.01271565
   -0.03657133
    0.01577768
   -0.03409893
   -0.02926752
   -0.02948608
   -0.03311319
    0.01452544
   -0.03142012
   -0.03075963
   -0.12130083
    0.27126731
   -0.05700128
    0.08116602
   -0.16922911
    0.11425018
   -0.12165853
   -0.09266178
   -0.40982067
    0.08047868
    0.34514315
   -0.36162632
   -0.34467353
   -0.11294311
    0.27405611
   -0.05846208
    0.07751838
   -0.17063578
    0.11533935
   -0.12059686
   -0.08852708
   -0.40855693
    0.05002282
    0.03863052
    0.03304566
    0.03059640
    0.03047773
    0.03195404
    0.03167798
    0.05103676
    0.06126160
    0.02819648
    0.02958347
    0.03124905
    0.03209896
    0.03427722
    0.03998868
    0.03668675
    0.07070073
    0.06822090
    0.05745511
    0.07241885
    0.03108906
    0.04371378
    0.32823152
    0.06603423
    0.07086583
    0.06584287
    0.05636716
    0.02957642
