           1           2   1.5658208533712530     
           2           3   1.2751571821443670     
           3           4   1.2825924202098515     
           4           5   1.5553604331905979     
           5           6   1.3216195483625672     
           4           7  0.11797272555635865     
           6           7   1.5567377431004490     
           3           8   1.2512288930862443     
           7           8   1.2796122097203755     
           2           9  0.11369512790500762     
           8           9   1.2804438668465432     
           1          10   1.2918827094419414     
           9          10   1.5275246244547751     
          10          11  0.99015166312698355     
          11          12  0.95175272069571548     
          12          13  0.99093236560640940     
          13          14   1.5249624482526503     
          14          15   1.2830143649022376     
          15          16   1.2789285911449053     
          16          17   1.5574973460719257     
          17          18   1.3208374148674051     
          16          19  0.11807280894716046     
          18          19   1.5562525090097210     
          15          20   1.2499342243452913     
          19          20   1.2818653029920217     
          14          21  0.11509497369850005     
          20          21   1.2771007737842721     
          13          22   1.2943912891833655     
          21          22   1.5629147048650081     
          12          23  0.95470001055550868     
          23          24   1.1807029305619918     
          24          25  0.99250143261664725     
          25          26   1.5636559274221544     
          26          27   1.1525190197287731     
          26          28  0.12775474395987965     
          27          28   1.1187432955886971     
          28          29   1.0305960229472322     
          25          30   1.2382347101821549     
          28          30   1.5777462560426070     
          23          31  0.18307716003953783     
          24          31   1.6984259712324170     
          23          32  0.98329893213051933     
          32          33  0.89864550872559346     
          33          34   1.1395953413061330     
          33          35   1.8044034345536182     
          34          35  0.16848885919519721     
          11          36  0.95330761643219242     
          32          36  0.99094708314197777     
          36          37   1.1993714027639977     
          37          38  0.96990662474196987     
          38          39   1.5703576179902545     
          39          40   1.1460237919599925     
          39          41  0.13197875263332220     
          40          41   1.1215063822251159     
          41          42   1.0295249278569527     
          38          43   1.2443419246625054     
          41          43   1.5785273700977034     
          36          44  0.19287480258888931     
          37          44   1.7021729462092519     
           1          45  0.96330677271729737     
           2          46  0.96776179784316385     
           4          47  0.96839117071358105     
           5          48  0.97112452195663357     
           6          49  0.97109606641198998     
           7          50  0.96840614460029784     
           9          51  0.96562680580396709     
          11          52  0.95363759695783790     
          12          53  0.95107158341060183     
          14          54  0.96612987581833454     
          16          55  0.96853863594795353     
          17          56  0.97107440270388334     
          18          57  0.97102950641275143     
          19          58  0.96828904335199739     
          21          59  0.96750598617125727     
          22          60  0.96807437465946045     
          26          61  0.96408789171159104     
          29          62  0.96851762685212517     
          29          63  0.98370730924987249     
          29          64  0.96601974585002504     
          30          65  0.97153006753310844     
          32          66  0.94014501638437031     
          34          67  0.85390013882143989     
          39          68  0.96490341210872566     
          42          69  0.96929160600145714     
          42          70  0.96709766127878793     
          42          71  0.98387860782643988     
          43          72  0.97382440251235547     
