   -0.03299959
   -0.02900300
   -0.02819710
   -0.03501989
    0.01112429
    0.01718973
   -0.03412022
   -0.02701684
   -0.03118086
    0.00248641
    0.04649963
    0.04854780
    0.00664572
   -0.02619375
   -0.02499127
   -0.03291007
    0.01722131
    0.01254510
   -0.03806401
   -0.03034280
   -0.02944457
   -0.03157635
   -0.11806807
    0.27274246
   -0.02776796
   -0.01968793
   -0.04374841
    0.17234646
   -0.21520313
   -0.05293486
   -0.03742732
   -0.39723295
    0.08279189
    0.34227419
   -0.35694873
   -0.33511962
   -0.11684547
    0.27268848
   -0.02754944
   -0.01975302
   -0.04092840
    0.17457726
   -0.21468773
   -0.05278459
   -0.03719834
   -0.39889168
    0.03626901
    0.03404777
    0.03197311
    0.02437745
    0.03808885
    0.03862518
    0.04402511
    0.06217492
    0.06011876
    0.03820739
    0.04114007
    0.03990344
    0.02022917
    0.02722894
    0.03411125
    0.03707288
    0.06498097
    0.07397718
    0.06566367
    0.04755022
    0.03395998
    0.32560488
    0.06285654
    0.07448215
    0.06485889
    0.04262944
