           1           2   1.5574484466406817     
           2           3   1.3219165040819465     
           1           4  0.11837328886417298     
           3           4   1.5547998010960860     
           4           5   1.2832794557467087     
           1           6   1.2793820130842550     
           5           6   1.2516825911902061     
           6           7   1.2802390350567328     
           7           8   1.5522693067685363     
           8           9   1.3271885059071029     
           5          10   1.2538723290774303     
           7          10  0.11453760142006846     
           9          10   1.5235796695241846     
          10          11  0.98903609081776589     
          11          12  0.95193215939366027     
          12          13  0.99295245683454691     
          13          14   1.5205334471456267     
          14          15   1.3276164474544980     
          13          16  0.11453101068298792     
          15          16   1.5527603235850376     
          16          17   1.2789538987531026     
          13          18   1.2528406558155107     
          17          18   1.2520478479265009     
          18          19   1.2832235216573180     
          19          20   1.5538558130682614     
          20          21   1.3222343989440579     
          17          22   1.2805398212308674     
          19          22  0.11765756407134689     
          21          22   1.5567933598505659     
          12          23  0.94735333972236491     
          23          24   1.1902804218918521     
          24          25  0.95896502444370824     
          25          26   1.4063183670559727     
          26          27   1.4439485197362067     
          27          28   1.3956686908448881     
          28          29  0.96782283233853261     
          26          30  0.10931933717481068     
          28          30   1.3902194309231364     
          25          31   1.4001776389483171     
          27          31  0.10986416662729452     
          30          31   1.4464559813708413     
          23          32  0.18905517647271605     
          24          32   1.7158934487069994     
          23          33  0.98510194384211347     
          33          34  0.89764180330513965     
          34          35   1.1365917318013579     
          34          36   1.8099619892305949     
          35          36  0.16980964815090333     
          11          37  0.94929551347642871     
          33          37  0.99042044086043168     
          37          38   1.2016458755635642     
          38          39  0.95001481598710824     
          39          40   1.4034052187801618     
          40          41   1.4444240906308057     
          41          42   1.3951623785684484     
          42          43  0.96838637000602867     
          40          44  0.10977254078708537     
          42          44   1.3917718619604709     
          39          45   1.4057272986476621     
          41          45  0.11013540160864221     
          44          45   1.4433388746329432     
          37          46  0.19536978826787410     
          38          46   1.7149863214921877     
           1          47  0.96790279148007630     
           2          48  0.97066681469929550     
           3          49  0.97105084752547588     
           4          50  0.96172579792567103     
           7          51  0.96778080773059783     
           8          52  0.97012092825020102     
           9          53  0.96344602962290393     
          11          54  0.94526181303050760     
          12          55  0.95165079393686125     
          14          56  0.96714007916333500     
          15          57  0.96977420755873445     
          16          58  0.96765561857304472     
          19          59  0.96412923876613166     
          20          60  0.97127707295713717     
          21          61  0.97073137738806248     
          22          62  0.96784279773927573     
          26          63  0.96719706614304712     
          27          64  0.96439491955066903     
          30          65  0.96561574710894349     
          31          66  0.96684314744632216     
          33          67  0.94147172348884411     
          35          68  0.86472322346995112     
          40          69  0.96729145127411642     
          41          70  0.96420981754991308     
          44          71  0.96582560990691646     
          45          72  0.96856562671233926     
