   -0.03403085
   -0.02949113
   -0.02859788
   -0.03408111
    0.00714801
    0.01415042
   -0.03581290
   -0.02779887
   -0.03460907
   -0.01043228
    0.04080591
    0.04491983
   -0.00233192
   -0.03197164
   -0.02976690
   -0.03612398
    0.01523288
    0.00726459
   -0.03545540
   -0.02740554
   -0.02848302
   -0.03404515
   -0.11896466
    0.27391751
   -0.02990619
    0.02615843
   -0.06071596
   -0.10331399
   -0.03674588
   -0.02974860
   -0.03108899
   -0.02852831
   -0.42793650
    0.10119801
    0.37392732
   -0.35576415
   -0.41131961
   -0.11338563
    0.27674451
   -0.02086249
   -0.02915517
   -0.03085356
   -0.02801350
   -0.03502590
    0.02278288
   -0.05410570
   -0.09910282
   -0.43548772
    0.03592395
    0.03442538
    0.03275206
    0.02561151
    0.03702308
    0.04185301
    0.05418472
    0.04995610
    0.07989551
    0.02831527
    0.03530304
    0.03638660
    0.03067514
    0.03205219
    0.03368821
    0.03514613
    0.04126727
    0.05626293
    0.03108920
    0.03602335
    0.05598948
    0.03942788
    0.03551786
    0.03728475
    0.02575089
    0.05852361
    0.34619707
    0.02888267
    0.03606775
    0.03598748
    0.03866893
    0.04694903
    0.03426343
    0.05725650
    0.03264769
    0.03896302
