           1           2   1.5568445502625343     
           2           3   1.3224020776972789     
           1           4  0.11819568986078237     
           3           4   1.5534089651730367     
           4           5   1.2824830830073568     
           1           6   1.2789685129419539     
           5           6   1.2518271848605291     
           6           7   1.2794834997035380     
           7           8   1.5514493473720683     
           8           9   1.3274353861316694     
           5          10   1.2522351956404052     
           7          10  0.11379950270645843     
           9          10   1.5198370479269858     
          10          11  0.98730294701258836     
          11          12  0.95003895381119996     
          12          13  0.98573208437036441     
          13          14   1.5321607009795808     
          14          15   1.3203068907216853     
          13          16  0.11437445434365079     
          15          16   1.5581471765309192     
          16          17   1.2759997985772740     
          13          18   1.2473676073027289     
          17          18   1.2553383615678588     
          18          19   1.2852875362997465     
          19          20   1.5521223045561920     
          20          21   1.3244119536119072     
          17          22   1.2806542427106336     
          19          22  0.11857737637788461     
          21          22   1.5554634933829861     
          12          23  0.96586723761284587     
          23          24   1.1931586639635212     
          24          25  0.97862503918599697     
          25          26   1.3764031560915257     
          26          27   1.0155137673233980     
          27          28   1.0000182528354529     
          26          29   1.4059457003570306     
          25          30  0.10363392265512897     
          29          30   1.4535076771337516     
          26          31  0.10613878282557918     
          30          31   1.4240552245249907     
          25          32   1.3916333715121629     
          29          32  0.10890348546242722     
          31          32   1.4524623228175353     
          23          33  0.18436655559075271     
          24          33   1.6811967025931640     
          23          34  0.99018902058422542     
          34          35  0.91258995808830068     
          35          36   1.1617893926185527     
          35          37   1.7339413093963967     
          36          37  0.16995299853455867     
          11          38  0.95886275138935750     
          34          38  0.97000123444433561     
          38          39   1.2352852948891959     
          39          40  0.97057526069134181     
          40          41   1.4037690187138714     
          41          42   1.4438776560273188     
          40          43  0.10561126783537560     
          42          43   1.4304877539589658     
          41          44  0.10832144755011561     
          43          44   1.4474075955236207     
          40          45   1.3730866490717633     
          42          45  0.10651861843955500     
          44          45   1.4101743381845080     
          45          46   1.0161470832101573     
          46          47  0.99620954755139568     
          38          48  0.18575052127739156     
          39          48   1.6379045406173325     
           1          49  0.96787572054225945     
           2          50  0.97060671201918469     
           3          51  0.97093473891034987     
           4          52  0.95952811007463867     
           7          53  0.96775729073065730     
           8          54  0.96975038045657724     
           9          55  0.96275382306847912     
          11          56  0.94731030161973828     
          12          57  0.94312132368947055     
          14          58  0.96485943076767278     
          15          59  0.97037822000829288     
          16          60  0.96794829575988750     
          19          61  0.96290535736937632     
          20          62  0.97100177084621797     
          21          63  0.97069653080249085     
          22          64  0.96805061531083014     
          27          65  0.96682401731038359     
          27          66  0.97165484885809228     
          28          67  0.98764066079059842     
          28          68  0.98622782069321158     
          28          69  0.97898325539364162     
          29          70  0.96784057583664795     
          30          71  0.97076265681607943     
          31          72  0.97009712813979343     
          32          73  0.96659235634925011     
          34          74  0.94214852588000642     
          36          75  0.85434902399865065     
          41          76  0.96924680300796573     
          42          77  0.97017366037275110     
          43          78  0.97077164989318321     
          44          79  0.96779585909515742     
          46          80  0.96774498063857328     
          46          81  0.97340336101553737     
          47          82  0.98392571258484596     
          47          83  0.98843084440020312     
          47          84  0.98576741295008308     
