   -0.03862422
   -0.03244476
    0.01400930
   -0.03313426
   -0.02706669
   -0.02660312
   -0.03219135
    0.01513324
   -0.03822827
   -0.00547919
    0.04255920
    0.04216813
   -0.00677504
   -0.04770268
    0.01300376
   -0.03561138
   -0.02848538
   -0.02857311
   -0.03329671
    0.01270510
   -0.03212627
   -0.04358654
   -0.11731671
    0.27893803
   -0.08744582
    0.02447634
   -0.03257319
   -0.02887926
   -0.03111905
   -0.02684531
   -0.03134489
   -0.42285289
    0.08615830
    0.35786443
   -0.36353964
   -0.36463256
   -0.10972667
    0.27258073
   -0.08495771
    0.01710360
   -0.03808908
   -0.02814814
   -0.03090175
   -0.02795264
   -0.03727631
   -0.46371998
    0.03154818
    0.04048789
    0.03628726
    0.03694456
    0.03763259
    0.03690117
    0.03295536
    0.04920275
    0.04618750
    0.02584861
    0.03106792
    0.03285801
    0.03386576
    0.03658955
    0.04359444
    0.07397500
    0.05341277
    0.05525970
    0.02866039
    0.03064448
    0.03060481
    0.03359840
    0.03637763
    0.07403097
    0.36579634
    0.04875649
    0.08007956
    0.02781455
    0.03222571
    0.03244535
    0.03667067
    0.04822601
