           1           2   1.5575969202276669     
           2           3   1.2784957719357559     
           3           4   1.2798151865333931     
           4           5   1.5571142764963115     
           5           6   1.3201659508858958     
           4           7  0.11836682694960086     
           6           7   1.5580055732738847     
           3           8   1.2493493177615549     
           7           8   1.2771859129275573     
           2           9  0.11491523870783424     
           8           9   1.2850066756314298     
           1          10   1.2976847423460844     
           9          10   1.5190909868970286     
          10          11  0.98716218140903067     
          11          12  0.94456224058717309     
          12          13  0.98090643956384715     
          13          14   1.5175657006115215     
          14          15   1.2863734795555468     
          15          16   1.2761591740680842     
          16          17   1.5598739933900425     
          17          18   1.3187832515384565     
          16          19  0.11843303667594818     
          18          19   1.5586809152864938     
          15          20   1.2492016188668458     
          19          20   1.2792476211436508     
          14          21  0.11599885979806923     
          20          21   1.2807166545556730     
          13          22   1.2986944483102836     
          21          22   1.5567679605465541     
          12          23  0.97757445209112237     
          23          24   1.1877466753723571     
          24          25  0.95771559716742005     
          25          26   1.0028524510495567     
          26          27   1.4210638603684185     
          27          28   1.4387606340285972     
          26          29  0.10966099003883087     
          28          29   1.4435684578736294     
          27          30  0.11033411949960098     
          29          30   1.4341898022896595     
          26          31   1.4087042260543214     
          28          31  0.11274911705257104     
          30          31   1.4507734847212885     
          23          32  0.18030511595425852     
          24          32   1.7100227016998317     
          23          33  0.99468865906462867     
          33          34  0.88689741257134347     
          34          35   1.2111324737107301     
          34          36   1.7725833599736704     
          35          36  0.18140583518366732     
          11          37  0.96528324836430868     
          33          37  0.96779882343398993     
          37          38   1.2706389871830386     
          38          39  0.97987676463654927     
          39          40  0.98346455913384379     
          40          41   1.4120725267480316     
          41          42   1.4422860292146842     
          40          43  0.10852484812868522     
          42          43   1.4388491052636545     
          41          44  0.11087375381234454     
          43          44   1.4377056882433197     
          40          45   1.4132918216307722     
          42          45  0.11097662350761650     
          44          45   1.4444835728611940     
          37          46  0.18198265007372766     
          38          46   1.5968232972146563     
           1          47  0.96794187201133819     
           2          48  0.96749239460755143     
           4          49  0.96815838129939480     
           5          50  0.97069645312784325     
           6          51  0.97059827839074719     
           7          52  0.96793918682414337     
           9          53  0.96571962042622461     
          11          54  0.95332469791685304     
          12          55  0.95335914402405719     
          14          56  0.96593693566973582     
          16          57  0.96843183840850089     
          17          58  0.97094353662753585     
          18          59  0.97089376838086128     
          19          60  0.96816500581307541     
          21          61  0.96729367037413239     
          22          62  0.95272093979954442     
          25          63  0.95588615220360662     
          25          64  0.95083020962821707     
          27          65  0.96919397919409112     
          28          66  0.97124909189254627     
          29          67  0.97152102349165048     
          30          68  0.97100736227395257     
          31          69  0.96938454814348196     
          33          70  0.93573788416728776     
          35          71  0.76834823884142178     
          39          72  0.96560729828874003     
          39          73  0.94644884366881565     
          41          74  0.96893967913566659     
          42          75  0.97067737496101314     
          43          76  0.97120084838548737     
          44          77  0.97071772001864265     
          45          78  0.96666250406783616     
