   -0.03243452
    0.48430081
   -0.20011627
   -0.20140774
   -0.21733764
   -0.02305430
   -0.02322959
   -0.01901302
   -0.02812820
    0.01117700
    0.03706553
    0.05049521
    0.02627530
   -0.02172012
    0.48874074
   -0.20477333
   -0.20524125
   -0.21705523
   -0.01991906
   -0.01993518
   -0.01501309
   -0.02189857
   -0.12111367
    0.27547623
   -0.01248981
   -0.02333617
   -0.02691272
   -0.03673069
    0.02368685
   -0.11220947
   -0.03880944
   -0.42475933
    0.09236312
    0.35952286
   -0.35609295
   -0.37336710
   -0.11831958
    0.27525283
   -0.01778513
   -0.03749717
    0.01730960
   -0.11178069
   -0.04008997
   -0.02797160
   -0.03392222
   -0.42632969
    0.06982063
    0.05993745
    0.05789732
    0.05673846
    0.07578315
    0.05676643
    0.07007327
    0.05856379
    0.05677826
    0.04702384
    0.04659155
    0.03981267
    0.03777182
    0.04920458
    0.05288720
    0.04601760
    0.02836167
    0.08858859
    0.34768708
    0.03647089
    0.04237054
    0.04506603
    0.05610827
    0.03734317
    0.04722175
    0.05724239
