           1           2  0.94887276304334844     
           2           3  0.95001019606378012     
           2           4  0.95290061178722019     
           2           5  0.93417704772221577     
           1           6   1.4099418383487747     
           6           7   1.4461595268100556     
           1           8  0.10348815784928952     
           7           8   1.4288016064783662     
           6           9  0.10947995094653848     
           8           9   1.4521748381696500     
           1          10   1.3894153396588880     
           7          10  0.10835041266544963     
           9          10   1.4032045812137091     
          10          11  0.99716021486671780     
          11          12  0.94541329649232619     
          12          13  0.99576645231814698     
          13          14   1.3857725134688372     
          14          15  0.95093950655542636     
          15          16  0.95063938179442475     
          15          17  0.94399006406594932     
          15          18  0.93550784035739010     
          14          19   1.4111717087477669     
          13          20  0.10860653857959345     
          19          20   1.4452195106755095     
          14          21  0.10483266904158746     
          20          21   1.4305443819571426     
          13          22   1.4044884581874004     
          19          22  0.10853267935709221     
          21          22   1.4516025847112373     
          12          23  0.95986499308271933     
          23          24   1.1947952493316087     
          24          25  0.96650681760894763     
          25          26   1.3971555315344497     
          26          27   1.4441823622505514     
          25          28  0.10685790853820371     
          27          28   1.4395970973742900     
          26          29  0.10790721979119754     
          28          29   1.4133857208786145     
          29          30   1.0259400200771409     
          25          31   1.4136503011208910     
          27          31  0.10926257359620939     
          29          31   1.4070925761770494     
          23          32  0.18512005576265594     
          24          32   1.6911039032483304     
          23          33  0.98235849978208956     
          33          34  0.90125942352848842     
          34          35   1.1660789188831462     
          34          36   1.7915548799852421     
          35          36  0.18515348722054803     
          11          37  0.96767151275070495     
          33          37  0.98754361242959465     
          37          38   1.1855908305737262     
          38          39  0.96928917165782558     
          39          40   1.4075761909495594     
          40          41   1.4152930090858713     
          41          42   1.0252704165587325     
          39          43  0.10625378042650072     
          41          43   1.4072109547027181     
          40          44  0.10915326240474288     
          43          44   1.4452522998574249     
          39          45   1.3992105357002536     
          41          45  0.10704682713043634     
          44          45   1.4383168937901689     
          37          46  0.18222019239432030     
          38          46   1.6954190235203068     
           6          47  0.96506224715244127     
           7          48  0.96845250489030099     
           8          49  0.96849850508906687     
           9          50  0.96488750978999782     
          11          51  0.94880489875752416     
          12          52  0.94867848980927971     
          19          53  0.96493200012556135     
          20          54  0.96852688201297077     
          21          55  0.96853458546487170     
          22          56  0.96547595313793944     
          26          57  0.96933742413149271     
          27          58  0.96968542211336151     
          28          59  0.96878059744643008     
          30          60  0.97444928028948197     
          30          61  0.96943060693347149     
          30          62  0.98516427665802431     
          31          63  0.96708899628042877     
          33          64  0.93494984363262323     
          35          65  0.85213233096897378     
          40          66  0.96794038427628637     
          42          67  0.98054863591392727     
          42          68  0.98299632891099853     
          42          69  0.96647494809996848     
          43          70  0.96903062087664904     
          44          71  0.96889542287069264     
          45          72  0.96714817119310559     
