   -0.03330530
   -0.02992883
   -0.02953219
   -0.03520431
    0.01177036
    0.01528490
   -0.03487303
   -0.02782952
   -0.02493653
    0.00637524
    0.04704506
    0.03440981
   -0.00609803
   -0.03981503
   -0.02975211
   -0.03424769
    0.01422255
    0.00721970
   -0.03825865
   -0.02734653
   -0.02954526
   -0.03506870
   -0.11810316
    0.27773459
   -0.04275867
    0.06693441
   -0.18313566
    0.11552601
   -0.11688974
   -0.06949275
   -0.43422548
    0.09086131
    0.35610932
   -0.36074068
   -0.39108656
   -0.13775506
    0.27142219
   -0.05205665
    0.08242976
   -0.17339979
    0.11552465
   -0.11894536
   -0.08497158
   -0.43286387
    0.03473227
    0.03233374
    0.02766241
    0.02758031
    0.03687285
    0.03854900
    0.03987258
    0.05077691
    0.06741225
    0.03737311
    0.03737312
    0.03624565
    0.05476326
    0.03690248
    0.03297819
    0.03214760
    0.04777359
    0.05823086
    0.06566175
    0.06290487
    0.04518269
    0.10179398
    0.34230174
    0.06856309
    0.06408420
    0.05888977
    0.06657118
    0.05376340
