           1           2   1.5568379525932352     
           2           3   1.3217512600755703     
           1           4  0.11753236650278578     
           3           4   1.5531368726275083     
           4           5   1.2843237936139564     
           1           6   1.2802055241704364     
           5           6   1.2496719280104647     
           6           7   1.2808956059270171     
           7           8   1.5501097517993279     
           8           9   1.3299701392706460     
           5          10   1.2553379314736204     
           7          10  0.11542526371995085     
           9          10   1.5182766043390235     
          10          11  0.99513857857343535     
          11          12  0.95807800573161139     
          12          13  0.99692930702552074     
          13          14   1.5313744114766801     
          14          15   1.3197206704792872     
          13          16  0.11482283247458352     
          15          16   1.5577965950939230     
          16          17   1.2752039887234294     
          13          18   1.2435844273104149     
          17          18   1.2576260203657843     
          18          19   1.2853917844308120     
          19          20   1.5517054723228354     
          20          21   1.3245252287623706     
          17          22   1.2799589980028980     
          19          22  0.11887464388136404     
          21          22   1.5551635319560764     
          12          23  0.95018928521191770     
          23          24   1.2106852435247435     
          24          25  0.97861235179541806     
          25          26   1.5734071401376235     
          26          27   1.1344226549811800     
          26          28  0.13715887782324596     
          27          28   1.1144627474201485     
          28          29   1.0289502324301685     
          25          30   1.2465776914393838     
          28          30   1.5852568905342335     
          23          31  0.18941220866599259     
          24          31   1.6746832468469321     
          23          32  0.98732218663950311     
          32          33  0.92093585912711073     
          33          34   1.1483636202746976     
          33          35   1.7683187975462993     
          34          35  0.17747900248752901     
          11          36  0.94505251039482330     
          32          36  0.97544805610086749     
          36          37   1.1709328631463098     
          37          38   1.0253354515309556     
          38          39   1.5322428415343241     
          39          40   1.1650670971914912     
          39          41  0.12974051538037809     
          40          41   1.1049588245889261     
          41          42   1.0299242057113180     
          38          43   1.2398468764743702     
          41          43   1.5953217765967549     
          36          44  0.17210202722605564     
          37          44   1.6721161599858294     
           1          45  0.96795127978088735     
           2          46  0.97075737373892723     
           3          47  0.97107752794599178     
           4          48  0.95212200178517337     
           7          49  0.96776790162704862     
           8          50  0.96994580145736520     
           9          51  0.96373916177369434     
          11          52  0.95101648220336732     
          12          53  0.93620409191297549     
          14          54  0.96116966304577856     
          15          55  0.97025300312365581     
          16          56  0.96785342222890125     
          19          57  0.96040531159817299     
          20          58  0.97071858736079553     
          21          59  0.97071336022138799     
          22          60  0.96806580802843767     
          26          61  0.96611616795417821     
          29          62  0.98368588744322949     
          29          63  0.96845045997323143     
          29          64  0.96972856113792461     
          30          65  0.97399741798801487     
          32          66  0.92295924795502127     
          34          67  0.85488545181508147     
          39          68  0.96381841131650026     
          42          69  0.96657040750101020     
          42          70  0.98307797683719012     
          42          71  0.97154040943452302     
          43          72  0.96418541561959226     
