   -0.03311343
   -0.02697812
   -0.03010814
   -0.02746324
   -0.03791602
    0.00349725
    0.03482241
    0.03021079
   -0.00752994
   -0.04050553
   -0.02892145
   -0.02555433
   -0.02239700
   -0.03257644
   -0.10125928
    0.27506442
   -0.03314348
    0.07567904
    0.48887429
   -0.19267766
   -0.19624384
   -0.19538412
   -0.16625661
    0.13234853
   -0.12387916
   -0.07490259
   -0.42010157
    0.08830386
    0.36027725
   -0.35145163
   -0.38572248
   -0.10612112
    0.27493562
   -0.04238693
    0.08113378
    0.49050914
   -0.19917546
   -0.19002928
   -0.19336274
   -0.16257662
    0.13323555
   -0.12513039
   -0.08330144
   -0.40342547
    0.03809899
    0.04089530
    0.03871315
    0.03837823
    0.03298439
    0.09262195
    0.05972822
    0.02675741
    0.03666032
    0.04591759
    0.05436463
    0.04432777
    0.06899465
    0.08019415
    0.07824335
    0.05842849
    0.09724211
    0.34481139
    0.07959219
    0.07832956
    0.07301999
    0.08239975
