           1           2   1.4370291011641143     
           2           3   1.4447228845961597     
           1           4  0.11015397191294715     
           3           4   1.4329791092381714     
           2           5  0.11239962788143837     
           4           5   1.4506723285003176     
           1           6   1.4194653528904955     
           3           6  0.10949844165274857     
           5           6   1.4046977245039329     
           6           7  0.98736222589497691     
           7           8  0.95009595177939643     
           8           9  0.98932806397752260     
           9          10   1.4119881307580442     
          10          11   1.4430719399754186     
           9          12  0.10910439320889317     
          11          12   1.4395355964290251     
          10          13  0.11046365000897626     
          12          13   1.4369620498835611     
           9          14   1.4111657423683519     
          11          14  0.11096712135953811     
          13          14   1.4464180313255852     
           8          15  0.95910087642462893     
          15          16   1.2272243327020564     
          16          17  0.96797662292858089     
          17          18   1.5322494661666155     
          18          19  0.95853876198756627     
          19          20  0.94747546829246998     
          19          21  0.94914620602368660     
          19          22  0.95626484070694773     
          18          23   1.1162477912232112     
          18          24  0.13328497074754633     
          23          24   1.1260788142424709     
          24          25   1.0328430073940464     
          17          26   1.2649527213636931     
          24          26   1.5638501605004160     
          15          27  0.19861028395365721     
          16          27   1.6819138700916336     
          15          28  0.98073969255316040     
          28          29  0.90966013098325971     
          29          30   1.1682526820548909     
          29          31   1.7734684208448388     
          30          31  0.18351157989113986     
           7          32  0.96783480468084593     
          28          32  0.98799277288600984     
          32          33   1.1875596873300294     
          33          34  0.99019591884639580     
          34          35   1.5124316098635253     
          35          36  0.95685173048902794     
          36          37  0.94857074583152023     
          36          38  0.95162561525844336     
          36          39  0.95478962557110370     
          35          40   1.1286055904431176     
          35          41  0.13345970279226940     
          40          41   1.1209075828166513     
          41          42   1.0338706862388121     
          34          43   1.2622874836203299     
          41          43   1.5668300908271555     
          32          44  0.18809493615827783     
          33          44   1.6974117586932762     
           1          45  0.96643808536245734     
           2          46  0.97041186902180132     
           3          47  0.97090692700394921     
           4          48  0.97055725258505787     
           5          49  0.96781929229232833     
           7          50  0.93860921640890038     
           8          51  0.95211981065634665     
          10          52  0.96802654455312143     
          11          53  0.97059900110557928     
          12          54  0.97031098429050577     
          13          55  0.96915976524059166     
          14          56  0.96782817204037674     
          25          57  0.98187003196136102     
          25          58  0.96524381716069285     
          25          59  0.96284770165190292     
          26          60  0.97242884028542798     
          28          61  0.93406993668932126     
          30          62  0.85491358681783725     
          42          63  0.96414709805730558     
          42          64  0.96340991321232516     
          42          65  0.98104914451583614     
          43          66  0.96301280240493681     
