   -0.03605588
   -0.03293077
    0.01322922
   -0.03357324
   -0.02814017
   -0.02754806
   -0.03296973
    0.01467468
   -0.03986165
   -0.00238710
    0.04028576
    0.04916394
    0.00490814
   -0.04059889
    0.01693985
   -0.03294486
   -0.02936733
   -0.02958136
   -0.03495129
    0.01299691
   -0.03416550
   -0.03529601
   -0.11599716
    0.27544204
   -0.02517747
   -0.02022559
   -0.03477148
    0.02142299
   -0.11130338
   -0.03959810
   -0.03479517
   -0.41579158
    0.08058843
    0.34968960
   -0.36889325
   -0.36662012
   -0.10955105
    0.26913457
   -0.01630402
   -0.02119079
   -0.03581916
    0.02429739
   -0.11255621
   -0.03623418
   -0.02919696
   -0.46637420
    0.03468754
    0.04111854
    0.03526944
    0.03583742
    0.03675252
    0.03567165
    0.03203053
    0.05041527
    0.05725190
    0.06190944
    0.04222434
    0.03164218
    0.02998316
    0.03052477
    0.03452945
    0.02652721
    0.05196711
    0.04186902
    0.04666682
    0.05213186
    0.04614533
    0.03567050
    0.02466247
    0.06199625
    0.36534052
    0.04400294
    0.04147932
    0.04757405
    0.05624178
    0.05020416
    0.04175827
    0.03391241
