           1           2   1.5601656594830702     
           2           3   1.2781091386194137     
           3           4   1.2817476160994472     
           4           5   1.5563619493843524     
           5           6   1.3201519003304549     
           4           7  0.11792887135633780     
           6           7   1.5581456734046555     
           3           8   1.2482499183105857     
           7           8   1.2778770609626369     
           2           9  0.11464567278497513     
           8           9   1.2855540183306429     
           1          10   1.2963087607590944     
           9          10   1.5200330620454985     
          10          11  0.99097425129460559     
          11          12  0.94874482252150805     
          12          13  0.98516518493805216     
          13          14   1.5297869384695937     
          14          15   1.2799944535707366     
          15          16   1.2788556934883859     
          16          17   1.5577546992873152     
          17          18   1.3210016548509735     
          16          19  0.11838488827532181     
          18          19   1.5561510102172589     
          15          20   1.2522329725202195     
          19          20   1.2815292633070177     
          14          21  0.11511737091816274     
          20          21   1.2755943570097661     
          13          22   1.2931816518493844     
          21          22   1.5642559036492525     
          12          23  0.96314491821016113     
          23          24   1.1896703050110784     
          24          25  0.95984694538551218     
          25          26   1.4062169476681976     
          26          27   1.4459807277545220     
          25          28  0.10688857829454372     
          27          28   1.4116407786266687     
          28          29   1.0270153911825521     
          26          30  0.10881222352239503     
          28          30   1.4059478811327395     
          25          31   1.4002024376171072     
          27          31  0.10866268379259127     
          30          31   1.4500209791272851     
          23          32  0.18771412270311671     
          24          32   1.7069196196367211     
          23          33   1.0029464945676123     
          33          34  0.88876870873814462     
          34          35   1.2054667572401003     
          34          36   1.7729370302059846     
          35          36  0.18202482162928721     
          11          37  0.95829678025896115     
          33          37  0.96746841737324296     
          37          38   1.2654918311380312     
          38          39  0.98335283955021646     
          39          40   1.3905021920628566     
          40          41   1.4579431116547898     
          39          42  0.10496173652908228     
          41          42   1.4007371485598084     
          42          43   1.0287050103142812     
          40          44  0.10587050470902482     
          42          44   1.4100378745344468     
          39          45   1.3978972645095351     
          41          45  0.10726247847402437     
          44          45   1.4471074077775328     
          37          46  0.18342316948215248     
          38          46   1.5856816185444718     
           1          47  0.96765412786980265     
           2          48  0.96737021352650421     
           4          49  0.96818786903995757     
           5          50  0.97079484506604408     
           6          51  0.97070032138673379     
           7          52  0.96812382456675061     
           9          53  0.96592158624052971     
          11          54  0.95335599035823604     
          12          55  0.95272527378361715     
          14          56  0.95605347762717985     
          16          57  0.96765521206226868     
          17          58  0.97098539527445571     
          18          59  0.97116915835504858     
          19          60  0.96853347148443902     
          21          61  0.96792231609795243     
          22          62  0.96868232408438815     
          26          63  0.96813033000216819     
          27          64  0.96784114400885990     
          29          65  0.98245677396523678     
          29          66  0.96607113589677818     
          29          67  0.98036936036191435     
          30          68  0.96866921748406898     
          31          69  0.96932477433925068     
          33          70  0.93488025434691613     
          35          71  0.76728647644263481     
          40          72  0.96906950811026860     
          41          73  0.96838349557129011     
          43          74  0.98421378888724209     
          43          75  0.96594909423203945     
          43          76  0.97597151840283702     
          44          77  0.96756068555000985     
          45          78  0.96916516846451795     
