   -0.02169764
    0.48577683
   -0.19969132
   -0.20586867
   -0.22469943
   -0.01759173
   -0.02032652
   -0.01589131
   -0.02109060
    0.02990104
    0.04638037
    0.04572048
    0.02652055
   -0.02122777
    0.48581977
   -0.20025931
   -0.22363060
   -0.20258793
   -0.01801924
   -0.02090663
   -0.01689210
   -0.02099248
   -0.12063200
    0.27438649
   -0.01917935
    0.02637671
   -0.11061667
   -0.04704259
   -0.01187691
   -0.04394205
   -0.42415892
    0.08337818
    0.35192356
   -0.35226465
   -0.38501899
   -0.10817623
    0.27477368
   -0.02839074
    0.02057338
   -0.11220046
   -0.05024442
   -0.01355833
   -0.04480386
   -0.42009409
    0.06867768
    0.05816602
    0.05587900
    0.04880369
    0.06506145
    0.07206998
    0.06984778
    0.05842812
    0.05488280
    0.03987898
    0.05481787
    0.06588096
    0.05606401
    0.04837575
    0.05314917
    0.09010080
    0.34656066
    0.05925137
    0.05222332
    0.06750972
    0.05034339
    0.05606997
