           1           2  0.95267754664642856     
           2           3  0.95725869553833076     
           2           4  0.94424954052591481     
           2           5  0.92716167086359813     
           1           6   1.4099167413473470     
           6           7   1.4463029908240630     
           1           8  0.10365790670826180     
           7           8   1.4289353670762086     
           6           9  0.10942019610817719     
           8           9   1.4531399531302778     
           1          10   1.3877123357816543     
           7          10  0.10858239300987071     
           9          10   1.4037848845957870     
          10          11  0.99685848993862003     
          11          12  0.94979038875229627     
          12          13  0.99298799655508307     
          13          14   1.3844103982003411     
          14          15  0.95162168406254810     
          15          16  0.95572273265123087     
          15          17  0.92851103991491346     
          15          18  0.94715552276873038     
          14          19   1.4145334925884361     
          13          20  0.10865965682788042     
          19          20   1.4427242317030027     
          14          21  0.10503238550921778     
          20          21   1.4332069596651253     
          13          22   1.4094662892792211     
          19          22  0.10895782910462531     
          21          22   1.4482294522844028     
          12          23  0.95879021417885091     
          23          24   1.1817822361143728     
          24          25   1.0173952778580284     
          25          26   1.5391858470008397     
          26          27   1.0277934474225823     
          26          28   1.2477947263227076     
          25          29  0.11014047466263881     
          28          29   1.6336561852491738     
          25          30   1.1271306751506467     
          29          30   1.1869352653329268     
          23          31  0.17933555576360638     
          24          31   1.6630130107297418     
          23          32  0.98009421938749619     
          32          33  0.90038504811951270     
          33          34   1.1620153044502619     
          33          35   1.7779415511301759     
          34          35  0.18468167416325956     
          11          36  0.95729005200770012     
          32          36   1.0028024781554603     
          36          37   1.1885736666628657     
          37          38   1.0095471119015116     
          38          39   1.5367312281663643     
          39          40   1.0279298207659222     
          39          41   1.2510325920638690     
          38          42  0.11025264202264136     
          41          42   1.6286665358221419     
          38          43   1.1299849673153153     
          42          43   1.1956070929247591     
          36          44  0.18193043362433448     
          37          44   1.6657032938964802     
           6          45  0.96549112402049508     
           7          46  0.96878305683563770     
           8          47  0.96893800591299906     
           9          48  0.96680985403354425     
          11          49  0.95226166715588256     
          12          50  0.95146365163726365     
          19          51  0.96519746656357708     
          20          52  0.96869791392730775     
          21          53  0.96904692605608245     
          22          54  0.96445416730430544     
          27          55  0.97455828540765477     
          27          56  0.97797942084509570     
          27          57  0.96312376693275104     
          28          58  0.96276102027127153     
          29          59  0.96871489324171711     
          32          60  0.92441855202270529     
          34          61  0.85309345180001728     
          40          62  0.97068687891622096     
          40          63  0.96553770408242179     
          40          64  0.97841738238097486     
          41          65  0.96289495153154792     
          42          66  0.96808390136489697     
