   -0.04242103
   -0.03301931
    0.01363399
   -0.03360684
   -0.02715921
   -0.02647395
   -0.03177210
    0.01702099
   -0.03992265
   -0.00795317
    0.03181794
    0.04018736
    0.00054530
   -0.03512107
    0.01687411
   -0.03314224
   -0.02821296
   -0.02795111
   -0.03249940
    0.01659354
   -0.02963259
   -0.03343799
   -0.13393331
    0.27242414
   -0.04090004
    0.07059441
    0.48905147
   -0.19431504
   -0.21380752
   -0.17840757
   -0.14173800
    0.08478899
   -0.05453440
   -0.39275173
    0.07090836
    0.34745215
   -0.34166734
   -0.35214100
   -0.10900877
    0.27617906
   -0.04005875
    0.08818127
    0.49152143
   -0.19084318
   -0.18761382
   -0.19549323
   -0.13452825
    0.08214248
   -0.06829354
   -0.39411018
    0.03402675
    0.04076908
    0.03594194
    0.03591418
    0.03701678
    0.03999688
    0.03428732
    0.09633625
    0.05278988
    0.03735217
    0.03478244
    0.03379612
    0.03444382
    0.03805631
    0.04944860
    0.03647900
    0.08846754
    0.07645040
    0.06717206
    0.33954466
    0.08360197
    0.08988016
