           1           2   1.5686211054323864     
           2           3   1.2732781459214633     
           3           4   1.2825453619435176     
           4           5   1.5549977328677289     
           5           6   1.3225912382103135     
           4           7  0.11836201118853847     
           6           7   1.5557786538673151     
           3           8   1.2531906272098290     
           7           8   1.2807704403688163     
           2           9  0.11234953269839990     
           8           9   1.2754933695587545     
           1          10   1.2860706474483679     
           9          10   1.5334036564465656     
          10          11  0.98629136001671514     
          11          12  0.95457493974585439     
          12          13  0.98718399961655479     
          13          14   1.5248446352937681     
          14          15   1.2818579939153731     
          15          16   1.2785148447298642     
          16          17   1.5580002898728385     
          17          18   1.3204585448875590     
          16          19  0.11829788167422144     
          18          19   1.5570451378482368     
          15          20   1.2506442104283557     
          19          20   1.2809088534039252     
          14          21  0.11473915657497591     
          20          21   1.2779497941577076     
          13          22   1.2959490020588982     
          21          22   1.5616313966410100     
          12          23  0.93932968508968895     
          23          24   1.2085812368005384     
          24          25  0.95790989758665834     
          25          26   1.5213434960208030     
          26          27  0.95776827203004267     
          27          28  0.95769726028465829     
          27          29  0.92513069824951466     
          27          30  0.96848921246960962     
          26          31   1.1265324248152160     
          26          32  0.14595326004552547     
          31          32   1.1570612173395078     
          25          33   1.2767246493807081     
          32          33   1.5974308968276341     
          23          34  0.19972293695407223     
          24          34   1.7091271681838709     
          23          35  0.98137032934515622     
          35          36  0.88942450236084414     
          36          37   1.1735996998432563     
          36          38   1.7902344943783832     
          37          38  0.17396080110327686     
          11          39  0.96375834957841300     
          35          39  0.99507287346414763     
          39          40   1.1776650461590137     
          40          41  0.98956583163183176     
          41          42   1.5066141889275633     
          42          43  0.95502600103789648     
          43          44  0.95655966325359443     
          43          45  0.95323945673495114     
          43          46  0.95086536565590962     
          42          47   1.1459087737927962     
          42          48  0.14350712427634632     
          47          48   1.1507954895619150     
          41          49   1.2670738393511336     
          48          49   1.6021638928645201     
          39          50  0.18691758687006071     
          40          50   1.7079677052773776     
           1          51  0.96790558930263804     
           2          52  0.96742789465095813     
           4          53  0.96821955046850372     
           5          54  0.97077385975012542     
           6          55  0.97066526131478703     
           7          56  0.96783811016900856     
           9          57  0.96218788200959016     
          11          58  0.93808770837344890     
          12          59  0.95379265955312054     
          14          60  0.96474449602149082     
          16          61  0.96819809024702130     
          17          62  0.97088707002155294     
          18          63  0.97085771450168656     
          19          64  0.96807695396131122     
          21          65  0.96682678105318254     
          22          66  0.96692036027872930     
          32          67  0.96041752882799170     
          33          68  0.97073602895388267     
          35          69  0.93954107596379355     
          37          70  0.84595976825441799     
          48          71  0.96154462913047101     
          49          72  0.96063051908331287     
