   -0.03480530
   -0.02804227
   -0.02893939
   -0.02616135
   -0.02679636
    0.00884878
    0.04473844
    0.03791211
    0.00494875
   -0.03687794
   -0.02761569
   -0.03095388
   -0.02752194
   -0.03466976
   -0.10209691
    0.27466027
   -0.04712573
    0.14736116
   -0.27716745
    0.03673603
   -0.05871422
   -0.02553280
   -0.04148362
   -0.02434737
   -0.42323794
    0.08878769
    0.35535284
   -0.35434226
   -0.39858425
   -0.11163464
    0.27373844
   -0.04589261
   -0.02571141
   -0.03294379
   -0.02321913
   -0.04306622
    0.14168883
   -0.30641148
    0.04141673
   -0.43292263
    0.04321879
    0.03296495
    0.03405187
    0.03670345
    0.03808243
    0.05813999
    0.08259191
    0.03199988
    0.03556311
    0.03391965
    0.03343043
    0.04788530
    0.05354619
    0.06554609
    0.04472684
    0.04666327
    0.04285156
    0.04110690
    0.05166115
    0.08579367
    0.34202247
    0.04645815
    0.04444005
    0.04766844
    0.05625818
    0.04076605
    0.04380605
    0.05876146
