           1           2   1.4466393501262227     
           2           3   1.4371426510915435     
           1           4  0.11192526867166254     
           3           4   1.4403600453277197     
           2           5  0.11085562179114895     
           4           5   1.4425644315032016     
           1           6   1.4116371870356454     
           3           6  0.10942302092160103     
           5           6   1.4151955697402303     
           6           7  0.98701442218755853     
           7           8  0.95655032958092623     
           8           9  0.98332160870814267     
           9          10   1.4029560582398719     
          10          11   1.4535779524332850     
           9          12  0.10969323395288075     
          11          12   1.4308582361098561     
          10          13  0.11284964623935746     
          12          13   1.4467490836781711     
           9          14   1.4237927102647576     
          11          14  0.11004120264255694     
          13          14   1.4349153612058294     
           8          15  0.96612998305962683     
          15          16   1.2036769531866545     
          16          17  0.97532600176114947     
          17          18   1.3142701755184105     
          18          19   1.0650230409265000     
          19          20  0.97453594700381041     
          18          21   1.3767027897548429     
          17          22  0.10294680384834223     
          21          22   1.4414650278614713     
          22          23   1.4339022760726463     
          17          24   1.4141186077785382     
          21          24  0.10294720863779599     
          23          24   1.4359190397153589     
          15          25  0.18926592387358540     
          16          25   1.6831728593787247     
          15          26  0.98953801330673785     
          26          27  0.91874030875079093     
          27          28   1.1561431999513005     
          27          29   1.7680687572490053     
          28          29  0.17922850447323788     
           7          30  0.95110538227870622     
          26          30  0.97515764638203883     
          30          31   1.2231022458154959     
          31          32  0.96188251935317959     
          32          33   1.4065085183283219     
          33          34   1.4420382522430715     
          32          35  0.10606448192616159     
          34          35   1.4331332900561971     
          33          36  0.10693464902811549     
          35          36   1.4442528212455361     
          32          37   1.3522856709774580     
          34          37  0.10154423328523142     
          36          37   1.3915972467140671     
          37          38   1.0176963314564123     
          38          39  0.96783019246606172     
          30          40  0.19391463756128252     
          31          40   1.6708451233673198     
           1          41  0.96530657556457222     
           2          42  0.97105748672678349     
           3          43  0.97127078800478905     
           4          44  0.97070553734294851     
           5          45  0.96769365377484440     
           7          46  0.95399637039245666     
           8          47  0.94424327085904547     
          10          48  0.96934758144910316     
          11          49  0.97071642737641917     
          12          50  0.97126916693918508     
          13          51  0.97101773005007774     
          14          52  0.96247368067280670     
          20          53  0.97690075157766598     
          20          54  0.97875345373530398     
          20          55  0.97681185652950442     
          21          56  0.96441949490701484     
          22          57  0.97055487022409093     
          23          58  0.96995320866344859     
          24          59  0.96801013737627772     
          26          60  0.92984518117483861     
          28          61  0.85631870482901917     
          33          62  0.96882478806336292     
          34          63  0.96951158264594539     
          35          64  0.96979313464872285     
          36          65  0.96672223631310894     
          39          66  0.97941702635301053     
          39          67  0.97289278487699804     
          39          68  0.98058766261820507     
