   -0.03587956
   -0.03210897
    0.01429163
   -0.03309215
   -0.02746406
   -0.02711872
   -0.03218390
    0.01684675
   -0.03786049
   -0.00458777
    0.03954457
    0.04879974
    0.00802200
   -0.04169127
    0.01634445
   -0.03391193
   -0.02947279
   -0.02948900
   -0.03402634
    0.01414346
   -0.03215905
   -0.03021542
   -0.11238468
    0.27279683
   -0.00968101
   -0.04381081
    0.00306223
   -0.03337664
   -0.03327080
   -0.03041627
   -0.03624012
    0.03711384
   -0.04677598
   -0.40990631
    0.09778070
    0.36492756
   -0.34525078
   -0.39350336
   -0.11073225
    0.27448296
   -0.00102813
   -0.04924570
    0.00377975
    0.03266025
   -0.03606977
   -0.03042829
   -0.03333355
   -0.03258805
   -0.02705607
   -0.42364985
    0.03071354
    0.03757365
    0.03430121
    0.03515912
    0.03638255
    0.03754220
    0.03601619
    0.05374614
    0.05850699
    0.04989087
    0.03788009
    0.03131399
    0.03093502
    0.03239592
    0.03767848
    0.03330610
    0.04963146
    0.04059029
    0.03815259
    0.04041779
    0.04489584
    0.07574069
    0.34625339
    0.04463968
    0.04249914
    0.04026409
    0.03869297
    0.04029314
