           1           2   1.5608168621373655     
           2           3   1.2774487928716352     
           3           4   1.2813115770431502     
           4           5   1.5565359828394414     
           5           6   1.3204194192527530     
           4           7  0.11810824598122230     
           6           7   1.5579515421215373     
           3           8   1.2495575686051372     
           7           8   1.2782126491681312     
           2           9  0.11460652040929295     
           8           9   1.2838066641828438     
           1          10   1.2963177177331473     
           9          10   1.5225823244334749     
          10          11  0.98747534208750010     
          11          12  0.95547700087411902     
          12          13  0.98621535404385108     
          13          14   1.5222322038648801     
          14          15   1.2851699806881429     
          15          16   1.2771599032272292     
          16          17   1.5592796029747955     
          17          18   1.3194297292784480     
          16          19  0.11831912218903448     
          18          19   1.5575791999513939     
          15          20   1.2498164339081295     
          19          20   1.2804719608420712     
          14          21  0.11627801407757896     
          20          21   1.2788318120014333     
          13          22   1.2990375741477782     
          21          22   1.5591642969275605     
          12          23  0.95332799157908676     
          23          24   1.2092613307630331     
          24          25  0.97409767766534583     
          25          26   1.6443451331587782     
          26          27   1.1908487909150636     
          27          28   1.3292994204747088     
          28          29   1.4970322116769601     
          29          30   1.3824275652595679     
          28          31  0.11070311035803075     
          30          31   1.4743801563863816     
          27          32   1.2871257790936053     
          31          32   1.3788769992229917     
          25          33   1.1111143305055038     
          32          33   1.1037311186246619     
          23          34  0.19508275265656122     
          24          34   1.6870147518185314     
          23          35  0.98872555932263684     
          35          36  0.90508796077457188     
          36          37   1.1744623099023193     
          36          38   1.7643601359850414     
          37          38  0.18266064172876412     
          11          39  0.95725534588978611     
          35          39  0.97749206313949200     
          39          40   1.2171420888902786     
          40          41  0.97315483399595448     
          41          42   1.6459928597741516     
          42          43   1.1887672981050388     
          43          44   1.2863102297575573     
          44          45   1.3776667484436680     
          45          46   1.4750481267800959     
          46          47   1.3823510140840423     
          43          48   1.3304678781986401     
          45          48  0.11065510104467041     
          47          48   1.4963071890627428     
          41          49   1.1161974960919463     
          44          49   1.1076072215854444     
          39          50  0.19365139252925406     
          40          50   1.6749698556569936     
           1          51  0.96759974771264601     
           2          52  0.96762117107667101     
           4          53  0.96826933025143047     
           5          54  0.97081480040084522     
           6          55  0.97071808027383510     
           7          56  0.96804132984404156     
           9          57  0.96588172984935705     
          11          58  0.95336679061488305     
          12          59  0.95420735347986096     
          14          60  0.96022176152800454     
          16          61  0.96797995415212457     
          17          62  0.97102390387344339     
          18          63  0.97110689796849514     
          19          64  0.96840842863760512     
          21          65  0.96773293224712209     
          22          66  0.96794168956840365     
          26          67  0.96138359126827000     
          28          68  0.96778834214491927     
          29          69  0.97062314519845183     
          30          70  0.96996715269595590     
          31          71  0.96827993460955986     
          35          72  0.94111157461696449     
          37          73  0.85322369921959473     
          42          74  0.96149064129090889     
          45          75  0.96846579235828145     
          46          76  0.96998356628954530     
          47          77  0.97062309680583803     
          48          78  0.96782623958042580     
