   -0.02971423
   -0.03260747
    0.01436048
   -0.03342286
   -0.02891059
   -0.02849134
   -0.03284153
    0.01735950
   -0.03609649
    0.00512473
    0.04130849
    0.03573276
   -0.00260749
   -0.03909948
    0.01476442
   -0.03352746
   -0.02868007
   -0.02893570
   -0.03532990
    0.01133137
   -0.03674613
   -0.04056625
   -0.11271487
    0.27488841
   -0.02080114
   -0.02616340
   -0.03263081
    0.01231173
    0.00935171
   -0.03153932
   -0.02709158
   -0.02908885
   -0.02840102
   -0.03274167
   -0.03308866
   -0.03222677
   -0.41396523
    0.09228162
    0.35064016
   -0.36041271
   -0.38305310
   -0.12121708
    0.27709405
   -0.01995618
   -0.02198272
   -0.03237300
    0.01100025
    0.01002760
   -0.03312668
   -0.02908725
   -0.03006632
   -0.02943269
   -0.03386033
   -0.03477437
   -0.03379732
   -0.41334710
    0.01978847
    0.03405046
    0.03281012
    0.03193102
    0.03246243
    0.03494957
    0.03778001
    0.06542360
    0.07853897
    0.05006215
    0.03830464
    0.03370808
    0.03279467
    0.03323075
    0.03768174
    0.03847003
    0.03903222
    0.04075816
    0.03027275
    0.03236898
    0.03177920
    0.03304633
    0.03406061
    0.03953019
    0.04312139
    0.06833590
    0.34325826
    0.05492755
    0.04169492
    0.03480492
    0.03225205
    0.03112573
    0.03041125
    0.02871691
    0.03666191
    0.02879391
