           1           2   1.5651624783448099     
           2           3   1.2755144208965086     
           3           4   1.2821227381555766     
           4           5   1.5559053977498081     
           5           6   1.3211510504651851     
           4           7  0.11819749441015567     
           6           7   1.5575808935854853     
           3           8   1.2513332874244343     
           7           8   1.2788776209531865     
           2           9  0.11434438719682370     
           8           9   1.2813378808081670     
           1          10   1.2934255893350468     
           9          10   1.5276138372421348     
          10          11  0.98792415533422828     
          11          12  0.96091038889575520     
          12          13  0.98483032982053831     
          13          14   1.5197790563939357     
          14          15   1.2877831416752101     
          15          16   1.2754595618724858     
          16          17   1.5607818553584016     
          17          18   1.3181861506485597     
          16          19  0.11854214743083968     
          18          19   1.5590078940479302     
          15          20   1.2489322289898723     
          19          20   1.2787616248394524     
          14          21  0.11649413422296503     
          20          21   1.2816618795294497     
          13          22   1.3010338182368342     
          21          22   1.5541377127668679     
          12          23  0.94803222200374859     
          23          24   1.1951389041288352     
          24          25  0.95778221044644563     
          25          26   1.3989941853066183     
          26          27   1.4521918518774557     
          25          28  0.10222788469656081     
          27          28   1.3876174399499082     
          28          29   1.0489647002106148     
          29          30   1.3871446295299117     
          30          31   1.4495219470678249     
          29          32  0.10497618904293060     
          31          32   1.4342813849970122     
          30          33  0.10835463287241882     
          32          33   1.4343758684609236     
          29          34   1.3882559543177420     
          31          34  0.10824658998730505     
          33          34   1.4515093392676666     
          26          35  0.10612609554664097     
          28          35   1.3838046793322756     
          25          36   1.3951350543266912     
          27          36  0.10657416524663189     
          35          36   1.4571286941501556     
          23          37  0.18812357125624846     
          24          37   1.7062192249887391     
          23          38  0.99959367429205837     
          38          39  0.91138952917081817     
          39          40   1.1536043574291539     
          39          41   1.7815281247316341     
          40          41  0.18109287130817431     
          11          42  0.95475727925699405     
          38          42  0.98512779363088143     
          42          43   1.1969168340209266     
          43          44  0.95752887659377928     
          44          45   1.4081870284542208     
          45          46   1.4491689774676186     
          44          47  0.10254545507149336     
          46          47   1.3903550213709206     
          47          48   1.0496126177233198     
          48          49   1.3870065512862602     
          49          50   1.4528677191545227     
          48          51  0.10508637999435173     
          50          51   1.4334077241499834     
          49          52  0.10840952274110670     
          51          52   1.4354488317038525     
          48          53   1.3890010642022506     
          50          53  0.10843070013623229     
          52          53   1.4509037287854234     
          45          54  0.10562874229882996     
          47          54   1.3809102384258056     
          44          55   1.3895559306931562     
          46          55  0.10649765100757536     
          54          55   1.4584971933799307     
          42          56  0.18904662847931394     
          43          56   1.7067150681849568     
           1          57  0.96487993943415729     
           2          58  0.96804263959310433     
           4          59  0.96839938182886154     
           5          60  0.97105630095222439     
           6          61  0.97096279562828269     
           7          62  0.96822791122439877     
           9          63  0.96529889082506826     
          11          64  0.95101487673919993     
          12          65  0.95181159616161148     
          14          66  0.96459840356397208     
          16          67  0.96800063147433357     
          17          68  0.97085552012177612     
          18          69  0.97098395515007097     
          19          70  0.96834819251240034     
          21          71  0.96787420216058606     
          22          72  0.96357140182353873     
          26          73  0.96733879281621260     
          27          74  0.96687143051684232     
          30          75  0.96831680536389797     
          31          76  0.97046661218100860     
          32          77  0.97144382852822075     
          33          78  0.97069792502815289     
          34          79  0.96828386405530820     
          35          80  0.96705829539902832     
          36          81  0.96775539511057651     
          38          82  0.92053840484034188     
          40          83  0.85576659180181369     
          45          84  0.96755345617930932     
          46          85  0.96691847895024119     
          49          86  0.96816194301684078     
          50          87  0.97073662393632598     
          51          88  0.97149210419379084     
          52          89  0.96887280216773353     
          53          90  0.96550052011595666     
          54          91  0.96686021447688519     
          55          92  0.96741915375543608     
