   -0.03383102
   -0.02961337
   -0.02796008
   -0.03438873
    0.00719702
    0.01471186
   -0.03575542
   -0.02925680
   -0.03795472
   -0.00932935
    0.04237904
    0.03775674
   -0.01086594
   -0.03383814
   -0.02940565
   -0.03523062
    0.01539402
    0.00661130
   -0.03499604
   -0.02743209
   -0.02912851
   -0.03410553
   -0.11615683
    0.27334263
   -0.01811449
   -0.02978873
   -0.03811100
    0.02038335
   -0.11089476
   -0.03682525
   -0.02461982
   -0.41859861
    0.10536377
    0.37977071
   -0.37109261
   -0.36455626
   -0.11830559
    0.27369179
   -0.01743595
   -0.02158185
   -0.03672897
    0.02170640
   -0.11139102
   -0.03732032
   -0.02952654
   -0.42088250
    0.03631776
    0.03419995
    0.03461295
    0.02689310
    0.03857884
    0.03976983
    0.05022413
    0.04870990
    0.05723332
    0.03654485
    0.04013076
    0.03926744
    0.02624224
    0.03468383
    0.03499820
    0.03675299
    0.03362269
    0.03603145
    0.04839110
    0.05087152
    0.04429921
    0.03701882
    0.03719167
    0.05793058
    0.34104156
    0.04420528
    0.03823403
    0.05039455
    0.04761964
    0.04791320
    0.03628130
    0.03050779
