           1           2   1.5582616092759056     
           2           3   1.3198142194762048     
           1           4  0.11826075213039344     
           3           4   1.5561992526831643     
           4           5   1.2816803013043270     
           1           6   1.2776850050470516     
           5           6   1.2499417083870683     
           6           7   1.2824776112576857     
           7           8   1.5460419251164050     
           8           9   1.3337380766937152     
           5          10   1.2575354902135787     
           7          10  0.11507603234712956     
           9          10   1.5143930159382208     
          10          11  0.98895022968983026     
          11          12  0.94888448850750962     
          12          13  0.98674725005601582     
          13          14   1.5231041006578965     
          14          15   1.3272423109449563     
          13          16  0.11482876525702655     
          15          16   1.5519254875767785     
          16          17   1.2792815976106808     
          13          18   1.2522014601772202     
          17          18   1.2526001465579988     
          18          19   1.2840111788048307     
          19          20   1.5542651921044950     
          20          21   1.3218251347728174     
          17          22   1.2791836463488830     
          19          22  0.11827065249896920     
          21          22   1.5566132103350068     
          12          23  0.96612492900621061     
          23          24   1.2101710862097144     
          24          25  0.95387353421585541     
          25          26   1.4081740897887647     
          26          27   1.4419664052791190     
          25          28  0.10750936408790594     
          27          28   1.4129783538752199     
          28          29   1.0267814510479145     
          26          30  0.10954973833245259     
          28          30   1.4044446618396693     
          25          31   1.4001968210183513     
          27          31  0.10720475100688823     
          30          31   1.4526205173629430     
          23          32  0.19240490264749760     
          24          32   1.6950045712900335     
          23          33  0.97721390828116694     
          33          34  0.91077943823493512     
          34          35   1.1298098933383229     
          34          36   1.7971357386335793     
          35          36  0.17254582111806871     
          11          37  0.96305280147334349     
          33          37  0.97684542229491511     
          37          38   1.2095170470312648     
          38          39  0.97118166898014846     
          39          40   1.3970198496485366     
          40          41   1.4524073307664263     
          39          42  0.10495992487246228     
          41          42   1.4066936507069316     
          42          43   1.0274758379411228     
          40          44  0.10695654598641348     
          42          44   1.4049603368583852     
          39          45   1.3959178968007755     
          41          45  0.10645739796287970     
          44          45   1.4530594010799416     
          37          46  0.18693124616610765     
          38          46   1.6751984796873209     
           1          47  0.96781008959798687     
           2          48  0.97056744529247352     
           3          49  0.97083689472566048     
           4          50  0.96145974210944618     
           7          51  0.96772325654448266     
           8          52  0.96994145781883934     
           9          53  0.96420825034151447     
          11          54  0.94906056430322194     
          12          55  0.94507769969692212     
          14          56  0.96667893768263236     
          15          57  0.96997510026845180     
          16          58  0.96769564254192986     
          19          59  0.96230401983058633     
          20          60  0.97084917439862761     
          21          61  0.97053917535490397     
          22          62  0.96784088842953586     
          26          63  0.96892405130974346     
          27          64  0.96801560760829108     
          29          65  0.96819861490890735     
          29          66  0.97456664922758551     
          29          67  0.98534785632915589     
          30          68  0.96880153675841119     
          31          69  0.96940536173975955     
          33          70  0.94145645630123109     
          35          71  0.85952932664401405     
          40          72  0.96876510521975534     
          41          73  0.96818095854832897     
          43          74  0.96452208546899720     
          43          75  0.98220377836779194     
          43          76  0.98023100210560288     
          44          77  0.96858271136604090     
          45          78  0.96888949642216149     
