   -0.40614231
    0.27245379
   -0.00348735
   -0.01386806
   -0.01794407
   -0.02014080
    0.48574580
   -0.20934576
   -0.20198604
   -0.20594858
   -0.01996880
   -0.02331710
   -0.10909058
    0.08808984
    0.35637326
   -0.36511525
   -0.37833639
   -0.10722715
    0.27453979
    0.00030833
   -0.01623789
   -0.02087160
   -0.02248775
    0.48535940
   -0.20339406
   -0.21221561
   -0.20288525
   -0.02019556
   -0.02230747
   -0.42037380
    0.03406518
   -0.00281854
   -0.03485956
   -0.02764747
   -0.02820923
   -0.02790180
   -0.03654911
    0.04095040
    0.00621311
   -0.02634650
   -0.02519489
   -0.02745327
   -0.02492670
   -0.03460706
    0.06115614
    0.06592489
    0.07076930
    0.05385833
    0.09356169
    0.34827450
    0.06155602
    0.06717336
    0.06712935
    0.06452864
    0.05750063
    0.03531865
    0.04374176
    0.04578929
    0.05053198
    0.03507638
    0.07544928
    0.02184028
    0.03878366
    0.04131668
    0.04178375
    0.03423788
