           1           2   1.7020058814706451     
           2           3  0.95627924465694703     
           3           4   1.4045540463324608     
           4           5   1.4476995373505501     
           3           6  0.10572205068051585     
           5           6   1.4092035470038244     
           6           7  0.95049756292905141     
           7           8  0.93920545729363647     
           7           9  0.95460886744104179     
           7          10  0.94556421220518883     
           4          11  0.11037154098431279     
           6          11   1.4166034492701003     
           3          12   1.4084862715861504     
           5          12  0.11118252870013605     
          11          12   1.4408266530564229     
           1          13  0.19469985755073968     
           2          13   1.2065106639013528     
          13          14  0.98614253382485639     
          14          15  0.90254768553088449     
          15          16   1.1576982393234918     
          15          17   1.7893470201990704     
          16          17  0.18335096223685873     
          14          18  0.98729547458644396     
          18          19   1.2117184479513099     
          19          20  0.96023664303280720     
          20          21   1.4079777485331053     
          21          22   1.4442395958871117     
          20          23  0.10544183148174460     
          22          23   1.4127427983865701     
          23          24  0.95165967252585804     
          24          25  0.95084490283318612     
          24          26  0.93407212359752889     
          24          27  0.95287172334099857     
          21          28  0.11008720544663318     
          23          28   1.4091241348202659     
          20          29   1.4014804949286546     
          22          29  0.10973359353404859     
          28          29   1.4479332618932157     
          18          30  0.19211837770930529     
          19          30   1.6917369246373515     
          18          31  0.96093283370675542     
          31          32  0.99229210782615918     
          32          33   1.4071012251840611     
          33          34   1.4487991645037057     
          32          35  0.10945977857283393     
          34          35   1.4350563868482580     
          33          36  0.11126199096487457     
          35          36   1.4403566586070977     
          32          37   1.4141901150711180     
          34          37  0.10931679517534641     
          36          37   1.4419376700621145     
          13          38  0.96252414355086624     
          31          38  0.94832440940678986     
          38          39  0.98616147674328414     
          39          40   1.4230644608801923     
          40          41   1.4359846354925803     
          39          42  0.10983650280574171     
          41          42   1.4455948735738675     
          40          43  0.10994845937179534     
          42          43   1.4322520152698777     
          39          44   1.4037916756322473     
          41          44  0.11299183206803451     
          43          44   1.4526636017041088     
           4          45  0.96728546333379262     
           5          46  0.96608471164923304     
          11          47  0.96499615626823187     
          12          48  0.96705871459337955     
          14          49  0.93496863454676382     
          16          50  0.85191744802362268     
          21          51  0.96713095558927475     
          22          52  0.96559794199592530     
          28          53  0.96567531311297117     
          29          54  0.96616225811785761     
          31          55  0.95294862465576147     
          33          56  0.96872078781327753     
          34          57  0.97017691143209184     
          35          58  0.97038188848293883     
          36          59  0.96936829517645706     
          37          60  0.96784298165929372     
          38          61  0.94824318365184679     
          40          62  0.96658678383274799     
          41          63  0.97068037051933165     
          42          64  0.97076893025556021     
          43          65  0.97025024423507267     
          44          66  0.96908345034311616     
