   -0.02587411
   -0.03151873
    0.01501200
   -0.03274398
   -0.02874086
   -0.02886464
   -0.03461677
    0.01480220
   -0.04147435
    0.01053883
    0.04497579
    0.04706575
    0.01464270
   -0.03801181
    0.01799801
   -0.03336145
   -0.02865141
   -0.02891811
   -0.03307903
    0.01617322
   -0.03005486
   -0.02852070
   -0.13005703
    0.27875983
   -0.02356975
   -0.03804613
    0.07301288
   -0.14114951
   -0.03228981
    0.03648678
   -0.39237820
    0.08892936
    0.35144370
   -0.34975628
   -0.37152456
   -0.12161880
    0.27136013
   -0.01521122
   -0.03445091
    0.07494252
   -0.13821252
   -0.02610133
   -0.00975215
   -0.41770672
    0.04061727
    0.04163186
    0.03590553
    0.03386348
    0.03249955
    0.02797517
    0.02961231
    0.06109095
    0.04953033
    0.03806930
    0.03353366
    0.03314175
    0.03292080
    0.03423197
    0.03915684
    0.03163264
    0.07994277
    0.07437737
    0.07319520
    0.34801330
    0.08665045
    0.07251954
