           1           2   1.5620655486351325     
           2           3   1.2773098442240010     
           3           4   1.2814555866029178     
           4           5   1.5566764819397489     
           5           6   1.3204332068272704     
           4           7  0.11808064143094407     
           6           7   1.5579817929371191     
           3           8   1.2501390455653212     
           7           8   1.2783620329922047     
           2           9  0.11469970533734897     
           8           9   1.2833909524323868     
           1          10   1.2950585503639047     
           9          10   1.5240098648619504     
          10          11  0.99176502977858527     
          11          12  0.96221477249607346     
          12          13  0.99479055930369309     
          13          14   1.5365394002241115     
          14          15   1.2740545252747004     
          15          16   1.2821226763565039     
          16          17   1.5543540706645329     
          17          18   1.3239148044496869     
          16          19  0.11779085366936848     
          18          19   1.5529951940684439     
          15          20   1.2540157056377683     
          19          20   1.2848912861329000     
          14          21  0.11064499772410724     
          20          21   1.2695563896137911     
          13          22   1.2803626290284402     
          21          22   1.5756207926096142     
          12          23  0.94630149313501188     
          23          24   1.1613551944297862     
          24          25   1.0129668534839953     
          25          26   1.5492970019449908     
          26          27   1.2754812699974365     
          27          28  0.99063871303011530     
          25          29  0.10547066341086024     
          27          29   1.5540301285724289     
          25          30   1.1532893998788247     
          29          30   1.2214769199658926     
          23          31  0.17342812657215378     
          24          31   1.6995234942678832     
          23          32  0.98863739696760866     
          32          33  0.91381506720461847     
          33          34   1.1602750823280685     
          33          35   1.7841934797258949     
          34          35  0.18389228448579731     
          11          36  0.94319632392877661     
          32          36  0.98114600007943953     
          36          37   1.2029147232266817     
          37          38   1.0203218911133831     
          38          39   1.5513680058330217     
          39          40   1.2743663287037990     
          40          41  0.99268693484908499     
          38          42  0.10863634452397140     
          40          42   1.5570471588869479     
          38          43   1.1445326784074372     
          42          43   1.2083694177459801     
          36          44  0.18696233399010048     
          37          44   1.6549711188076757     
           1          45  0.96521659035789020     
           2          46  0.96742773514010583     
           4          47  0.96819557736622675     
           5          48  0.97092496016595009     
           6          49  0.97099225920312215     
           7          50  0.96854982263401845     
           9          51  0.96234201537488095     
          11          52  0.95182684111981564     
          12          53  0.94314161470754176     
          14          54  0.96055377592071955     
          16          55  0.96820569607219564     
          17          56  0.97094931230559944     
          18          57  0.97099844274896963     
          19          58  0.96832539219547442     
          21          59  0.96752523224306930     
          22          60  0.96950982838667576     
          26          61  0.95955982327838929     
          29          62  0.96654675308986737     
          32          63  0.92497296459860656     
          34          64  0.85236435680277900     
          39          65  0.95775270489479647     
          42          66  0.96655296733118878     
