   -0.03331958
   -0.02791020
   -0.02724141
   -0.03581508
    0.00926238
    0.01660745
   -0.03478858
   -0.02890738
   -0.03234386
   -0.00108175
    0.04261609
    0.04636408
    0.00539446
   -0.02545685
   -0.02585435
   -0.03248286
    0.01723900
    0.01167423
   -0.03800905
   -0.02835712
   -0.02806550
   -0.03177602
   -0.10831966
    0.27801265
   -0.01996728
   -0.04012341
    0.07326782
   -0.14140753
   -0.02870843
    0.00976184
   -0.39841332
    0.08490567
    0.34994182
   -0.35426145
   -0.38714526
   -0.11514138
    0.27631365
   -0.01843918
   -0.05951971
    0.06964257
   -0.15348527
   -0.03881167
    0.08828020
   -0.40014797
    0.03707638
    0.03589565
    0.03424270
    0.02865907
    0.03887576
    0.03779148
    0.02783286
    0.07367178
    0.05205594
    0.03518309
    0.04026023
    0.04008093
    0.02267937
    0.03229164
    0.03573488
    0.03733593
    0.07262036
    0.07771533
    0.07976269
    0.34937995
    0.05445869
    0.07241249
