           1           2   1.5559323446221882     
           2           3   1.3238896893657461     
           1           4  0.11849834391057254     
           3           4   1.5526532167196188     
           4           5   1.2851471061598148     
           1           6   1.2803214608164468     
           5           6   1.2542809999254394     
           6           7   1.2771689338189394     
           7           8   1.5571174998723636     
           8           9   1.3213237566034683     
           5          10   1.2486312796391523     
           7          10  0.11405884713949997     
           9          10   1.5301152592617540     
          10          11  0.98757277623860584     
          11          12  0.94782996199418534     
          12          13  0.99401351269943516     
          13          14   1.5191948796777246     
          14          15   1.3277705386072056     
          13          16  0.11444719231751632     
          15          16   1.5523704855564386     
          16          17   1.2792914741079076     
          13          18   1.2525065127227071     
          17          18   1.2519791231603301     
          18          19   1.2836833873037028     
          19          20   1.5535170046733198     
          20          21   1.3227333801604086     
          17          22   1.2802062079540533     
          19          22  0.11804699438116953     
          21          22   1.5567476042100983     
          12          23  0.95145890768730423     
          23          24   1.1958922805834533     
          24          25  0.98384025213131321     
          25          26   1.5894165396298821     
          26          27   1.2517902145592457     
          27          28  0.99144321192715767     
          25          29  0.11002865938371181     
          27          29   1.5779559218444796     
          25          30   1.1448066655130911     
          29          30   1.1950745507224878     
          23          31  0.18846464844913810     
          24          31   1.6929632759194069     
          23          32  0.99695940145237150     
          32          33  0.90312536816153710     
          33          34   1.1693234918654900     
          33          35   1.7733125491869486     
          34          35  0.18543760263198178     
          11          36  0.95596757374180685     
          32          36  0.98755197350413548     
          36          37   1.1968118469940261     
          37          38  0.97737054246031840     
          38          39   1.5674681329485149     
          39          40   1.2606737660321092     
          40          41  0.98374148996723654     
          38          42  0.10603621717535165     
          40          42   1.5670527909055301     
          38          43   1.1837046640226654     
          42          43   1.2182129918790994     
          36          44  0.19355856951571790     
          37          44   1.6996532592449565     
           1          45  0.96787596632701334     
           2          46  0.97053131918752999     
           3          47  0.97086651485155362     
           4          48  0.96193109961217727     
           7          49  0.96770612561498381     
           8          50  0.97024422204336214     
           9          51  0.96578340436560772     
          11          52  0.94525121179767180     
          12          53  0.95331988650775634     
          14          54  0.96725572856422448     
          15          55  0.96986504596622736     
          16          56  0.96764533535180042     
          19          57  0.96453311971660827     
          20          58  0.97101828992850214     
          21          59  0.97057834514385033     
          22          60  0.96782217238314627     
          26          61  0.96037082430846243     
          29          62  0.96595065875163333     
          32          63  0.91817756374403459     
          34          64  0.85112891597771501     
          39          65  0.96002863565270624     
          42          66  0.96745674772857038     
