   -0.03128905
   -0.03129210
    0.01501580
   -0.03285469
   -0.02820417
   -0.02734980
   -0.03167282
    0.01644472
   -0.03382342
    0.00652948
    0.03937108
    0.03560257
    0.00055409
   -0.04431226
    0.01470985
   -0.03450901
   -0.02822066
   -0.02886370
   -0.03434727
    0.01156964
   -0.03487433
   -0.03609488
   -0.11529457
    0.27430623
   -0.01569838
   -0.03909816
   -0.02337092
   -0.03216959
    0.10421030
   -0.16470751
   -0.03233483
   -0.40296664
    0.08325503
    0.35264232
   -0.35061394
   -0.38868563
   -0.11328077
    0.27357537
   -0.01490194
   -0.04281327
    0.09946031
   -0.16547119
   -0.03752178
   -0.02368082
   -0.02826400
   -0.40702663
    0.03372135
    0.03948775
    0.03425647
    0.03321572
    0.03438390
    0.03112243
    0.01796626
    0.06802873
    0.08809983
    0.03527141
    0.03479742
    0.03443330
    0.03387121
    0.03441285
    0.03941019
    0.03648689
    0.06254377
    0.05568753
    0.06435664
    0.06940049
    0.07304084
    0.34501168
    0.05208686
    0.06491292
    0.05676222
    0.05559326
