           1           2   1.5597094154011601     
           2           3   1.2790767977064199     
           3           4   1.2807566992685977     
           4           5   1.5574694269890197     
           5           6   1.3197260890272438     
           4           7  0.11827621245281464     
           6           7   1.5588126554428412     
           3           8   1.2490568057296292     
           7           8   1.2775320670561485     
           2           9  0.11558180343365695     
           8           9   1.2858263600521251     
           1          10   1.2982472158279890     
           9          10   1.5220649270278983     
          10          11  0.98915475666687347     
          11          12  0.95003202802611986     
          12          13  0.98861772887289889     
          13          14   1.5209217373565420     
          14          15   1.2853407111549489     
          15          16   1.2767087807430431     
          16          17   1.5595895677242355     
          17          18   1.3191236392417849     
          16          19  0.11844586743912036     
          18          19   1.5582001835458974     
          15          20   1.2493488128912975     
          19          20   1.2796190630955484     
          14          21  0.11588659289210163     
          20          21   1.2802557526294192     
          13          22   1.2975628639951491     
          21          22   1.5572199421427311     
          12          23  0.96455998465751491     
          23          24   1.1730838935800783     
          24          25  0.97617584105945632     
          25          26   1.3923526776997965     
          26          27   1.4389570580167816     
          25          28  0.10460146162855444     
          27          28   1.4400370744680757     
          28          29   1.3985489131617721     
          29          30  0.98199037615610740     
          25          31   1.3998678409522869     
          27          31  0.10708574893108767     
          29          31   1.4084469553680918     
          23          32  0.18226264939341905     
          24          32   1.7115393808800230     
          23          33  0.98813334684672116     
          33          34  0.90876074068745638     
          34          35   1.1688999434730960     
          34          36   1.7712672348202072     
          35          36  0.18452705466114055     
          11          37  0.95454392371492069     
          33          37  0.98677424318759743     
          37          38   1.2111327361457032     
          38          39  0.95369285552815641     
          39          40   1.3989006094136167     
          40          41   1.4094714787883682     
          41          42  0.98022695676030169     
          39          43  0.10769732169503658     
          41          43   1.3970923324136477     
          40          44  0.10884698964503796     
          43          44   1.4443266598480680     
          39          45   1.4124131534842983     
          44          45   1.4336443201943143     
          37          46  0.19505708161622584     
          38          46   1.7034207612016388     
           1          47  0.96778217433028535     
           2          48  0.96760531290310947     
           4          49  0.96829276977860956     
           5          50  0.97096195148306330     
           6          51  0.97089049796265403     
           7          52  0.96797163095913719     
           9          53  0.96435674077608147     
          11          54  0.95165139443553881     
          12          55  0.93855126221467877     
          14          56  0.96344007587893654     
          16          57  0.96815769180669919     
          17          58  0.97084514086338791     
          18          59  0.97091735528314382     
          19          60  0.96829338139349685     
          21          61  0.96755001824379938     
          22          62  0.96619529855986630     
          26          63  0.96428701043903398     
          27          64  0.96785410791841264     
          28          65  0.96670550675739075     
          31          66  0.96388377922565205     
          33          67  0.92841998813828208     
          35          68  0.85456596137910834     
          40          69  0.96449959655706041     
          43          70  0.96670925007957209     
          44          71  0.96772894895733375     
          45          72  0.96825332340135462     
