   -0.02327710
    0.48532456
   -0.19924763
   -0.20626431
   -0.22484378
   -0.01815422
   -0.02014497
   -0.01641081
   -0.02453333
    0.02810046
    0.04638835
    0.04819905
    0.02667657
   -0.02135940
    0.48584658
   -0.20298117
   -0.22427088
   -0.19990542
   -0.01782996
   -0.01987836
   -0.01595849
   -0.02237727
   -0.12427137
    0.27313815
   -0.06650707
    0.11422030
   -0.11683550
   -0.17015405
    0.06969379
   -0.05684006
   -0.40826018
    0.08477443
    0.35082647
   -0.35715079
   -0.38509834
   -0.11225339
    0.27348646
   -0.07042412
    0.12323100
   -0.11943208
   -0.17210057
    0.07112876
   -0.06457882
   -0.41854631
    0.06833726
    0.05789874
    0.05405576
    0.05889648
    0.06448877
    0.06774983
    0.06988715
    0.05945825
    0.05647610
    0.04476678
    0.05268377
    0.07341980
    0.06174923
    0.05984014
    0.04857815
    0.07310971
    0.34421416
    0.07336222
    0.07135017
    0.05790004
    0.06171132
    0.03892100
