           1           2  0.95241015489203285     
           2           3  0.95777671282288490     
           2           4  0.94384580396880569     
           2           5  0.92694037301305932     
           1           6   1.4104650372265866     
           6           7   1.4453959434756702     
           1           8  0.10394871675854951     
           7           8   1.4304646035545590     
           6           9  0.10953957181555871     
           8           9   1.4513343432352288     
           1          10   1.3871248274575749     
           7          10  0.10842058217252830     
           9          10   1.4056377860920126     
          10          11  0.99486914402444460     
          11          12  0.95137598291743264     
          12          13  0.99486086157253517     
          13          14   1.3864329661357142     
          14          15  0.95201184355979629     
          15          16  0.94698038736998824     
          15          17  0.92732743901442849     
          15          18  0.95657524696637986     
          14          19   1.4127762006148059     
          13          20  0.10867839378096607     
          19          20   1.4439351170528769     
          14          21  0.10478785282532953     
          20          21   1.4320124427920218     
          13          22   1.4077778800758873     
          19          22  0.10902923339142778     
          21          22   1.4496734888806679     
          12          23  0.95606623543096469     
          23          24   1.1734486406796414     
          24          25  0.98601316454542642     
          25          26   1.5269794460762514     
          26          27   1.0287597960149153     
          26          28   1.1341048015638524     
          26          29  0.13548038688863995     
          28          29   1.1301967492205942     
          25          30   1.2456278782544652     
          29          30   1.6250476441587640     
          23          31  0.18344286471254040     
          24          31   1.7058430451464557     
          23          32  0.98375459343706595     
          32          33  0.90784865307018614     
          33          34   1.1532975657190954     
          33          35   1.7808016245271407     
          34          35  0.18137842333043810     
          11          36  0.95658166862060234     
          32          36  0.98820970262401675     
          36          37   1.1951865667280466     
          37          38  0.98200578338581801     
          38          39   1.5204664037666655     
          39          40   1.0324871395550872     
          39          41   1.1361287841161218     
          39          42  0.13119958918692498     
          41          42   1.1286957530974620     
          38          43   1.2438204678790612     
          42          43   1.6261196248574241     
          36          44  0.18881867783071810     
          37          44   1.6889974241409413     
           6          45  0.96549912933250182     
           7          46  0.96876709861681387     
           8          47  0.96912152618844427     
           9          48  0.96196157356598255     
          11          49  0.95189107331574141     
          12          50  0.95130847445709743     
          19          51  0.96525354008231978     
          20          52  0.96860812995494916     
          21          53  0.96884752863043122     
          22          54  0.96537684454119577     
          27          55  0.98152492839940697     
          27          56  0.96944976539987415     
          27          57  0.96472394137691131     
          29          58  0.96507465570764428     
          30          59  0.97419012895751234     
          32          60  0.93985634164913667     
          34          61  0.85529350789309078     
          40          62  0.97026753557540191     
          40          63  0.97911936647634457     
          40          64  0.96516741977703502     
          42          65  0.96500220368436751     
          43          66  0.97294749475384079     
