           1           2   1.9791884322651596     
           2           3   1.0273938315350646     
           3           4  0.98704775660469757     
           4           5   1.0103726895946514     
           5           6   1.0030042242088024     
           6           7   1.0088280031756147     
           7           8   1.0200920429409388     
           1           9  0.97553260429404398     
           1          10  0.97757532387359336     
           2          11  0.96564906806569306     
           3          12  0.97532958069517384     
           3          13  0.96541630173861093     
           4          14  0.97654535610803106     
           4          15  0.97548384800404542     
           5          16  0.97475317168221909     
           5          17  0.97955582097993554     
           6          18  0.97665178533686003     
           6          19  0.97979386634480681     
           7          20  0.97829180541426863     
           7          21  0.97855057724341299     
           8          22  0.98754852941420235     
           8          23  0.98732413632951610     
           8          24  0.98507930419173084     
