   -0.03364199
   -0.02912071
   -0.02768447
   -0.02908591
    0.01605775
    0.01646895
   -0.03454310
   -0.02781879
   -0.03703686
    0.00171040
    0.04554808
    0.04180333
   -0.00114535
   -0.03368465
   -0.02998374
   -0.03591895
    0.01577851
    0.00863916
   -0.03467458
   -0.02647094
   -0.02787404
   -0.03398680
   -0.11686890
    0.26621870
    0.07502903
   -0.06627745
   -0.06948878
    0.11775418
    0.00522457
   -0.03504847
   -0.02729270
   -0.02738076
   -0.02594745
   -0.02717992
   -0.15718877
   -0.40182232
    0.08908586
    0.35209160
   -0.36377495
   -0.37395216
   -0.11377142
    0.26548343
    0.07825139
   -0.06262094
   -0.06590573
    0.11087932
    0.00427040
   -0.03647495
   -0.02755898
   -0.02891556
   -0.02711103
   -0.02984683
   -0.17509264
   -0.39856658
    0.03378097
    0.03186094
    0.03113108
    0.02782910
    0.03539389
    0.03744175
    0.05048358
    0.06433238
    0.08381072
    0.02509663
    0.03438941
    0.03685808
    0.03341008
    0.03388574
    0.03443116
    0.03529238
    0.03572050
    0.04342413
    0.03515225
    0.03598592
    0.03650353
    0.03903435
    0.05555188
    0.06167334
    0.34700981
    0.03544671
    0.04374300
    0.03559594
    0.03542899
    0.03533822
    0.03685091
    0.04857613
