           1           2   1.5577428417765464     
           2           3   1.3214337167536936     
           1           4  0.11845216742520465     
           3           4   1.5552993802734212     
           4           5   1.2821251878361108     
           1           6   1.2788922209428220     
           5           6   1.2516896903632329     
           6           7   1.2802229254085633     
           7           8   1.5525347258061155     
           8           9   1.3270251712074446     
           5          10   1.2523855838951043     
           7          10  0.11449110313800585     
           9          10   1.5240665976482335     
          10          11  0.98556853127685606     
          11          12  0.95451005564130165     
          12          13  0.98519586623443145     
          13          14   1.5308893660125891     
          14          15   1.3210379800311838     
          13          16  0.11426925068459784     
          15          16   1.5574843890630168     
          16          17   1.2765151845569358     
          13          18   1.2485160578829018     
          17          18   1.2548319193247457     
          18          19   1.2848799368339574     
          19          20   1.5521214947077253     
          20          21   1.3243693442652484     
          17          22   1.2805040015774309     
          19          22  0.11865039491306134     
          21          22   1.5554808636344573     
          12          23  0.96069412487116324     
          23          24   1.1760556357607643     
          24          25   1.0057517351864695     
          25          26   1.4920872429336838     
          26          27   1.3492490180418750     
          25          28  0.11866998567064943     
          27          28   1.4784148391182124     
          28          29   1.0867412175660041     
          29          30   1.3693088387690593     
          30          31   1.4605873590286971     
          31          32   1.4287209555567266     
          30          33  0.10542584156636078     
          32          33   1.4309308574644792     
          29          34   1.3697586626470495     
          31          34  0.10536139507571064     
          33          34   1.4587869686190982     
          25          35   1.1259342546574240     
          28          35   1.1312909072377417     
          23          36  0.18544242277229439     
          24          36   1.6831637295544017     
          23          37  0.99568060310294249     
          37          38  0.90720658496527729     
          38          39   1.1545984695755536     
          38          40   1.7825389115189885     
          39          40  0.18172759127342766     
          11          41  0.94740241121329949     
          37          41  0.97873475122697962     
          41          42   1.2089773630697245     
          42          43  0.96575995485099486     
          43          44   1.5293800467257492     
          44          45   1.3265646850227137     
          43          46  0.12633603961261047     
          45          46   1.5017330716105095     
          46          47   1.0877431728018749     
          47          48   1.3686197444144204     
          48          49   1.4609571928553964     
          49          50   1.4286243801013077     
          48          51  0.10553927158731023     
          50          51   1.4310012161597232     
          47          52   1.3704057639382015     
          49          52  0.10520581862732258     
          51          52   1.4585295049469580     
          43          53   1.1303560302245526     
          46          53   1.1072609701088238     
          41          54  0.19846085014066328     
          42          54   1.6940947936710715     
           1          55  0.96799970642388977     
           2          56  0.97076715216544740     
           3          57  0.97107565530967233     
           4          58  0.95907913205870543     
           7          59  0.96782611940070362     
           8          60  0.97017555033103742     
           9          61  0.96082703398427483     
          11          62  0.94536893480096407     
          12          63  0.94237715857992765     
          14          64  0.96733748452723756     
          15          65  0.97043899173668202     
          16          66  0.96793430405493652     
          19          67  0.96266858083554652     
          20          68  0.97084757942117328     
          21          69  0.97065100904206247     
          22          70  0.96804118380448823     
          26          71  0.97145634666482872     
          27          72  0.97285623995928427     
          30          73  0.96842244782684495     
          31          74  0.97068049693859293     
          32          75  0.97129531629098198     
          33          76  0.97036180235177749     
          34          77  0.96746103363845859     
          37          78  0.93902269777171687     
          39          79  0.85292175493704692     
          44          80  0.97329033235539075     
          45          81  0.97259649678822280     
          48          82  0.96844639796644416     
          49          83  0.97069697422282908     
          50          84  0.97139418450459647     
          51          85  0.97056089660191314     
          52          86  0.96817568589725300     
