    0.14014852
   -0.27241737
    0.03645726
   -0.06641999
   -0.03094330
   -0.04155368
   -0.03662350
   -0.02348293
    0.04162259
    0.04664332
   -0.01497311
   -0.03528609
   -0.03919824
   -0.03048414
   -0.06456362
    0.14244861
   -0.27377790
    0.03705420
   -0.10301180
    0.27044667
   -0.00764403
   -0.01568078
   -0.01921713
   -0.02109177
   -0.02084631
    0.48646723
   -0.22005155
   -0.20030287
   -0.20194579
   -0.02064906
   -0.40562968
    0.08985979
    0.35706259
   -0.35262305
   -0.38750893
   -0.09221320
    0.27155586
   -0.00004553
   -0.01627425
   -0.02310825
    0.48563541
   -0.20711020
   -0.20504765
   -0.20783341
   -0.02158551
   -0.02051094
   -0.02004080
   -0.42597215
    0.04719587
    0.06289991
    0.04631799
    0.05037309
    0.04965472
    0.04374587
    0.03806649
    0.05765424
    0.08643083
    0.05324986
    0.04220863
    0.04037887
    0.04111917
    0.04797454
    0.06145823
    0.04096879
    0.05951928
    0.06196955
    0.06829347
    0.05707303
    0.08053279
    0.35519088
    0.06489467
    0.06407134
    0.06124937
    0.05777495
