           1           2   1.0651497066655164     
           2           3  0.98005182037580674     
           1           4   1.3817813036888313     
           4           5   1.4347322238187887     
           5           6   1.4426167777159116     
           4           7  0.10119322325068236     
           6           7   1.4254745724400633     
           1           8   1.3183861866264959     
           5           8  0.10564778020698429     
           7           8   1.4360081961222932     
           8           9  0.99406499299071061     
           9          10  0.95150443275837915     
          10          11  0.99115797707483921     
          11          12   1.4377300308223269     
          12          13   1.4259015650276059     
          11          14  0.10614258519311832     
          13          14   1.4436246898169658     
          12          15  0.10326915234932472     
          14          15   1.4354710191633466     
          11          16   1.3245019939525899     
          15          16   1.3804647857677574     
          16          17   1.0605859501441599     
          17          18  0.98229644195260490     
          10          19  0.95188610950936603     
          19          20   1.2195938124955104     
          20          21  0.95153916189895704     
          21          22   1.4056441894753684     
          22          23   1.4446351197566631     
          21          24  0.10829612085502281     
          23          24   1.4365433587922969     
          22          25  0.10660152568781645     
          24          25   1.4162881510635288     
          25          26  0.95104654825950685     
          26          27  0.92676708139346553     
          26          28  0.95687828805700326     
          26          29  0.95136772369710498     
          21          30   1.4133133721481506     
          23          30  0.11182706927029615     
          25          30   1.4108861955067828     
          19          31  0.19814587612922868     
          20          31   1.6988670193661217     
          19          32  0.98862684075499840     
          32          33  0.90320559931216826     
          33          34   1.1795241500497087     
          33          35   1.7687949334611426     
          34          35  0.18823634369100212     
           9          36  0.95857140212535374     
          32          36  0.97681218543069648     
          36          37   1.2322148351229212     
          37          38  0.95431238381661165     
          38          39   1.4061310007021899     
          39          40   1.4208821928103046     
          40          41  0.95123982603863522     
          41          42  0.94555576610603975     
          41          43  0.94361466461144927     
          41          44  0.94787387635495690     
          38          45  0.11023796420049271     
          40          45   1.4067381090612023     
          39          46  0.11012336499470518     
          45          46   1.4435204344345689     
          38          47   1.4102668939613139     
          40          47  0.10551583713455585     
          46          47   1.4386448238071110     
          36          48  0.19817725662328634     
          37          48   1.6789670451677681     
           3          49  0.97571282784540558     
           3          50  0.97944292331516025     
           3          51  0.97642747999468171     
           4          52  0.96437885366952192     
           5          53  0.96992523456664514     
           6          54  0.97014757730333090     
           7          55  0.96739811107962392     
           9          56  0.95201797394310406     
          10          57  0.94598193289801047     
          12          58  0.96304011707543036     
          13          59  0.97043667299174530     
          14          60  0.97077077973781423     
          15          61  0.96542132694603733     
          18          62  0.97637976055225362     
          18          63  0.97960669842288628     
          18          64  0.97635475620450829     
          22          65  0.96798106359471836     
          23          66  0.96763295550216000     
          24          67  0.96609632842596205     
          30          68  0.96592766469026037     
          32          69  0.94557866330769047     
          34          70  0.84471555563662792     
          39          71  0.96475743379127521     
          45          72  0.96711249477534722     
          46          73  0.96769022732855758     
          47          74  0.96785665045969882     
