    0.14142701
   -0.27017077
    0.02840270
   -0.06549139
   -0.02986815
   -0.03868844
   -0.02701398
   -0.01595788
    0.04910575
    0.04472879
   -0.01314343
   -0.03492883
   -0.03958994
   -0.03078515
   -0.06405506
    0.14379982
   -0.27100445
    0.03712108
   -0.09672067
    0.27811641
   -0.04109067
    0.07272985
   -0.11984682
    0.02735796
   -0.03106695
   -0.04005923
   -0.40521998
    0.09101951
    0.35082255
   -0.37312207
   -0.38279750
   -0.09799480
    0.27664821
   -0.04134756
    0.07073504
   -0.11677205
    0.03347995
   -0.03182951
   -0.04059365
   -0.40777662
    0.07097588
    0.04465934
    0.04937226
    0.04308584
    0.03941061
    0.04083933
    0.04756564
    0.06871426
    0.08907490
    0.04796432
    0.03765507
    0.03799762
    0.04019309
    0.04111015
    0.04653276
    0.06245673
    0.06127219
    0.06304800
    0.08214036
    0.34257508
    0.06094353
    0.06385398
