           1           2   1.0636547190468939     
           2           3  0.98046005918006840     
           1           4   1.3792470282562510     
           4           5   1.4368239359365202     
           5           6   1.4428087457041407     
           4           7  0.10313886939169586     
           6           7   1.4263833908818808     
           1           8   1.3248837551388244     
           5           8  0.10573945679179260     
           7           8   1.4363731549099743     
           8           9  0.98931303235561008     
           9          10  0.95884922071926526     
          10          11  0.98962034921564601     
          11          12   1.4376611948673785     
          12          13   1.4264278555101582     
          11          14  0.10618470048079742     
          13          14   1.4426156223539950     
          12          15  0.10292556457333508     
          14          15   1.4364055965734952     
          11          16   1.3248238376507930     
          15          16   1.3790906982554327     
          16          17   1.0625669130339559     
          17          18  0.98243623612137143     
          10          19  0.94949071398111995     
          19          20   1.2287598774482864     
          20          21  0.94430587322832493     
          21          22   1.5483453203482722     
          22          23   1.0186335401241833     
          22          24   1.1643112138570104     
          22          25  0.10448678153908401     
          24          25   1.1887828993202880     
          21          26   1.2311487980531119     
          25          26   1.6354838018909088     
          19          27  0.20062542742352563     
          20          27   1.6932664768022190     
          19          28  0.98390831369514320     
          28          29  0.91336341784327180     
          29          30   1.1412096122375053     
          29          31   1.7786367595891164     
          30          31  0.17759047212863574     
           9          32  0.94646660209119660     
          28          32  0.98558255831828656     
          32          33   1.2227813632130273     
          33          34  0.95317453929202045     
          34          35   1.5365291244766521     
          35          36   1.0232441417393190     
          35          37   1.1699477567154455     
          35          38  0.10352876647689249     
          37          38   1.1893027044868441     
          34          39   1.2348339799695622     
          38          39   1.6344211235778057     
          32          40  0.19777451471710283     
          33          40   1.6908286086810960     
           3          41  0.97379935829382602     
           3          42  0.97648968390089186     
           3          43  0.97394306302070521     
           4          44  0.96492677649966851     
           5          45  0.97078009386055442     
           6          46  0.97040415152634985     
           7          47  0.96649579912701733     
           9          48  0.95267671797450992     
          10          49  0.94590426686900542     
          12          50  0.96449775998155896     
          13          51  0.97083719260502854     
          14          52  0.97095714814686107     
          15          53  0.96546240870586530     
          18          54  0.97628759592209513     
          18          55  0.97650541350679299     
          18          56  0.97948950518218236     
          25          57  0.96765573469004684     
          26          58  0.96033349966935699     
          28          59  0.93526953580626759     
          30          60  0.85580138994366117     
          38          61  0.96787764765357198     
          39          62  0.96032285649958204     
