   -0.02982727
   -0.03327798
    0.01417016
   -0.03390101
   -0.02939329
   -0.02873972
   -0.03307092
    0.01773423
   -0.03620751
    0.01276923
    0.04730021
    0.04741699
    0.00835618
   -0.03588851
    0.01656954
   -0.03346041
   -0.02938408
   -0.02969880
   -0.03399104
    0.01388537
   -0.03298304
   -0.03574650
   -0.12410727
    0.26789138
   -0.08336142
   -0.05582165
   -0.05981096
   -0.05462507
   -0.10331330
   -0.41047074
    0.08437390
    0.34431275
   -0.36142099
   -0.33290425
   -0.12375187
    0.27292534
   -0.08281682
   -0.05235222
   -0.06336820
   -0.05170880
   -0.10266353
   -0.40469268
    0.02430806
    0.03555214
    0.03251664
    0.03181824
    0.03253013
    0.03503372
    0.03714345
    0.06118117
    0.05707706
    0.03485689
    0.03332775
    0.03126546
    0.03111615
    0.03316965
    0.03878817
    0.04708970
    0.02936543
    0.04937843
    0.05357599
    0.04809438
    0.03162979
    0.02644015
    0.03279896
    0.03437001
    0.03638682
    0.03476993
    0.03311965
    0.03088716
    0.32737449
    0.03910228
    0.04166956
    0.05292814
    0.03178699
    0.05140217
    0.03627845
    0.02748581
    0.02534261
    0.03257519
    0.03388375
    0.03763402
