           1           2   1.5655420621462843     
           2           3   1.2751925760712870     
           3           4   1.2824184677096109     
           4           5   1.5556364327188077     
           5           6   1.3212052376003802     
           4           7  0.11807485068118921     
           6           7   1.5575113370609823     
           3           8   1.2511468161270187     
           7           8   1.2788685340677293     
           2           9  0.11394743883627895     
           8           9   1.2816949962199744     
           1          10   1.2925768561757480     
           9          10   1.5260207777137655     
          10          11  0.99048699786683680     
          11          12  0.95447991263342202     
          12          13  0.98929108786517328     
          13          14   1.5257199291735146     
          14          15   1.2821215598807814     
          15          16   1.2784833846311727     
          16          17   1.5579639096391191     
          17          18   1.3206199284811353     
          16          19  0.11814916753565356     
          18          19   1.5564997258414279     
          15          20   1.2509375996451069     
          19          20   1.2814665609504543     
          14          21  0.11475940552883353     
          20          21   1.2767682153599833     
          13          22   1.2949434518779441     
          21          22   1.5631793304041832     
          12          23  0.94975789569028268     
          23          24   1.1943102426898322     
          24          25  0.96689902622182000     
          25          26   1.0052145020314438     
          26          27   1.0076284682579737     
          27          28   1.0074842164354827     
          28          29   1.0193638942034282     
          23          30  0.18564694428612497     
          24          30   1.7133368903214308     
          23          31  0.98812541487634631     
          31          32  0.89525471745332175     
          32          33   1.1261550346543803     
          32          34   1.8169019993548787     
          33          34  0.16894884452967679     
          11          35  0.95355681060425934     
          31          35  0.99487030077018745     
          35          36   1.1851269489449421     
          36          37  0.96631936864614976     
          37          38   1.0053126155657044     
          38          39   1.0079210337945199     
          39          40   1.0087812270086296     
          40          41   1.0187492725698384     
          35          42  0.18108644188442002     
          36          42   1.7211651642338672     
           1          43  0.96890243665084608     
           2          44  0.96797534859988754     
           4          45  0.96841525294717878     
           5          46  0.97106860748330925     
           6          47  0.97095479327154233     
           7          48  0.96822095093534521     
           9          49  0.96558490139301767     
          11          50  0.95282605505189610     
          12          51  0.95301950009656544     
          14          52  0.96547017463727136     
          16          53  0.96832539390696626     
          17          54  0.97103965000983328     
          18          55  0.97108809954864439     
          19          56  0.96837547828254489     
          21          57  0.96775278238381113     
          22          58  0.96264780442156817     
          25          59  0.95814696100330454     
          25          60  0.95709748767829284     
          26          61  0.97525901546511595     
          26          62  0.97602376438953420     
          27          63  0.97727957952345879     
          27          64  0.97740727843700503     
          28          65  0.97832240155419015     
          28          66  0.97833042311994278     
          29          67  0.98722513607756956     
          29          68  0.98787310291149977     
          29          69  0.98793432927654790     
          31          70  0.94100616931751024     
          33          71  0.86414794829464703     
          37          72  0.95770535212508034     
          37          73  0.95424958824491346     
          38          74  0.97486127675241097     
          38          75  0.97694972488495069     
          39          76  0.97498837293960916     
          39          77  0.97592158514084038     
          40          78  0.97643739633618365     
          40          79  0.97840302031777426     
          41          80  0.98792008321698033     
          41          81  0.98755811176815367     
          41          82  0.98789223000733140     
