   -0.03176827
   -0.02832621
   -0.02751893
   -0.03398095
    0.00822172
    0.01621006
   -0.03402722
   -0.02846418
   -0.03452515
   -0.01233262
    0.04133649
    0.03957291
   -0.01131715
   -0.03733501
   -0.02764964
   -0.03728350
    0.01385436
    0.00568282
   -0.03398039
   -0.02729526
   -0.02986106
   -0.03530915
   -0.12014335
    0.27710876
   -0.05195285
    0.10238637
    0.00301397
   -0.03070202
   -0.02840725
   -0.03000500
   -0.02605481
   -0.03672683
   -0.19411130
    0.11850910
   -0.11680660
   -0.06937863
   -0.43034861
    0.10793116
    0.38072805
   -0.33609819
   -0.40295213
   -0.11524500
    0.27875631
   -0.05333497
    0.10605552
    0.00432129
   -0.02964699
   -0.02871759
   -0.03088304
   -0.02682359
   -0.03501166
   -0.19492524
    0.11884726
   -0.11690883
   -0.07486906
   -0.42937094
    0.03667950
    0.03485767
    0.03244319
    0.02680039
    0.03864751
    0.03750041
    0.03459525
    0.05623136
    0.05051444
    0.06493733
    0.04210604
    0.03637241
    0.02336611
    0.03187786
    0.03283253
    0.03365792
    0.04369423
    0.03415617
    0.03409167
    0.03580653
    0.03673544
    0.06657441
    0.06321960
    0.05925419
    0.04676327
    0.06209125
    0.34632783
    0.04149806
    0.03281786
    0.03383154
    0.03640155
    0.03965640
    0.06353240
    0.05849310
    0.06634862
    0.04314890
