           1           2   1.5564639661403974     
           2           3   1.3221957659167967     
           1           4  0.11803555230614485     
           3           4   1.5539730625189709     
           4           5   1.2832421586643852     
           1           6   1.2802898638120346     
           5           6   1.2500955682677519     
           6           7   1.2788210438666507     
           7           8   1.5515627191527843     
           8           9   1.3276503497758401     
           5          10   1.2551951623495354     
           7          10  0.11428604895745804     
           9          10   1.5207058260230546     
          10          11  0.98646818169379002     
          11          12  0.95202189529202075     
          12          13  0.98704097225211473     
          13          14   1.5219429213031648     
          14          15   1.3273407956038423     
          13          16  0.11445590126736471     
          15          16   1.5519051775210753     
          16          17   1.2789382259974962     
          13          18   1.2531124559529310     
          17          18   1.2516941745796668     
          18          19   1.2840790442323717     
          19          20   1.5533987605825628     
          20          21   1.3224316322254002     
          17          22   1.2793473647702471     
          19          22  0.11797612825940944     
          21          22   1.5560631534547382     
          12          23  0.96320637999255776     
          23          24   1.2039116966333439     
          24          25  0.98239606585776029     
          25          26   1.4767271884646633     
          26          27   1.0842115574202160     
          27          28   1.3681601023207184     
          28          29   1.4581394729438049     
          29          30   1.4304881800592111     
          28          31  0.10519757146013287     
          30          31   1.4287553879192132     
          27          32   1.3665280825003203     
          29          32  0.10537783979298908     
          31          32   1.4589105238044031     
          26          33   1.1009854924709599     
          26          34  0.11990491616857304     
          33          34   1.1176454013267982     
          34          35   1.0298392625336281     
          25          36   1.2675694580286572     
          34          36   1.5656897259458027     
          23          37  0.18778479878705112     
          24          37   1.6712321969486859     
          23          38  0.97981125147476134     
          38          39  0.90679124030400970     
          39          40   1.1833524717653388     
          39          41   1.7507615140383082     
          40          41  0.18035052726483411     
          11          42  0.96152005309417288     
          38          42  0.97902736910345611     
          42          43   1.2152530858767459     
          43          44  0.96993813212829105     
          44          45   1.4837935936247153     
          45          46   1.0891675133965366     
          46          47   1.3683562204200013     
          47          48   1.4579848719443362     
          48          49   1.4299321644104594     
          47          50  0.10503552451415116     
          49          50   1.4296519853816991     
          46          51   1.3691523778117924     
          48          51  0.10499555455108543     
          50          51   1.4577422316440873     
          45          52   1.0973160923390977     
          45          53  0.12026577827376661     
          52          53   1.1217279833282150     
          53          54   1.0294750333194744     
          44          55   1.2698557017875087     
          53          55   1.5573664436155814     
          42          56  0.19029531757283510     
          43          56   1.6703476687220602     
           1          57  0.96778434000560720     
           2          58  0.97061906722029334     
           3          59  0.97056343715670179     
           4          60  0.96055364618809391     
           7          61  0.96753057975872003     
           8          62  0.96968888894548855     
           9          63  0.96602242600098576     
          11          64  0.94857743994763921     
          12          65  0.94349652367811077     
          14          66  0.95922468910103931     
          15          67  0.96978568571558599     
          16          68  0.96779479439343563     
          19          69  0.96165284928189076     
          20          70  0.97082883232417938     
          21          71  0.97075409696140258     
          22          72  0.96791324829248226     
          28          73  0.96818630482216639     
          29          74  0.97057020415067086     
          30          75  0.97138596130700272     
          31          76  0.97032672108192475     
          32          77  0.96577430587123048     
          35          78  0.96859087095295948     
          35          79  0.96663683507260090     
          35          80  0.98351981069649197     
          36          81  0.97352118149365630     
          38          82  0.94276610918327186     
          40          83  0.85419036173007412     
          47          84  0.96854268955297829     
          48          85  0.97071350337239293     
          49          86  0.97142530531205717     
          50          87  0.97060756087825173     
          51          88  0.96419325382587140     
          54          89  0.97056050922134851     
          54          90  0.98330421673956292     
          54          91  0.96551593559946580     
          55          92  0.97406160025433242     
