   -0.02941196
   -0.02553710
   -0.02905640
   -0.02861741
   -0.03275130
    0.00571605
    0.04472937
    0.04068502
   -0.00307545
   -0.03461915
   -0.02549188
   -0.02942029
   -0.02824849
   -0.03629160
   -0.11481023
    0.27436853
   -0.01370575
   -0.02316266
   -0.02852735
   -0.03674004
    0.01299288
    0.02595649
   -0.10973938
   -0.10335362
   -0.10679526
   -0.03466943
   -0.42898122
    0.10127618
    0.37188041
   -0.36165660
   -0.40795712
   -0.11935530
    0.27189917
   -0.02240465
   -0.03829924
    0.01464372
    0.02616357
   -0.10947098
   -0.10721812
   -0.10688790
   -0.03447022
   -0.03088765
   -0.02330949
   -0.42170710
    0.04009035
    0.03896678
    0.03636668
    0.03501768
    0.02771639
    0.07177306
    0.04684729
    0.05941611
    0.04227039
    0.03687081
    0.03435899
    0.02988765
    0.04642385
    0.03911051
    0.04531032
    0.03883301
    0.03981438
    0.03742492
    0.04100946
    0.03147030
    0.03412405
    0.03698624
    0.03720324
    0.04051404
    0.03130350
    0.05668638
    0.34456232
    0.03516804
    0.04087977
    0.04015405
    0.03693273
    0.03427400
    0.03854500
    0.03647836
    0.03915570
    0.03782129
    0.03600846
    0.03586740
    0.03705120
    0.04762431
