           1           2   1.4426599555692372     
           2           3   1.4407425670157348     
           1           4  0.11103377814684512     
           3           4   1.4365549066838585     
           2           5  0.11159239073829716     
           4           5   1.4470942758982792     
           1           6   1.4152886997992593     
           3           6  0.10975673963964680     
           5           6   1.4113496693777661     
           6           7  0.98657573435182400     
           7           8  0.95213536937839949     
           8           9  0.98816386244985066     
           9          10   1.4083255939461323     
          10          11   1.4480334703940838     
           9          12  0.10900729223376435     
          11          12   1.4357364674590132     
          10          13  0.11205401774573462     
          12          13   1.4406466817625443     
           9          14   1.4150299612025541     
          11          14  0.10970165649576928     
          13          14   1.4413465736689672     
           8          15  0.96019915264021394     
          15          16   1.2247757593473607     
          16          17  0.97869200114351962     
          17          18   1.3900099654650229     
          18          19   1.4494091991554323     
          17          20  0.10456725025041404     
          19          20   1.4344887902494949     
          18          21  0.10767034447878202     
          20          21   1.4153447704622293     
          21          22  0.98360947917961894     
          22          23   1.0000476150409645     
          22          24  0.98656542435091599     
          22          25  0.98717376433245763     
          17          26   1.4098260435612042     
          19          26  0.10830133332334434     
          21          26   1.4103377609111842     
          15          27  0.18183961350429315     
          16          27   1.6430915817512874     
          15          28  0.97284953514281813     
          28          29  0.90812374251145889     
          29          30   1.1508125575650245     
          29          31   1.7443550564538970     
          30          31  0.16791175049649376     
           7          32  0.96071910043497777     
          28          32  0.99006016403087937     
          32          33   1.1915003835186768     
          33          34  0.97199203330186401     
          34          35   1.3937177550992694     
          35          36   1.4268352963384423     
          36          37  0.98396813529765048     
          37          38  0.98555363619475556     
          37          39  0.99992602251226437     
          37          40  0.98803354365477458     
          34          41  0.10727927280982680     
          36          41   1.3987116413282710     
          35          42  0.10649609144642604     
          41          42   1.4522097425512570     
          34          43   1.4068446472327611     
          36          43  0.10770771304294328     
          42          43   1.4337460404813225     
          32          44  0.18592621136755749     
          33          44   1.6945485313934006     
           1          45  0.96810706140528846     
           2          46  0.97050446746906405     
           3          47  0.97113853064650724     
           4          48  0.97090124820734935     
           5          49  0.96839037351087653     
           7          50  0.95237555668750784     
           8          51  0.95433930191543370     
          10          52  0.96246745547177337     
          11          53  0.97036029609157437     
          12          54  0.97104464571146765     
          13          55  0.97078921736849377     
          14          56  0.96672185106716912     
          18          57  0.96887421520818384     
          19          58  0.96967310468996559     
          20          59  0.96523574754993646     
          23          60  0.98466330878370034     
          23          61  0.98412763099177547     
          23          62  0.98423989221433406     
          24          63  0.98411366713516679     
          24          64  0.98372833040003504     
          24          65  0.98538025405252205     
          25          66  0.98315876577540440     
          25          67  0.98660858338833557     
          25          68  0.98415197379651542     
          26          69  0.96285426635864990     
          28          70  0.94259994212879994     
          30          71  0.85584760334316490     
          35          72  0.96296671698784275     
          38          73  0.98602810788683160     
          38          74  0.98413561880904976     
          38          75  0.98392423625352365     
          39          76  0.98462432922039489     
          39          77  0.98425712149047240     
          39          78  0.98451327827781376     
          40          79  0.98442923476484745     
          40          80  0.98323560882924588     
          40          81  0.98668801723128485     
          41          82  0.96526751451336135     
          42          83  0.96986799307800309     
          43          84  0.96898558101364229     
