    0.14744672
   -0.27220309
    0.03802613
   -0.06239375
   -0.02888514
   -0.03851910
   -0.03184022
   -0.00621381
    0.04640073
    0.04168616
   -0.01117333
   -0.03430208
   -0.04018357
   -0.02982405
   -0.06373970
    0.14513296
   -0.26795505
    0.03676864
   -0.11942329
    0.27361149
   -0.01183610
   -0.02645671
   -0.02486669
   -0.01871910
    0.02446984
    0.11360443
   -0.21999648
   -0.01448205
   -0.40744705
    0.08707280
    0.35008756
   -0.35856073
   -0.37766035
   -0.10952064
    0.27653719
   -0.01429703
   -0.02917974
    0.02184888
    0.11179710
   -0.22245279
   -0.01959113
   -0.02410202
   -0.01628870
   -0.40562943
    0.04664620
    0.03953159
    0.06422555
    0.04049485
    0.03880464
    0.03781487
    0.05259004
    0.06256961
    0.07268923
    0.03664718
    0.03777941
    0.04033186
    0.04242932
    0.04720328
    0.04211330
    0.06324272
    0.03600750
    0.04610487
    0.05339580
    0.05842612
    0.06632198
    0.34849581
    0.06499184
    0.04903708
    0.04928780
    0.05606982
