           1           2   1.0641656567439830     
           2           3  0.98182862799530002     
           1           4   1.3886619293050269     
           4           5   1.4287108118309404     
           5           6   1.4493020543764503     
           4           7  0.10082123156973642     
           6           7   1.4183836524306164     
           1           8   1.3125980143500242     
           5           8  0.10620978243101159     
           7           8   1.4450650890140453     
           8           9  0.99934982451536558     
           9          10  0.95750750768371606     
          10          11  0.99568778211737818     
          11          12   1.4356201980193708     
          12          13   1.4276482222857509     
          11          14  0.10588649246334797     
          13          14   1.4411631355486787     
          12          15  0.10248086080475115     
          14          15   1.4378108374341847     
          11          16   1.3235851071675528     
          15          16   1.3788356155329780     
          16          17   1.0643443857582859     
          17          18  0.98114387640280099     
          10          19  0.94458997147647716     
          19          20   1.2161841836864977     
          20          21  0.94769399283019784     
          21          22   1.3968411483015570     
          22          23   1.4352945923724372     
          21          24  0.10539304104932957     
          23          24   1.4502661964207200     
          22          25  0.10026654884017144     
          24          25   1.3650323718566548     
          25          26   1.0900540723302705     
          26          27   2.8116157632991765     
          21          28   1.4255766411470774     
          23          28  0.10552004840557738     
          25          28   1.3634111211579338     
          19          29  0.19702862608083416     
          20          29   1.7045166853369496     
          19          30  0.98294565665724576     
          30          31  0.91144518434449673     
          31          32   1.1584117028336591     
          31          33   1.7815456171072670     
          32          33  0.18315211563556744     
           9          34  0.93998113310355735     
          30          34  0.99717249167567568     
          34          35   1.2047417566144429     
          35          36  0.95820473222201619     
          36          37   1.4136431567263648     
          37          38   1.3670672324288158     
          38          39   1.0901706583758883     
          39          40   2.8106503010653237     
          36          41  0.10274773507959040     
          38          41   1.3610180626318784     
          37          42  0.10446899137201959     
          41          42   1.4517816288503214     
          36          43   1.3963465404816753     
          42          43   1.4360443359307418     
          34          44  0.19162810006178846     
          35          44   1.7028855274717691     
           3          45  0.97673337702214746     
           3          46  0.97650019638265861     
           3          47  0.97928622079770733     
           4          48  0.96541427861360551     
           5          49  0.97087730968919783     
           6          50  0.97087660738077097     
           7          51  0.96064093905836712     
           9          52  0.94413478410244400     
          10          53  0.94746634432629184     
          12          54  0.96486568144706031     
          13          55  0.97080850431124022     
          14          56  0.97078360139230535     
          15          57  0.96512118613857467     
          18          58  0.97639478331225094     
          18          59  0.97643751607901297     
          18          60  0.97925945450030893     
          22          61  0.96866157207632508     
          23          62  0.96846072361935853     
          24          63  0.96933296872862862     
          28          64  0.96744437425703755     
          30          65  0.92044487145001852     
          32          66  0.85176259332391657     
          37          67  0.96184613789848439     
          41          68  0.96969398400782514     
          42          69  0.96804284244334560     
          43          70  0.96793392778455900     
