   -0.03606278
   -0.02629888
   -0.02880425
   -0.02558503
   -0.02710977
    0.00595333
    0.04110699
    0.03564196
    0.00035721
   -0.03573280
   -0.02729920
   -0.02878620
   -0.02625664
   -0.03135332
   -0.12217158
    0.27239501
   -0.08300580
   -0.05566066
   -0.06129259
   -0.05386055
   -0.10289729
   -0.43966623
    0.09377670
    0.35887714
   -0.36541176
   -0.38042752
   -0.11923658
    0.27326243
   -0.08982253
   -0.05296705
   -0.05987077
   -0.05285007
   -0.10281725
   -0.42310562
    0.03103881
    0.03684277
    0.03675498
    0.03590604
    0.02795834
    0.07968680
    0.05456325
    0.03213219
    0.03885543
    0.03843030
    0.03970996
    0.03680721
    0.05311951
    0.05409734
    0.04592188
    0.05119990
    0.02996152
    0.03600003
    0.03215101
    0.02734749
    0.03332657
    0.03272249
    0.03428038
    0.08644340
    0.34266231
    0.05894338
    0.05194267
    0.03761540
    0.05257617
    0.03405461
    0.04030829
    0.02704354
    0.02681519
    0.02950865
    0.03540021
    0.03485392
