           1           2   1.4520228677666525     
           2           3   1.4323223363664042     
           1           4  0.11258736338791672     
           3           4   1.4452915550675285     
           2           5  0.10997881966866654     
           4           5   1.4365290359825826     
           1           6   1.4042957229850668     
           3           6  0.10993848087867303     
           5           6   1.4219870737315268     
           6           7  0.98558144264808956     
           7           8  0.95012368435785455     
           8           9  0.98965778081152989     
           9          10   1.4142570063845903     
          10          11   1.4415236222326884     
           9          12  0.10950851498419929     
          11          12   1.4413956013189322     
          10          13  0.11016392259563995     
          12          13   1.4351635055451273     
           9          14   1.4072668569562530     
          11          14  0.11180761348612092     
          13          14   1.4493525157482692     
           8          15  0.96667392580889533     
          15          16   1.1975284036844056     
          16          17  0.97773364847930366     
          17          18   1.0067669637665133     
          18          19   1.0075531589372329     
          19          20   1.0084307080925292     
          20          21   1.0190636676497904     
          15          22  0.17835200434706977     
          16          22   1.6902508692113458     
          15          23  0.98119042135326395     
          23          24  0.90447797968796706     
          24          25   1.1474749731354947     
          24          26   1.7943069368921791     
          25          26  0.17993910548630632     
           7          27  0.96968127087687739     
          23          27  0.99028583603573184     
          27          28   1.1897756692542054     
          28          29  0.97218212655730896     
          29          30   1.0020126172698069     
          30          31   1.0083533415545636     
          31          32   1.0079221052568634     
          32          33   1.0196122994497252     
          27          34  0.17981349208514258     
          28          34   1.7029623255660933     
           1          35  0.96853171060587462     
           2          36  0.97067141463382278     
           3          37  0.97109275943739137     
           4          38  0.97083720144007568     
           5          39  0.96534130581911148     
           7          40  0.94325812932048514     
           8          41  0.95186940658789942     
          10          42  0.96781822753846536     
          11          43  0.97056416036163051     
          12          44  0.97100625559181086     
          13          45  0.97051388585082188     
          14          46  0.96890374367325771     
          17          47  0.95420257085864912     
          17          48  0.95198735821577507     
          18          49  0.97649342488414914     
          18          50  0.97444214846881128     
          19          51  0.97701852635539055     
          19          52  0.97646476448434760     
          20          53  0.97824736388362665     
          20          54  0.97739311529066997     
          21          55  0.98756219924328692     
          21          56  0.98810006487395574     
          21          57  0.98778236117215390     
          23          58  0.94257765406560778     
          25          59  0.85514731983017445     
          29          60  0.96177636219160334     
          29          61  0.95131605695721511     
          30          62  0.97525137316259958     
          30          63  0.97494282770905261     
          31          64  0.97668955415851111     
          31          65  0.97554103331205744     
          32          66  0.97328873955022521     
          32          67  0.97843128161145188     
          33          68  0.98768258743164783     
          33          69  0.98630643959660647     
          33          70  0.98758795992061299     
