   -0.03091908
   -0.02253519
   -0.02607946
   -0.02684972
   -0.03703582
   -0.00650427
    0.04198325
    0.03877695
   -0.00518967
   -0.03774663
   -0.02691974
   -0.02976882
   -0.02840419
   -0.03738361
   -0.10902218
    0.28112085
   -0.03042751
    0.07028951
   -0.12147680
    0.03440464
   -0.02646750
   -0.03645802
   -0.41946243
    0.10386575
    0.37796060
   -0.32889498
   -0.41206192
   -0.10997884
    0.27961067
   -0.03472575
    0.07803632
   -0.11009022
    0.03067115
   -0.02734050
   -0.04452341
   -0.41555077
    0.04208712
    0.05011327
    0.04381462
    0.03943523
    0.02744075
    0.05174473
    0.06199762
    0.05965227
    0.04265294
    0.03913387
    0.03973892
    0.03407758
    0.06336274
    0.06539047
    0.07995878
    0.34761090
    0.06275372
    0.05413181
