           1           2   1.4456392170050951     
           2           3   1.4366666300978657     
           1           4  0.11135179921564053     
           3           4   1.4399398317688608     
           2           5  0.11035814034612726     
           4           5   1.4422600815014766     
           1           6   1.4101287669889764     
           3           6  0.10874407251056771     
           5           6   1.4137460114253302     
           6           7  0.98670433300535398     
           7           8  0.95142501238327548     
           8           9  0.98957093675417995     
           9          10   1.4057408790494410     
          10          11   1.4486026722516829     
           9          12  0.10898761781905228     
          11          12   1.4348535085508700     
          10          13  0.11186842323264623     
          12          13   1.4414603673740598     
           9          14   1.4165298792897183     
          11          14  0.10949180765130290     
          13          14   1.4401403659032819     
           8          15  0.96021231406969820     
          15          16   1.2238598741258975     
          16          17  0.97024639483917008     
          17          18   1.5330227886749159     
          18          19   1.0182109467146083     
          18          20   1.1723617543449152     
          18          21  0.10226484929045647     
          20          21   1.1873837783044694     
          17          22   1.2312305269935615     
          21          22   1.6405365239027005     
          15          23  0.19147981378944390     
          16          23   1.6637282144404353     
          15          24  0.97854889093148156     
          24          25  0.90339415027658854     
          25          26   1.1943390188177394     
          25          27   1.7413462332420457     
          26          27  0.18228451714670948     
           7          28  0.96276354240675677     
          24          28  0.97846321955162641     
          28          29   1.2187505822680569     
          29          30  0.95421286220317991     
          30          31   1.5424578680265255     
          31          32   1.0255373477953917     
          31          33   1.1692542546748517     
          31          34  0.10304509961152224     
          33          34   1.1919920573380927     
          30          35   1.2359965342575958     
          34          35   1.6306703304569254     
          28          36  0.19685404428785230     
          29          36   1.6894775116006926     
           1          37  0.96803303554304687     
           2          38  0.96948381437525022     
           3          39  0.97051774931297352     
           4          40  0.97046340187626745     
           5          41  0.96857113865214528     
           7          42  0.95244341993630888     
           8          43  0.94833435645046438     
          10          44  0.96211996868696059     
          11          45  0.97026506287044501     
          12          46  0.97086161101703872     
          13          47  0.97044541279724295     
          14          48  0.96809239449244178     
          21          49  0.96770377532481855     
          22          50  0.95964192049772767     
          24          51  0.94365799763466673     
          26          52  0.85260453526797997     
          34          53  0.96771508889978408     
          35          54  0.96103103841164239     
