    0.14509313
   -0.28186337
    0.02977308
   -0.06186621
   -0.02745722
   -0.03704263
   -0.03057977
   -0.01237552
    0.05203803
    0.04993618
   -0.01453616
   -0.03193108
   -0.03717328
   -0.02958487
   -0.06342782
    0.14393152
   -0.28953683
    0.03884444
   -0.09598470
    0.28031943
   -0.04370394
    0.17484513
   -0.12078749
   -0.16731425
    0.07476308
   -0.04418256
   -0.41624439
    0.07119354
    0.35518722
   -0.34361196
   -0.37555977
   -0.12646638
    0.27768001
   -0.05952043
    0.19369340
   -0.07960095
   -0.15872205
    0.07242215
   -0.06644977
   -0.41035913
    0.04498939
    0.05391218
    0.06677286
    0.04769693
    0.04395961
    0.04274222
    0.03826735
    0.04467814
    0.07249057
    0.04151089
    0.04339562
    0.04217219
    0.04324197
    0.04165498
    0.04117061
    0.07437712
    0.07054570
    0.06486911
    0.07922433
    0.33953910
    0.07552812
    0.05342320
