           1           2   1.0592780099907937     
           2           3  0.97792529094923930     
           1           4   1.3840614527734139     
           4           5   1.4349583206199872     
           5           6   1.4434097456397255     
           4           7  0.10253941921689924     
           6           7   1.4260493422987282     
           1           8   1.3209711912965807     
           5           8  0.10533838453604881     
           7           8   1.4348574701873309     
           8           9  0.99518359946334300     
           9          10  0.95065982912235902     
          10          11  0.98994930872336850     
          11          12   1.4281445226795149     
          12          13   1.4327185930301543     
          11          14  0.10638247494948787     
          13          14   1.4387594546103564     
          12          15  0.10403997491410902     
          14          15   1.4400210386440098     
          11          16   1.3336839350630827     
          15          16   1.3780093738486956     
          16          17   1.0501420626362901     
          17          18  0.97682857897684761     
          10          19  0.95964010952048351     
          19          20   1.2177835710102223     
          20          21  0.97524827222510202     
          21          22   1.5236840346527467     
          22          23  0.99767786052749241     
          22          24   1.1311944800864917     
          22          25  0.13614264395772738     
          24          25   1.1200655231617263     
          21          26   1.2470911997081009     
          25          26   1.6230980262007881     
          19          27  0.19569080432810276     
          20          27   1.6808878121083786     
          19          28  0.98344945506156178     
          28          29  0.89373634390202827     
          29          30   1.1736082908025691     
          29          31   1.7742956339111151     
          30          31  0.17132358686273080     
           9          32  0.94817157304519062     
          28          32  0.99715534156511920     
          32          33   1.1786334886199379     
          33          34  0.99787920066662539     
          34          35   1.4945533567546003     
          35          36   1.0274304637948632     
          35          37   1.1484301918261326     
          35          38  0.12815303700591313     
          37          38   1.1198330142607702     
          34          39   1.2450406917475880     
          38          39   1.6206624255453104     
          32          40  0.18099144388209937     
          33          40   1.6891014769966490     
           3          41  0.97701889672427122     
           3          42  0.97322883727855414     
           3          43  0.97613874945636048     
           4          44  0.96454383188465409     
           5          45  0.97045450718113269     
           6          46  0.97029983240328965     
           7          47  0.96755589308031009     
           9          48  0.95641295490781975     
          10          49  0.94928404692492441     
          12          50  0.96763536598753341     
          13          51  0.97010622119555479     
          14          52  0.97049948872228720     
          15          53  0.96485314428125135     
          18          54  0.97679701013439679     
          18          55  0.97763698656544751     
          18          56  0.97436362053462089     
          25          57  0.96289362125403044     
          26          58  0.97065413719404292     
          28          59  0.92652396897275158     
          30          60  0.84191204787843099     
          38          61  0.96264723971557986     
          39          62  0.96749561746702306     
