   -0.03325906
   -0.02798494
   -0.03038638
   -0.02828204
   -0.03659994
   -0.00225764
    0.03305327
    0.03800514
    0.00628316
   -0.02829185
   -0.02628337
   -0.02749691
   -0.02443988
   -0.03183749
   -0.11936802
    0.27769147
   -0.01183701
   -0.04069148
   -0.02881639
   -0.04731185
    0.17516420
   -0.21680161
   -0.03459191
   -0.40935236
    0.08830765
    0.35123718
   -0.35943944
   -0.37982019
   -0.10989607
    0.27423795
   -0.01442905
   -0.05659662
    0.17253988
   -0.22154972
   -0.04576532
   -0.02544371
   -0.02684563
   -0.41047831
    0.04749630
    0.03949639
    0.03777350
    0.04166152
    0.04320540
    0.08546831
    0.07558980
    0.01631204
    0.03378673
    0.03844637
    0.04057476
    0.03747368
    0.03489332
    0.04889377
    0.06461450
    0.08277538
    0.06981259
    0.34671417
    0.07001248
    0.06622879
    0.05619828
    0.06220625
