           1           2   1.4545317520569678     
           2           3   1.4301594144926217     
           1           4  0.11314576969669431     
           3           4   1.4475529175028867     
           2           5  0.10937290281370991     
           4           5   1.4330775847986215     
           1           6   1.4019391984658987     
           3           6  0.10909222538082458     
           5           6   1.4215337329162838     
           6           7  0.98492755097415541     
           7           8  0.96040680035320936     
           8           9  0.98633633502586726     
           9          10   1.4156994497068804     
          10          11   1.4419121374536323     
           9          12  0.10947255741635697     
          11          12   1.4411085136770283     
          10          13  0.11071374382480877     
          12          13   1.4363894152397993     
           9          14   1.4095733936759152     
          11          14  0.11193757885385827     
          13          14   1.4477985078401350     
           8          15  0.95858869448945672     
          15          16   1.2005859782619634     
          16          17  0.96272966658783210     
          17          18   1.3991062969165078     
          18          19   1.4436749302882046     
          17          20  0.10818079771937948     
          19          20   1.4376891694222060     
          20          21   1.3954963082971901     
          21          22  0.96563482484062779     
          17          23   1.4114556933453681     
          19          23  0.10960001207696404     
          21          23   1.3982014099326006     
          15          24  0.18989039576783617     
          16          24   1.7020595657208393     
          15          25  0.98148406914130426     
          25          26  0.90951341329365276     
          26          27   1.1543742059656703     
          26          28   1.7849793218649623     
          27          28  0.18089336294231195     
           7          29  0.94690932841774389     
          25          29  0.99987695120190545     
          29          30   1.1925147961003992     
          30          31  0.97273021161532458     
          31          32   1.3991062416606064     
          32          33   1.4005419746651671     
          33          34  0.96155107263467265     
          31          35  0.10690507718266694     
          33          35   1.3945550233155453     
          32          36  0.10912099038982900     
          35          36   1.4382565767073565     
          31          37   1.3998914700430118     
          36          37   1.4438750813338717     
          29          38  0.18713775690668649     
          30          38   1.6990219601727146     
           1          39  0.96813007952741703     
           2          40  0.97031332277845328     
           3          41  0.97089892414143486     
           4          42  0.97047669619419796     
           5          43  0.96408909116278851     
           7          44  0.94808746641190778     
           8          45  0.94777867696426887     
          10          46  0.96691475953067541     
          11          47  0.97097226091479982     
          12          48  0.97100663544599819     
          13          49  0.97040125558856039     
          14          50  0.96873105440481866     
          18          51  0.96692950778148479     
          19          52  0.96933299420610286     
          20          53  0.96655649010195521     
          23          54  0.96253897426989421     
          25          55  0.92455788528615157     
          27          56  0.85316337050317892     
          32          57  0.96045014593431655     
          35          58  0.96624366647557636     
          36          59  0.96852370919146258     
          37          60  0.96697884847109494     
