   -0.03442795
   -0.02820620
   -0.02703669
   -0.03714998
    0.00670276
    0.01484208
   -0.03739543
   -0.03161820
   -0.03609764
   -0.00290529
    0.03828309
    0.04396330
    0.00102365
   -0.03173635
   -0.02945121
   -0.03494645
    0.01519531
    0.01597616
   -0.02664164
   -0.02785743
   -0.02894879
   -0.03432254
   -0.11729806
    0.26821392
   -0.01644451
   -0.03764651
    0.00890050
   -0.10831180
   -0.02256822
   -0.05751490
   -0.43242867
    0.08853241
    0.35575225
   -0.35370868
   -0.39101733
   -0.12373648
    0.26977628
   -0.02315102
   -0.06146710
    0.00733299
   -0.10884515
   -0.03357975
    0.02414698
   -0.41987926
    0.03441168
    0.03389611
    0.03394814
    0.03519805
    0.03528169
    0.03395959
    0.03064263
    0.08845447
    0.06845849
    0.02528874
    0.03566237
    0.03559816
    0.03816009
    0.03198696
    0.03137975
    0.03293852
    0.06817263
    0.05504557
    0.04595190
    0.05671817
    0.05073904
    0.08035529
    0.34403332
    0.06731152
    0.05296305
    0.04472317
    0.05587288
    0.05054558
