           1           2   1.5548175688769670     
           2           3   1.3249854643021490     
           1           4  0.11855318194349425     
           3           4   1.5512941981481627     
           4           5   1.2855195241068618     
           1           6   1.2809092336465897     
           5           6   1.2558936843941453     
           6           7   1.2750008616987802     
           7           8   1.5587456181495392     
           8           9   1.3191151851297858     
           5          10   1.2458681859667502     
           7          10  0.11421734213806300     
           9          10   1.5308033966049548     
          10          11  0.98984267777659141     
          11          12  0.95068638265799188     
          12          13  0.98701938086253294     
          13          14   1.5209265245510488     
          14          15   1.3304866971981204     
          13          16  0.11516394914802429     
          15          16   1.5492499191185800     
          16          17   1.2823430987198818     
          13          18   1.2555390919077345     
          17          18   1.2504472669018050     
          18          19   1.2805678950779356     
          19          20   1.5562931772657078     
          20          21   1.3205729125629655     
          17          22   1.2779035997280765     
          19          22  0.11876610662286632     
          21          22   1.5585641857794563     
          12          23  0.95137649504158806     
          23          24   1.1938900165045292     
          24          25   1.0331030361404516     
          25          26   1.5525202067234061     
          26          27   1.2677660039925567     
          27          28   1.0234927819623876     
          25          29  0.10947915011575980     
          27          29   1.5773825903112184     
          25          30   1.1365227530993958     
          26          30  0.10055974180424503     
          29          30   1.1910835514252613     
          23          31  0.18017858645376966     
          24          31   1.6440211235967488     
          23          32  0.98885430429875565     
          32          33  0.90533388129867531     
          33          34   1.1670952989722911     
          33          35   1.7637747621490010     
          34          35  0.18130694962914987     
          11          36  0.96507614074413950     
          32          36  0.98985010748130864     
          36          37   1.1568807245024282     
          37          38   1.0366907112661849     
          38          39   1.5419336012143299     
          39          40   1.2686823837998715     
          40          41   1.0232168313705488     
          38          42  0.10399595164727388     
          40          42   1.5718926540588551     
          38          43   1.1494175732839740     
          39          43  0.10652333362701151     
          42          43   1.2150810494952897     
          36          44  0.17305054511111514     
          37          44   1.6718497775047227     
           1          45  0.96811132470067041     
           2          46  0.97069251317336569     
           3          47  0.97066645069547253     
           4          48  0.96304629862314650     
           7          49  0.96799212466172335     
           8          50  0.97040819360191277     
           9          51  0.96346078894394949     
          11          52  0.93643004048733047     
          12          53  0.94662654961405712     
          14          54  0.96799785813392147     
          15          55  0.97030473755690272     
          16          56  0.96789178761339334     
          19          57  0.95910158978502302     
          20          58  0.97097850764645499     
          21          59  0.97079366642446696     
          22          60  0.96805565954587958     
          26          61  0.96007569629485945     
          28          62  0.96960551357455016     
          28          63  0.98543274330261377     
          28          64  0.97177242390662222     
          29          65  0.96805566615017324     
          32          66  0.92677500297626225     
          34          67  0.85490823084170264     
          39          68  0.95214395919908301     
          41          69  0.97191103315433480     
          41          70  0.98560788408658762     
          41          71  0.97078613376216250     
          42          72  0.96927734742906835     
