   -0.02437193
    0.48749806
   -0.21334392
   -0.21203610
   -0.20483736
   -0.01980620
   -0.02031862
   -0.01452581
   -0.02208382
    0.02556582
    0.05103947
    0.04745648
    0.02382372
   -0.02723942
    0.48495243
   -0.22623090
   -0.20044906
   -0.20191581
   -0.02174198
   -0.02299355
   -0.01693718
   -0.02715858
   -0.11052771
    0.27331569
   -0.02600517
   -0.04607837
   -0.05670586
    0.02582668
   -0.11265641
   -0.00281433
   -0.40951836
    0.08730608
    0.35043385
   -0.35709938
   -0.38704106
   -0.12725852
    0.27047155
   -0.02344320
   -0.03083612
   -0.05712791
    0.03528446
   -0.11282198
   -0.01734898
   -0.42320808
    0.06745855
    0.05883386
    0.05834001
    0.05160039
    0.06747759
    0.07091771
    0.06586721
    0.05564461
    0.05691827
    0.07118127
    0.04425997
    0.04569593
    0.05664304
    0.06341541
    0.05733634
    0.08659126
    0.34608895
    0.06049711
    0.04541737
    0.06492857
    0.06105812
    0.05733588
