           1           2  0.95175656319469137     
           2           3  0.94137319128776809     
           2           4  0.93707268514613840     
           2           5  0.95018570459784502     
           1           6   1.4074832422662700     
           6           7   1.4476202333854804     
           1           8  0.10538301714864025     
           7           8   1.4300342834649407     
           6           9  0.10949834828734750     
           8           9   1.4512656044119643     
           1          10   1.3889944295537324     
           7          10  0.10778092807886495     
           9          10   1.4050456100348960     
          10          11  0.99530552095430136     
          11          12  0.95022764017612560     
          12          13  0.99342159563868071     
          13          14   1.3867385495811120     
          14          15  0.95088196992988738     
          15          16  0.92538052615678190     
          15          17  0.95072913398474168     
          15          18  0.95416629612582049     
          14          19   1.4106736329696052     
          13          20  0.10765873899372777     
          19          20   1.4451807961501024     
          14          21  0.10423286293159872     
          20          21   1.4310579005532615     
          13          22   1.4063627082849131     
          19          22  0.10970976502397808     
          21          22   1.4498926311559472     
          12          23  0.95635193388088802     
          23          24   1.1958916768614745     
          24          25  0.98293734191044202     
          25          26   1.5771061454140707     
          26          27   1.2770609702498441     
          25          28  0.10852712639948139     
          27          28   1.5902159982945918     
          28          29   1.0391876931205493     
          25          30   1.1483915832331941     
          28          30   1.1697745655371441     
          23          31  0.19068975952341954     
          24          31   1.6904620174415643     
          23          32  0.98442297820790670     
          32          33  0.90811182556616865     
          33          34   1.1621241897553147     
          33          35   1.7713015598141510     
          34          35  0.18224083200774968     
          11          36  0.96280894029726616     
          32          36  0.98140845197771986     
          36          37   1.1547673178767619     
          37          38   1.0421279537716768     
          38          39   1.5370734182222499     
          39          40   1.3028871887431899     
          38          41  0.10305954654841870     
          40          41   1.5667843019727059     
          41          42   1.0410507020628581     
          38          43   1.1356807836324825     
          41          43   1.1809269866083745     
          36          44  0.16713986065415101     
          37          44   1.6655434286702930     
           6          45  0.96572995952438023     
           7          46  0.96852298028237627     
           8          47  0.96844779626918986     
           9          48  0.96615736898664051     
          11          49  0.94703581939418813     
          12          50  0.95173229134851922     
          19          51  0.96574738728451814     
          20          52  0.96894423262210694     
          21          53  0.96880132122770157     
          22          54  0.95861201733296664     
          26          55  0.96235828145259883     
          27          56  0.96326284236410098     
          29          57  0.97940371157327322     
          29          58  0.96629494705193641     
          29          59  0.97135765478614022     
          32          60  0.93793949031732260     
          34          61  0.85288573928912470     
          39          62  0.96200815787354466     
          40          63  0.96328691009774525     
          42          64  0.96681950737627464     
          42          65  0.96762842453609021     
          42          66  0.97939470998782285     
