   -0.02088764
    0.48592051
   -0.20346118
   -0.22283998
   -0.19984724
   -0.01798681
   -0.02001957
   -0.01597277
   -0.02322044
    0.02215622
    0.04657775
    0.04895155
    0.02756026
   -0.02148336
    0.48603763
   -0.22529497
   -0.20070343
   -0.20071345
   -0.01770135
   -0.02002144
   -0.01576334
   -0.02078069
   -0.12539764
    0.27997450
   -0.02373615
   -0.02093278
   -0.03412209
    0.01689570
   -0.05889117
   -0.09944976
   -0.03935971
   -0.03709727
   -0.39904163
    0.07201619
    0.34267828
   -0.36304346
   -0.34114029
   -0.12879338
    0.26496389
   -0.03558721
   -0.03775663
   -0.03390040
    0.02237305
   -0.06055370
   -0.10029522
   -0.03434946
   -0.03310660
   -0.40802880
    0.06992270
    0.05933199
    0.05864107
    0.04572804
    0.06987792
    0.06455784
    0.06926015
    0.05825497
    0.05558153
    0.04690738
    0.05949870
    0.04407789
    0.04047686
    0.03679039
    0.03829780
    0.03979750
    0.04054436
    0.03544083
    0.02614069
    0.06660631
    0.32851820
    0.04880959
    0.04864453
    0.04272831
    0.04432923
    0.04108555
    0.04019137
    0.04369546
    0.04489938
    0.03653897
