           1           2  0.95152562148594444     
           2           3  0.94586909481584702     
           2           4  0.92916785179756156     
           2           5  0.95654282683800684     
           1           6   1.4159467138153121     
           6           7   1.4411894745116252     
           1           8  0.10566053408967907     
           7           8   1.4354786746098718     
           6           9  0.10871011315486392     
           8           9   1.4452927625842551     
           1          10   1.3835776480988402     
           7          10  0.10863964914163457     
           9          10   1.4127537610807290     
          10          11  0.99507984777861902     
          11          12  0.94978637685846279     
          12          13  0.99780311712991221     
          13          14   1.3870159221783414     
          14          15  0.95182920748725652     
          15          16  0.92642203033278669     
          15          17  0.95549029652401862     
          15          18  0.94943603419868383     
          14          19   1.4125556310339951     
          13          20  0.10870860759628030     
          19          20   1.4443016439091314     
          14          21  0.10465368140292074     
          20          21   1.4316899026493166     
          13          22   1.4074435307695807     
          19          22  0.10928375568622659     
          21          22   1.4501776799368469     
          12          23  0.95778180641182376     
          23          24   1.1586139706120890     
          24          25  0.96750778106189639     
          25          26   1.4036708893749170     
          26          27   1.4477047368208866     
          25          28  0.10577412057326711     
          27          28   1.4107352575610204     
          28          29   1.0139651322849155     
          29          30  0.99940361144315593     
          26          31  0.10693941593703662     
          28          31   1.4053452858355058     
          25          32   1.3943515250900438     
          27          32  0.10850441804695705     
          31          32   1.4512922428572728     
          23          33  0.17738785404746854     
          24          33   1.7273855445773298     
          23          34  0.99986524478675265     
          34          35  0.88806540781451671     
          35          36   1.1534114502961605     
          35          37   1.8108730952800896     
          36          37  0.17359000597322055     
          11          38  0.95178592384130478     
          34          38  0.98404921707392679     
          38          39   1.1977794029932158     
          39          40  0.95822608239760010     
          40          41   1.3870531297800888     
          41          42   1.4421354345958231     
          40          43  0.10462421877659991     
          42          43   1.4098349424435137     
          43          44   1.0159706949862035     
          44          45  0.99746802017714731     
          41          46  0.10467560832978022     
          43          46   1.4025990053628226     
          40          47   1.3917622323469714     
          42          47  0.10744660062726012     
          46          47   1.4534871408083458     
          38          48  0.19370387959822510     
          39          48   1.7033957099572197     
           6          49  0.96519620467658007     
           7          50  0.96856171574263084     
           8          51  0.96864035908177359     
           9          52  0.96433311777753150     
          11          53  0.95302036713570493     
          12          54  0.95263309937924645     
          19          55  0.96537029291222942     
          20          56  0.96875762915159225     
          21          57  0.96896424449455665     
          22          58  0.96680987014304332     
          26          59  0.96730104260005390     
          27          60  0.96762593853886258     
          29          61  0.97316924191298404     
          29          62  0.97456040736926419     
          30          63  0.98827813143559018     
          30          64  0.98585696595859984     
          30          65  0.98794431627380097     
          31          66  0.96817201101914563     
          32          67  0.96874808366457732     
          34          68  0.92840007284049664     
          36          69  0.82724250632162977     
          41          70  0.96666117734617041     
          42          71  0.96717680833911812     
          44          72  0.97333099389470357     
          44          73  0.97269396069525071     
          45          74  0.98790824583220760     
          45          75  0.98805312384424870     
          45          76  0.98533460520215277     
          46          77  0.96747544485079262     
          47          78  0.96721819889515892     
