   -0.03464964
    0.48439468
   -0.21178982
   -0.20247833
   -0.21055096
   -0.02249172
   -0.02348468
   -0.01643185
   -0.02609915
    0.01135006
    0.03548837
    0.04642557
    0.01832836
   -0.02515094
    0.48917818
   -0.20419067
   -0.20817711
   -0.20927156
   -0.02129784
   -0.02143207
   -0.01682150
   -0.03063420
   -0.12715400
    0.26412840
    0.06910832
    0.01366824
   -0.11470813
   -0.06897403
    0.07587219
   -0.19887312
   -0.41246483
    0.09528151
    0.36246820
   -0.33658069
   -0.39088911
   -0.11765755
    0.27540078
    0.06516931
   -0.01151820
   -0.11774408
   -0.07358010
    0.06730158
   -0.18051785
   -0.39609747
    0.06395078
    0.05989602
    0.06205652
    0.06237170
    0.07636440
    0.05621477
    0.07113149
    0.06092814
    0.05957005
    0.04318872
    0.07010883
    0.07898803
    0.05331803
    0.05173895
    0.05098760
    0.11162137
    0.34640627
    0.06985841
    0.05998154
    0.04937904
    0.04936413
    0.05072265
