           1           2  0.94972732788945680     
           2           3  0.93859119106669742     
           2           4  0.94622369325436340     
           2           5  0.94703084630754897     
           1           6   1.3951431190699504     
           6           7   1.4576787805807372     
           1           8  0.10334786736003056     
           7           8   1.4191367287153240     
           6           9  0.11059991626709320     
           8           9   1.4610082859854285     
           1          10   1.3969965078268105     
           7          10  0.10543976456211165     
           9          10   1.3921333456872140     
          10          11  0.99767105565292802     
          11          12  0.93419971898550225     
          12          13  0.99427326735692989     
          13          14   1.3927036479993729     
          14          15  0.95055559423554747     
          15          16  0.94996547300669065     
          15          17  0.94253851252207610     
          15          18  0.94167413100811448     
          14          19   1.4061244228793044     
          13          20  0.10867387830500810     
          19          20   1.4499639454006983     
          14          21  0.10385101890400543     
          20          21   1.4261457940971258     
          13          22   1.3969239126511044     
          19          22  0.10986658045012541     
          21          22   1.4567785846289016     
          12          23  0.97516548349276766     
          23          24   1.1514056127563219     
          24          25   1.0497576734817140     
          25          26   1.4792982188132726     
          26          27   1.0445390518920048     
          26          28   1.2889174370130816     
          25          29  0.13538956342273323     
          28          29   1.5871597373466080     
          25          30   1.0803918640436252     
          29          30   1.1444418018782638     
          23          31  0.17194528710285470     
          24          31   1.6635517844269208     
          23          32  0.97772816825639786     
          32          33  0.91047240216223058     
          33          34   1.1834659760207655     
          33          35   1.7639987595180406     
          34          35  0.18418202527090999     
          11          36  0.97386034323416970     
          32          36  0.98660554082012530     
          36          37   1.1806717931306367     
          37          38  0.96770459052214541     
          38          39   1.5283633350761019     
          39          40   1.0355978468369715     
          39          41   1.2676197518284789     
          38          42  0.14146345721206374     
          41          42   1.6083729795564594     
          38          43   1.1036931487996893     
          42          43   1.1379580269593921     
          36          44  0.18968239252617219     
          37          44   1.7114209341283582     
           6          45  0.96641976833693755     
           7          46  0.96832512680680316     
           8          47  0.96800349909684669     
           9          48  0.96406287516422151     
          11          49  0.94804231790923454     
          12          50  0.94907448677970985     
          19          51  0.96491622070168082     
          20          52  0.96826813870571038     
          21          53  0.96821108623420538     
          22          54  0.96634483805737914     
          27          55  0.95771679830174894     
          27          56  0.96696580891717310     
          27          57  0.98214023838486841     
          28          58  0.97267366741549233     
          29          59  0.96538778623619603     
          32          60  0.92292854925838996     
          34          61  0.85334620853357412     
          40          62  0.97447048932367553     
          40          63  0.97029251695335939     
          40          64  0.96761121102596637     
          41          65  0.97306782242126788     
          42          66  0.96534826198202539     
