   -0.02716032
    0.48815368
   -0.20416142
   -0.20971439
   -0.21200003
   -0.02138858
   -0.02107178
   -0.01497097
   -0.02345653
    0.01080167
    0.04147431
    0.05100945
    0.02167351
   -0.02743988
    0.48506536
   -0.20283551
   -0.23015418
   -0.19801102
   -0.02221649
   -0.02395718
   -0.01791783
   -0.02951639
   -0.11519135
    0.27355971
   -0.02619644
   -0.03869238
    0.01386916
    0.02604813
   -0.10819858
   -0.10669514
   -0.10841916
   -0.04632570
    0.00774982
    0.02586991
   -0.10612774
   -0.10704612
   -0.10958802
   -0.03884303
   -0.41863341
    0.09610785
    0.36888418
   -0.34761167
   -0.40832588
   -0.11846947
    0.27606676
   -0.02057125
   -0.04495480
    0.00852827
    0.02564473
   -0.10717825
   -0.10753339
   -0.10720171
   -0.04735313
    0.00951840
    0.02559188
   -0.10855070
   -0.10794344
   -0.10834423
   -0.03744420
   -0.41748889
    0.07129355
    0.05888642
    0.05955203
    0.04954159
    0.05913178
    0.06899831
    0.06446045
    0.05437987
    0.05628407
    0.07466529
    0.03650974
    0.03825663
    0.03573098
    0.03617018
    0.03948006
    0.03949067
    0.03507848
    0.04040380
    0.03708953
    0.03968201
    0.04450654
    0.04119727
    0.03573763
    0.02907602
    0.03732338
    0.03820471
    0.03741208
    0.03952977
    0.03850221
    0.03746557
    0.04469545
    0.07920688
    0.34718643
    0.03827093
    0.03767719
    0.03059248
    0.04125219
    0.03972924
    0.02922845
    0.04063337
    0.03803528
    0.03829039
    0.04026924
    0.04498752
    0.03780956
    0.03379470
    0.04009981
    0.04287454
    0.03696933
    0.04075149
    0.03716961
    0.04259588
    0.02943316
    0.04369008
