           1           2  0.95075565076558421     
           2           3  0.95098790835096081     
           2           4  0.94406746985459167     
           2           5  0.93745576306332246     
           1           6   1.4116593425266468     
           6           7   1.4424421903972200     
           1           8  0.10493238573776434     
           7           8   1.4322315647598696     
           6           9  0.10867472675709042     
           8           9   1.4483260733703922     
           1          10   1.3863248213545312     
           7          10  0.10818842739218672     
           9          10   1.4074024558899638     
          10          11  0.99166261842328718     
          11          12  0.94931710744113129     
          12          13  0.99006570912260883     
          13          14   1.3872483255567429     
          14          15  0.95110066232263035     
          15          16  0.95382257064076192     
          15          17  0.92116879211396197     
          15          18  0.95379255295141463     
          14          19   1.4101388209282661     
          13          20  0.10757194449793525     
          19          20   1.4454047309460254     
          14          21  0.10412368336934621     
          20          21   1.4306999589203819     
          13          22   1.4059184227175290     
          19          22  0.10989034179304673     
          21          22   1.4504447215942382     
          12          23  0.96289391973082006     
          23          24   1.1907413081499079     
          24          25  0.96275338620980033     
          25          26   1.4159495646483926     
          26          27   1.4004605988839827     
          27          28  0.98349284598115672     
          28          29  0.99994970320198118     
          28          30  0.98662145351333186     
          28          31  0.98672506458510822     
          25          32  0.10385200026040667     
          27          32   1.4261418749578838     
          26          33  0.10750642024566397     
          32          33   1.4025485281313694     
          33          34  0.98272315537397925     
          34          35  0.98552533522854546     
          34          36  0.98880315538449270     
          34          37   1.0000678729264230     
          25          38   1.3916898275605956     
          27          38  0.10359685012172544     
          33          38   1.4233809576298599     
          23          39  0.18721998361795883     
          24          39   1.7002439432521212     
          23          40  0.98744408065112199     
          40          41  0.90798764625104267     
          41          42   1.1744848783795581     
          41          43   1.7442674614353226     
          42          43  0.17686974508773201     
          11          44  0.96894658616587337     
          40          44  0.97308982721049297     
          44          45   1.2021944112796377     
          45          46  0.96049576214630572     
          46          47   1.3904954022348310     
          47          48   1.4257023869948913     
          48          49  0.98305400920914077     
          49          50  0.98772091605227630     
          49          51  0.99995490256953934     
          49          52  0.98621889077322411     
          46          53  0.10483777907383038     
          48          53   1.3984153798311054     
          47          54  0.10466913764543420     
          53          54   1.4323301302548790     
          54          55  0.98318003086841332     
          55          56  0.99980156420325672     
          55          57  0.98531048598897164     
          55          58  0.98818326199135276     
          46          59   1.4233330847922356     
          48          59  0.10714382468511294     
          54          59   1.3940726237270284     
          44          60  0.18381393654105832     
          45          60   1.6855345777995256     
           6          61  0.96476514360826782     
           7          62  0.96821927049654510     
           8          63  0.96780384641702166     
           9          64  0.96373197051650239     
          11          65  0.94784411572211646     
          12          66  0.95344325445251377     
          19          67  0.96594713820718348     
          20          68  0.96907774402863089     
          21          69  0.96885217235461352     
          22          70  0.95803169987217851     
          26          71  0.96278012124260126     
          29          72  0.98410105738332099     
          29          73  0.98414847587907051     
          29          74  0.98494676141078996     
          30          75  0.98434549331443488     
          30          76  0.98364434416673685     
          30          77  0.98660845526717922     
          31          78  0.98630502108384155     
          31          79  0.98298782362664605     
          31          80  0.98427771918578044     
          32          81  0.95807999495896379     
          35          82  0.98411545247600896     
          35          83  0.98416413108518119     
          35          84  0.98593804730602885     
          36          85  0.98672808647598553     
          36          86  0.98437663542545184     
          36          87  0.98257461911052824     
          37          88  0.98493193738786022     
          37          89  0.98373606660291746     
          37          90  0.98438046426976000     
          38          91  0.96395875368733108     
          40          92  0.94065530464058211     
          42          93  0.85139764564397713     
          47          94  0.96246618120599714     
          50          95  0.98275143318838709     
          50          96  0.98522014545724534     
          50          97  0.98416183758444731     
          51          98  0.98413623647816695     
          51          99  0.98503994515207371     
          51         100  0.98389810893677343     
          52         101  0.98650144228203873     
          52         102  0.98352983095179924     
          52         103  0.98410613465819408     
          53         104  0.95790514195934773     
          56         105  0.98413688577061986     
          56         106  0.98490270492621612     
          56         107  0.98406045104483686     
          57         108  0.98348991666133823     
          57         109  0.98651337859631349     
          57         110  0.98395825290984629     
          58         111  0.98269158841951953     
          58         112  0.98408968412944919     
          58         113  0.98401004239950596     
          59         114  0.96277963177433223     
