   -0.02925003
   -0.03155329
    0.01439645
   -0.03290018
   -0.02865072
   -0.02859463
   -0.03374167
    0.01423663
   -0.03873311
    0.00432588
    0.04180724
    0.04011611
    0.00020161
   -0.04256321
    0.01723529
   -0.03364591
   -0.02761820
   -0.02819836
   -0.03259508
    0.01514370
   -0.03038916
   -0.02995976
   -0.11619200
    0.27094320
   -0.03990912
   -0.04181132
    0.03089962
   -0.02335767
   -0.04727696
   -0.40490335
    0.07679224
    0.34727352
   -0.36032952
   -0.33696739
   -0.12152822
    0.27895774
   -0.03177684
   -0.03332250
   -0.00730539
   -0.01953086
   -0.03394946
   -0.40535982
    0.04396603
    0.04095510
    0.03521462
    0.03325140
    0.03248148
    0.02853055
    0.02224346
    0.07158743
    0.08028569
    0.03472341
    0.03483558
    0.03424077
    0.03394244
    0.03524633
    0.03987091
    0.02055738
    0.05817640
    0.05981452
    0.04389470
    0.05382316
    0.32417895
    0.03913540
    0.05500337
    0.06362543
