           1           2   1.5587779095931777     
           2           3   1.2795732537726228     
           3           4   1.2805626585821632     
           4           5   1.5576158105060824     
           5           6   1.3196628704040567     
           4           7  0.11823755697897168     
           6           7   1.5587149678085641     
           3           8   1.2488915372337155     
           7           8   1.2776350450033338     
           2           9  0.11602739372206203     
           8           9   1.2857434755906523     
           1          10   1.2995008903621412     
           9          10   1.5229972345138438     
          10          11  0.98720929586825423     
          11          12  0.95731858632270350     
          12          13  0.98392068586816672     
          13          14   1.5156992029703331     
          14          15   1.2893104067185128     
          15          16   1.2747971640985760     
          16          17   1.5614837554779446     
          17          18   1.3174598463452503     
          16          19  0.11865862338312574     
          18          19   1.5600570847567863     
          15          20   1.2480469860825600     
          19          20   1.2779851839947489     
          14          21  0.11768484724040219     
          20          21   1.2839020099695688     
          13          22   1.3062262531467332     
          21          22   1.5512932197267635     
          12          23  0.96036221163604163     
          23          24   1.2068629523493604     
          24          25  0.94813827293042152     
          25          26   1.5715045956489959     
          26          27   1.2022353515766111     
          26          28  0.10963439027355321     
          27          28   1.2149680127254674     
          25          29   1.2402707668695858     
          28          29   1.6256004004320841     
          23          30  0.19635436492566377     
          24          30   1.7049483399967809     
          23          31  0.98746535927194312     
          31          32  0.88985580533696218     
          32          33   1.1454219900782194     
          32          34   1.8194757959384860     
          33          34  0.17214088429627486     
          11          35  0.95130903741826356     
          31          35  0.99467338903301572     
          35          36   1.1883713058837035     
          36          37  0.96238802350449215     
          37          38   1.5856886234632015     
          38          39   1.1985371112458987     
          38          40  0.11617916100628634     
          39          40   1.1910662604577094     
          37          41   1.2370651904099008     
          40          41   1.6441696174377338     
          35          42  0.18578438297273489     
          36          42   1.7077190368557116     
           1          43  0.96686758360484326     
           2          44  0.96743403740465916     
           4          45  0.96822703534335219     
           5          46  0.97095174877820078     
           6          47  0.97100386797220595     
           7          48  0.96853292133288260     
           9          49  0.96593116877653862     
          11          50  0.95236508434116374     
          12          51  0.94397823435280870     
          14          52  0.96517504056468939     
          16          53  0.96817949389000579     
          17          54  0.97085048133023721     
          18          55  0.97091462392958083     
          19          56  0.96824288544836534     
          21          57  0.96769239373214533     
          22          58  0.96628399643001339     
          26          59  0.96734194226678460     
          28          60  0.96909171411296446     
          29          61  0.96365179615844598     
          31          62  0.93335574680288647     
          33          63  0.83851710676328706     
          38          64  0.97045055993656060     
          40          65  0.96958623927190102     
          41          66  0.96134840716445757     
