   -0.42954790
    0.27417310
   -0.02334214
   -0.02834144
   -0.05305032
    0.14868486
   -0.25987361
    0.03391118
   -0.06432382
   -0.01998103
   -0.11291524
    0.09787117
    0.37100166
   -0.36375846
   -0.40953046
   -0.12104217
    0.27304017
   -0.03104336
   -0.02841312
   -0.06303825
    0.14713703
   -0.26358474
    0.03482184
   -0.05377761
   -0.02050747
   -0.41825832
    0.04698732
    0.00901389
   -0.03171954
   -0.02791886
   -0.02895443
   -0.02542379
   -0.02879149
    0.03926094
   -0.00143767
   -0.03510805
   -0.02667961
   -0.03046650
   -0.02845164
   -0.03585810
    0.03976888
    0.05625888
    0.04365183
    0.06645739
    0.04472555
    0.04527436
    0.05502257
    0.06056048
    0.34449973
    0.03330856
    0.04217919
    0.06445809
    0.04263031
    0.04301478
    0.05601750
    0.05529686
    0.06678797
    0.02866842
    0.03513966
    0.03643639
    0.03877361
    0.03834651
    0.04771746
    0.05864019
    0.04201023
    0.03562390
    0.03712680
    0.03083981
