           1           2   1.6361724003967819     
           2           3  0.98935617807916731     
           3           4   1.3720781852410111     
           4           5   1.4835555951511874     
           5           6   1.3376210260529371     
           6           7   1.0769734541859504     
           7           8  0.98205939532099884     
           6           9   1.3683313676972773     
           3          10   1.3995479783195466     
           5          10  0.10373525637390515     
           9          10   1.4481678455501021     
           1          11  0.18038369561275441     
           2          11   1.2215687920376628     
          11          12  0.97563867123167802     
          12          13  0.90655503544947513     
          13          14   1.1498303085496604     
          13          15   1.7431152177447293     
          14          15  0.16753861078968155     
          12          16  0.98799466394851987     
          16          17   1.1887316857829633     
          17          18  0.97311245743309271     
          18          19   1.4054272904662763     
          19          20   1.4447358622021633     
          20          21   1.3695636623595784     
          21          22   1.0706063031040434     
          22          23  0.98373688492732114     
          19          24  0.10650498649432695     
          21          24   1.3439646148345230     
          18          25   1.3786382548585594     
          24          25   1.4779048660377414     
          16          26  0.18479941975508829     
          17          26   1.6981228110067750     
          16          27  0.95994560780097593     
          27          28  0.98813496389679434     
          28          29   1.4114001952202595     
          29          30   1.4467304259573130     
          28          31  0.10966974310104119     
          30          31   1.4369184652549412     
          29          32  0.11150308663235471     
          31          32   1.4402898167951959     
          28          33   1.4148589657969630     
          30          33  0.11110206127187411     
          32          33   1.4431705778921076     
          11          34  0.96052195224438008     
          27          34  0.95096003477249047     
          34          35  0.98957634737504752     
          35          36   1.4067512711224386     
          36          37   1.4495246756300126     
          35          38  0.10907643585686182     
          37          38   1.4339694106564380     
          36          39  0.11210360863971539     
          38          39   1.4423703132077133     
          35          40   1.4167609848267759     
          37          40  0.10942648543877309     
          39          40   1.4394514349991370     
           4          41  0.96818981082367128     
           5          42  0.96679953168629029     
           8          43  0.97655442178846841     
           8          44  0.97935247991463104     
           8          45  0.97638712098536429     
           9          46  0.96480357465678557     
          10          47  0.96799646460091981     
          12          48  0.94481440515915349     
          14          49  0.85590649651995809     
          19          50  0.96906412313274659     
          20          51  0.96518772210647075     
          23          52  0.97949995541057122     
          23          53  0.97648772924287564     
          23          54  0.97656230225519880     
          24          55  0.96675972310295699     
          25          56  0.96802206960323911     
          27          57  0.95196144850537967     
          29          58  0.96890199600538129     
          30          59  0.97088403115657851     
          31          60  0.97115061386082446     
          32          61  0.97054709923273297     
          33          62  0.96832774173639402     
          34          63  0.95417870067921751     
          36          64  0.96325098206142534     
          37          65  0.97037759599102513     
          38          66  0.97111978367900997     
          39          67  0.97062693609337503     
          40          68  0.96836165507384619     
