    0.14670265
   -0.27104966
    0.03712677
   -0.06241990
   -0.02916277
   -0.03934206
   -0.03454580
   -0.00835589
    0.04322029
    0.04335447
   -0.00691584
   -0.03639499
   -0.03845463
   -0.02883937
   -0.06129985
    0.14965018
   -0.27781721
    0.04034118
   -0.11111528
    0.27654804
   -0.01314881
   -0.01845513
   -0.01257267
    0.02473485
    0.11369470
   -0.22144615
   -0.01874137
   -0.02308178
   -0.40251381
    0.08760289
    0.34952224
   -0.35021101
   -0.39348657
   -0.11780919
    0.27159071
   -0.01448845
   -0.02310966
   -0.01639442
    0.02807266
    0.11483146
   -0.21887943
   -0.01438177
   -0.02508473
   -0.40807761
    0.04778592
    0.06302438
    0.04160243
    0.04290012
    0.04037721
    0.03687861
    0.04028696
    0.07118601
    0.07470064
    0.05430569
    0.03893518
    0.03981481
    0.04077100
    0.04842924
    0.04056609
    0.05498694
    0.04143577
    0.05544183
    0.05147244
    0.04775114
    0.06119251
    0.34434358
    0.04683091
    0.05168997
    0.05371381
    0.04017947
