           1           2   1.0608473618738201     
           2           3  0.98061294187840242     
           1           4   1.3793310615885526     
           4           5   1.4385298037408840     
           5           6   1.4397402996392130     
           4           7  0.10281868590654628     
           6           7   1.4299551476095409     
           1           8   1.3266534464434809     
           5           8  0.10615019179876882     
           7           8   1.4328497254657329     
           8           9  0.99589334401272467     
           9          10  0.96208901229775745     
          10          11  0.99769866659779172     
          11          12   1.4475594864590671     
          12          13   1.4147735558121546     
          11          14  0.10648445158703650     
          13          14   1.4529971680271503     
          12          15  0.10039673107612507     
          14          15   1.4251259985198115     
          11          16   1.3130268274185737     
          15          16   1.3938442432291869     
          16          17   1.0569668468617635     
          17          18  0.98333441931289378     
          10          19  0.94044200725564031     
          19          20   1.2035797804847448     
          20          21  0.95039271105077006     
          21          22   1.3974930794559799     
          22          23   1.4567636946100093     
          23          24   1.3625994560619037     
          24          25   1.0917361756908739     
          25          26   2.8104740531750925     
          22          27  0.10581964525039081     
          24          27   1.3618017442688970     
          21          28   1.3980598990939592     
          23          28  0.10532834300155940     
          27          28   1.4573813925445565     
          19          29  0.19031069120840560     
          20          29   1.7092956847632874     
          19          30  0.98840017980300099     
          30          31  0.91137480188055631     
          31          32   1.1609648013330447     
          31          33   1.7720944303766535     
          32          33  0.18242123671066052     
           9          34  0.94149020997380339     
          30          34  0.97895355179914512     
          34          35   1.2181198577900050     
          35          36  0.94862776896858836     
          36          37   1.3966686504530097     
          37          38   1.4569227864814334     
          38          39   1.3627488277513109     
          39          40   1.0910260660735500     
          40          41   2.8118422449703493     
          37          42  0.10499943468444664     
          39          42   1.3623291585235520     
          36          43   1.3998571551713994     
          38          43  0.10538840903050319     
          42          43   1.4574966581937794     
          34          44  0.19804096703866417     
          35          44   1.7015386887104240     
           3          45  0.97679787781103855     
           3          46  0.97931771098862974     
           3          47  0.97638304928967412     
           4          48  0.96512268417860492     
           5          49  0.97078164809725653     
           6          50  0.97085502453569261     
           7          51  0.96377147698218624     
           9          52  0.94841987904902991     
          10          53  0.93769242237885875     
          12          54  0.96076214556687256     
          13          55  0.97074184127782903     
          14          56  0.97081945475561315     
          15          57  0.96538626537944883     
          18          58  0.97690904597100159     
          18          59  0.97633455016395132     
          18          60  0.98030819141856895     
          22          61  0.96850754199390754     
          23          62  0.96820458287232292     
          27          63  0.96875234901441964     
          28          64  0.96804338768718123     
          30          65  0.94378144198119118     
          32          66  0.85406684828042101     
          37          67  0.96788749750358816     
          38          68  0.96857238374736476     
          42          69  0.96856929283164062     
          43          70  0.96755828127975563     
