    0.14068099
   -0.27929689
    0.04060592
   -0.06590010
   -0.03270602
   -0.03731043
   -0.03441378
   -0.01773701
    0.03896955
    0.05179439
   -0.00583831
   -0.02987406
   -0.03967881
   -0.03170569
   -0.06471645
    0.14523038
   -0.27150095
    0.04035114
   -0.12628723
    0.26660840
    0.07784210
   -0.05958443
   -0.06523559
    0.11493087
    0.00574131
   -0.02886531
   -0.02706359
   -0.02898190
   -0.02769010
   -0.03555274
   -0.16576107
   -0.39996321
    0.09246240
    0.36793140
   -0.36106850
   -0.39808294
   -0.11304261
    0.26653613
    0.08505161
   -0.06022692
   -0.06731285
    0.11605622
    0.00599913
   -0.03508142
   -0.02755143
   -0.02844205
   -0.02654853
   -0.02800357
   -0.16066603
   -0.42705810
    0.04213193
    0.06224864
    0.03930951
    0.03804358
    0.03815928
    0.04366042
    0.06472046
    0.06710539
    0.07974354
    0.03788046
    0.03812730
    0.03777300
    0.03824338
    0.04660687
    0.06298285
    0.03494338
    0.03812486
    0.04437997
    0.05176699
    0.03622923
    0.03417284
    0.03463166
    0.03615383
    0.07386247
    0.34470164
    0.04724941
    0.04238711
    0.03501030
    0.03517337
    0.03542996
    0.03767267
    0.05333034
