           1           2   1.0517664911474478     
           2           3  0.98378259707785753     
           1           4   1.3834113486416439     
           4           5   1.4328492942836069     
           5           6   1.4437945914099453     
           4           7  0.10287257773699519     
           6           7   1.4268280521094152     
           1           8   1.3273197033862305     
           5           8  0.10707460577181400     
           7           8   1.4345143242111735     
           8           9  0.99302300642768304     
           9          10  0.94524160399139012     
          10          11  0.99421563140299918     
          11          12   1.4408690491176344     
          12          13   1.4226678367509704     
          11          14  0.10654561513960929     
          13          14   1.4458743382601689     
          12          15  0.10162085715687717     
          14          15   1.4324459870363875     
          11          16   1.3211339953276737     
          15          16   1.3827228113271548     
          16          17   1.0612724660461588     
          17          18  0.98401935104897020     
          10          19  0.95867827002500583     
          19          20   1.1727175167935899     
          20          21  0.99795531591964859     
          21          22   1.5055572199796383     
          22          23   1.3446642101766986     
          21          24  0.12246867522652072     
          23          24   1.4848892364760142     
          24          25   1.0881290551519425     
          25          26   1.3697178007482815     
          26          27   1.4589154242046787     
          27          28   1.4308056698731075     
          26          29  0.10525731586145466     
          28          29   1.4285154841899006     
          25          30   1.3687198180129558     
          27          30  0.10536336699311590     
          29          30   1.4610006238081477     
          21          31   1.1266283379431536     
          24          31   1.1213462351239509     
          19          32  0.18194850438219567     
          20          32   1.6936728954490794     
          19          33  0.98258877299876324     
          33          34  0.90418543798801965     
          34          35   1.1546713524243488     
          34          36   1.7582772374265239     
          35          36  0.17365487782121744     
           9          37  0.95929981276651444     
          33          37  0.97950320099356392     
          37          38   1.2093747703926052     
          38          39   1.0193030800139533     
          39          40   1.4917386229609153     
          40          41   1.3546983558673011     
          39          42  0.12037927825726560     
          41          42   1.4747344654205183     
          42          43   1.0889497946664612     
          43          44   1.3681903330362752     
          44          45   1.4611993944530828     
          45          46   1.4283688581565581     
          44          47  0.10522600554466217     
          46          47   1.4305708767383509     
          43          48   1.3689696169715471     
          45          48  0.10513971711275943     
          47          48   1.4592760909563824     
          39          49   1.1243051394506234     
          42          49   1.1278173548564334     
          37          50  0.18289280317987766     
          38          50   1.6241660841376258     
           3          51  0.97613208929975681     
           3          52  0.97932109343399198     
           3          53  0.97655999371389091     
           4          54  0.96556526442503199     
           5          55  0.97091396015647102     
           6          56  0.97028612749476428     
           7          57  0.96072873017460603     
           9          58  0.94924257814473134     
          10          59  0.94597329631211957     
          12          60  0.96779365398175154     
          13          61  0.97077868568245995     
          14          62  0.97102959667303967     
          15          63  0.96571079995222753     
          18          64  0.97616299900753722     
          18          65  0.97934645169161749     
          18          66  0.97605431602057346     
          22          67  0.97189948067921650     
          23          68  0.97267053530431891     
          26          69  0.96787175940253967     
          27          70  0.97057462904738045     
          28          71  0.97146980112299675     
          29          72  0.97075928377804188     
          30          73  0.96837253169307236     
          33          74  0.94525853692528938     
          35          75  0.85532689523439065     
          40          76  0.97170485292274555     
          41          77  0.97284264712830726     
          44          78  0.96835235315641244     
          45          79  0.97071778562107425     
          46          80  0.97139170030395294     
          47          81  0.97046363847144845     
          48          82  0.96770669797022268     
