   -0.02989203
    0.48549927
   -0.19628052
   -0.21001166
   -0.21987394
   -0.02011146
   -0.02023820
   -0.01599029
   -0.02600781
    0.00747875
    0.03939720
    0.05196692
    0.02370751
   -0.02026755
    0.48610159
   -0.19772455
   -0.22967406
   -0.20011649
   -0.01825235
   -0.02051130
   -0.01599177
   -0.02471169
   -0.11148342
    0.28765899
   -0.03206522
    0.16209849
   -0.23401092
   -0.04750963
   -0.02533102
   -0.02888852
   -0.01508756
   -0.40225393
    0.07686289
    0.34590164
   -0.36993105
   -0.36862950
   -0.10128907
    0.27977297
   -0.03087991
   -0.02574365
   -0.03129630
   -0.02155141
   -0.03961271
    0.17615977
   -0.21825097
   -0.44295881
    0.07227117
    0.06395025
    0.06541041
    0.05602822
    0.06986060
    0.06897617
    0.06925469
    0.05849613
    0.05917368
    0.06167621
    0.06536670
    0.05451262
    0.05751027
    0.07517881
    0.08044035
    0.36852925
    0.04971993
    0.05567577
    0.06109406
    0.07669798
