           1           2  0.95059669196103136     
           2           3  0.95957253426100309     
           2           4  0.94290186488013283     
           2           5  0.92972562516152391     
           1           6   1.4125393866173144     
           6           7   1.4430896229233325     
           1           8  0.10522140300586735     
           7           8   1.4335792685544106     
           6           9  0.10860289513838385     
           8           9   1.4462888716091267     
           1          10   1.3850779758729725     
           7          10  0.10840207954202716     
           9          10   1.4111101342727002     
          10          11  0.99223058992644908     
          11          12  0.94957410754811877     
          12          13  0.99329741142186956     
          13          14   1.3861118827836909     
          14          15  0.95169812513396890     
          15          16  0.95265765897249455     
          15          17  0.92184366474554380     
          15          18  0.95638821393165663     
          14          19   1.4140033966769312     
          13          20  0.10842900421395311     
          19          20   1.4423733906477783     
          14          21  0.10532976087834599     
          20          21   1.4342538819280242     
          13          22   1.4107985415636253     
          19          22  0.10899689168163913     
          21          22   1.4467227793117912     
          12          23  0.95933932394104993     
          23          24   1.1780052543706818     
          24          25  0.96695993432751903     
          25          26   1.3664729454715938     
          26          27  0.94743950689466705     
          26          28   1.4046014290770030     
          25          29  0.10823414853458944     
          28          29   1.4364245127282151     
          29          30   1.4374244010910846     
          25          31   1.3999696828510348     
          28          31  0.11055682547515602     
          30          31   1.4452242408110452     
          23          32  0.18300707712707223     
          24          32   1.7136930240862678     
          23          33   1.0018278945389696     
          33          34  0.88312706481023651     
          34          35   1.2107023807633881     
          34          36   1.7744438836093011     
          35          36  0.18464954229962391     
          11          37  0.96065864522446465     
          33          37  0.96604105202156065     
          37          38   1.2722978788458763     
          38          39  0.96594014144649321     
          39          40   1.4039750476821506     
          40          41   1.4433208995820477     
          39          42  0.10879118604264466     
          41          42   1.4362805162517209     
          40          43  0.11099835527856489     
          42          43   1.4408406624627039     
          39          44   1.3620610695668323     
          43          44   1.3989678445916256     
          44          45  0.96389438367773184     
          37          46  0.18828630188695344     
          38          46   1.6069628971979388     
           6          47  0.96475753737541015     
           7          48  0.96792219301752014     
           8          49  0.96773213543735992     
           9          50  0.96385254293017453     
          11          51  0.95175856594141073     
          12          52  0.95272931338484557     
          19          53  0.96539141736546141     
          20          54  0.96868030442761732     
          21          55  0.96857004560283200     
          22          56  0.96546288022655780     
          28          57  0.96538646334107958     
          29          58  0.96947997128911834     
          30          59  0.96822586433153868     
          31          60  0.96540440792838855     
          33          61  0.93571205145141345     
          35          62  0.75616993703852997     
          40          63  0.96890402178828916     
          41          64  0.96839696160752653     
          42          65  0.96871685843788080     
          43          66  0.96347677767204698     
