   -0.03344407
   -0.03032404
   -0.03077683
   -0.03884412
    0.01596673
    0.01846335
   -0.03389875
   -0.02769909
   -0.03541284
    0.01089128
    0.04590126
    0.04418367
    0.00770019
   -0.03390585
   -0.03105992
   -0.03499005
    0.01661656
    0.01869375
   -0.02772869
   -0.02742815
   -0.02823888
   -0.03325280
   -0.12713124
    0.27653909
   -0.06290354
    0.12746498
   -0.12036550
   -0.17911590
    0.06314499
   -0.07056188
   -0.42851071
    0.08791047
    0.35156698
   -0.35915558
   -0.39012869
   -0.13055230
    0.28327898
   -0.06899247
    0.11668603
   -0.12567566
   -0.17985159
    0.06137199
   -0.06223833
   -0.39412575
    0.03290560
    0.03003207
    0.02970518
    0.04065427
    0.03555107
    0.03469163
    0.03681795
    0.05098256
    0.05732131
    0.01867863
    0.03128094
    0.03578436
    0.03565352
    0.03443017
    0.03303775
    0.03369649
    0.06003514
    0.07613043
    0.06923729
    0.05306623
    0.03452331
    0.08003674
    0.34487446
    0.07742654
    0.06774179
    0.06781687
    0.05357768
    0.04424291
