           1           2   1.5537006211054605     
           2           3   1.3262075190492895     
           1           4  0.11845157120468298     
           3           4   1.5501042756624388     
           4           5   1.2890604065103304     
           1           6   1.2822677991712566     
           5           6   1.2584998384784412     
           6           7   1.2720821912733016     
           7           8   1.5619739542837632     
           8           9   1.3166242978087022     
           5          10   1.2397882759216676     
           7          10  0.11427538496381931     
           9          10   1.5342567108711882     
          10          11  0.99680671859771630     
          11          12  0.95829686521983892     
          12          13  0.99484228364079208     
          13          14   1.5191441922023792     
          14          15   1.3300291192634286     
          13          16  0.11502625340760819     
          15          16   1.5496963527845444     
          16          17   1.2809777116351742     
          13          18   1.2530654451674548     
          17          18   1.2515574831979588     
          18          19   1.2823502558753603     
          19          20   1.5540783168112648     
          20          21   1.3216541359061198     
          17          22   1.2788767561443972     
          19          22  0.11824799961066852     
          21          22   1.5576585986608753     
          12          23  0.94443547785400628     
          23          24   1.2086274577187350     
          24          25  0.98356795645548190     
          25          26   1.5303700793450876     
          26          27   1.0332738716525827     
          26          28   1.1309089374766195     
          26          29  0.13298123122979796     
          28          29   1.1266550268287707     
          25          30   1.2453095907354605     
          29          30   1.6210640105445651     
          23          31  0.18978363545611271     
          24          31   1.6772150931055232     
          23          32  0.97480245475483362     
          32          33  0.92051126305260023     
          33          34   1.1605140763801429     
          33          35   1.7676399786888624     
          34          35  0.18151968587723338     
          11          36  0.94821725030895498     
          32          36  0.99801590567515319     
          36          37   1.1601440147021389     
          37          38  0.97198656851449339     
          38          39   1.5256285988274709     
          39          40   1.0319748850649124     
          39          41   1.1309475166584073     
          39          42  0.13767542604429003     
          41          42   1.1257344473556099     
          38          43   1.2512228914731625     
          42          43   1.6175333002751993     
          36          44  0.17651975504986647     
          37          44   1.7346601282364347     
           1          45  0.96820536677016322     
           2          46  0.97093630305618661     
           3          47  0.97100413887278814     
           4          48  0.96333932685315526     
           7          49  0.96795984535895729     
           8          50  0.97047585214610721     
           9          51  0.96154775920219815     
          11          52  0.93993708010095545     
          12          53  0.94684904060070918     
          14          54  0.96507660197181500     
          15          55  0.97057897281446159     
          16          56  0.96791005968002652     
          19          57  0.95808439010292434     
          20          58  0.97085934052830669     
          21          59  0.97070471748984677     
          22          60  0.96799066621501706     
          27          61  0.96390325681493128     
          27          62  0.97740239170520216     
          27          63  0.97226095710476601     
          29          64  0.96594099735379002     
          30          65  0.96909359721801913     
          32          66  0.91798284147049747     
          34          67  0.85452602043135362     
          40          68  0.95903111904012461     
          40          69  0.98156577664417088     
          40          70  0.96729140972479288     
          42          71  0.96587847657751702     
          43          72  0.97397140562421292     
