   -0.03331745
   -0.02983787
   -0.03012361
   -0.04012097
    0.01507723
    0.01647811
   -0.03412698
   -0.02691857
   -0.02939171
    0.00940904
    0.05400865
    0.03745002
   -0.00842342
   -0.03450847
   -0.02978895
   -0.03570240
    0.01587864
    0.00738174
   -0.03547963
   -0.02782788
   -0.02920104
   -0.03310373
   -0.11375250
    0.27317918
   -0.01637531
   -0.02354217
   -0.03485821
    0.01781764
   -0.05942688
   -0.09829110
   -0.03581169
   -0.02899847
   -0.42878800
    0.10121401
    0.36870604
   -0.36665996
   -0.38043416
   -0.12310628
    0.27595566
   -0.02604232
   -0.02422908
   -0.02769510
    0.02301572
   -0.05808742
   -0.09970949
   -0.03521195
   -0.02796061
   -0.41458744
    0.03308725
    0.03068838
    0.02866832
    0.04212520
    0.03642444
    0.03620683
    0.03021227
    0.04229128
    0.05809010
    0.03303525
    0.03863413
    0.03803532
    0.02933624
    0.03526028
    0.03579070
    0.03747546
    0.04150538
    0.03969936
    0.03956297
    0.04160761
    0.03579090
    0.03600352
    0.03967779
    0.03734127
    0.03229973
    0.05338916
    0.34206010
    0.03155754
    0.04249012
    0.03865267
    0.03765275
    0.04855158
    0.03666443
    0.03521201
    0.03576014
    0.03502864
