           1           2   1.5553568540282330     
           2           3   1.3242303670410309     
           1           4  0.11822224230383054     
           3           4   1.5516091111126178     
           4           5   1.2849798181484819     
           1           6   1.2809958259186200     
           5           6   1.2529649356157611     
           6           7   1.2777030231783983     
           7           8   1.5534992273459136     
           8           9   1.3267515381065591     
           5          10   1.2493182593089029     
           7          10  0.11423634618439858     
           9          10   1.5207133649273263     
          10          11  0.99566889777598555     
          11          12  0.94663369082424043     
          12          13  0.99156895710656834     
          13          14   1.5203993945006486     
          14          15   1.3286951216916667     
          13          16  0.11437454060460778     
          15          16   1.5506512293938177     
          16          17   1.2803778468385725     
          13          18   1.2533953079796105     
          17          18   1.2523427774322646     
          18          19   1.2831145154174175     
          19          20   1.5547346160159967     
          20          21   1.3219221018103753     
          17          22   1.2781631152535198     
          19          22  0.11850552925767868     
          21          22   1.5560834929591687     
          12          23  0.96133194473566341     
          23          24   1.2265181312416702     
          24          25  0.96380537209473083     
          25          26   1.3977183559833770     
          26          27   1.4525581582529468     
          25          28  0.10682192953956263     
          27          28   1.4058044829304976     
          28          29   1.0138418445644737     
          29          30  0.99990886313131544     
          26          31  0.10814092827004854     
          28          31   1.4113746794918494     
          25          32   1.4053326274161577     
          27          32  0.10820188385293805     
          31          32   1.4456263804010423     
          23          33  0.18921856717967919     
          24          33   1.6636377265174507     
          23          34  0.97286182931880627     
          34          35  0.91456274936450066     
          35          36   1.1360924174036073     
          35          37   1.7801899137416279     
          36          37  0.17235523207099729     
          11          38  0.95376045344420224     
          34          38  0.98434404080141935     
          38          39   1.1932070863938109     
          39          40  0.95858140370138878     
          40          41   1.4037764362902709     
          41          42   1.4487368292269125     
          40          43  0.10645060124426770     
          42          43   1.4079459763916304     
          43          44   1.0142065228385782     
          44          45  0.99914982423191079     
          41          46  0.10848909371087770     
          43          46   1.4078846256226156     
          40          47   1.3969304031076772     
          42          47  0.10779724419537713     
          46          47   1.4497471747954431     
          38          48  0.18810808881265301     
          39          48   1.7060186219565820     
           1          49  0.96811061112861951     
           2          50  0.97087272493284948     
           3          51  0.97124423140293203     
           4          52  0.96086517466777843     
           7          53  0.96790434141420545     
           8          54  0.97018830801185563     
           9          55  0.96752417273036473     
          11          56  0.95346807306282910     
          12          57  0.94280230947420018     
          14          58  0.96760925632486616     
          15          59  0.97007112685011432     
          16          60  0.96777364320082093     
          19          61  0.96097141932850560     
          20          62  0.97080014237477275     
          21          63  0.97052233954437572     
          22          64  0.96773230379860187     
          26          65  0.96920856984903669     
          27          66  0.96787648770017631     
          29          67  0.97495087558903759     
          29          68  0.97226621300222049     
          30          69  0.98613438580106494     
          30          70  0.98781925643841784     
          30          71  0.98598233666911639     
          31          72  0.96813387483263824     
          32          73  0.96812042656825659     
          34          74  0.94318616868347371     
          36          75  0.85770349206632202     
          41          76  0.97007691857051626     
          42          77  0.96754162179175074     
          44          78  0.97518350431105905     
          44          79  0.97279850605588580     
          45          80  0.98727923188443223     
          45          81  0.98612675358210644     
          45          82  0.98835895880605351     
          46          83  0.96815762547457229     
          47          84  0.96959565260932312     
