   -0.02617939
    0.48790618
   -0.21455041
   -0.20351766
   -0.21641529
   -0.02075030
   -0.01985578
   -0.01348745
   -0.02006198
    0.02288603
    0.04892466
    0.04764513
    0.02227328
   -0.02613563
    0.48508733
   -0.22662853
   -0.19946825
   -0.20124187
   -0.02133449
   -0.02288473
   -0.01745150
   -0.02889512
   -0.11134217
    0.27481269
   -0.03580627
   -0.02648732
    0.02216760
   -0.02690815
   -0.04118771
   -0.40590810
    0.09030612
    0.35104384
   -0.36203923
   -0.38775864
   -0.12189277
    0.27642240
   -0.03547960
   -0.01880041
    0.01270578
   -0.02191929
   -0.04576704
   -0.40974966
    0.06817661
    0.06017301
    0.06064666
    0.05441737
    0.06816333
    0.07213740
    0.06692826
    0.05642710
    0.05657555
    0.06935085
    0.05263930
    0.05420060
    0.04886567
    0.07753478
    0.34820702
    0.06022629
    0.05775087
    0.05530308
