           1           2  0.95273083724312047     
           2           3  0.93489548894100971     
           2           4  0.95266201207902346     
           2           5  0.93833544420554571     
           1           6   1.4076224121590561     
           6           7   1.4467261608753936     
           1           8  0.10534497709105883     
           7           8   1.4311590171644597     
           6           9  0.10920478796850741     
           8           9   1.4495933053069598     
           1          10   1.3878887519542118     
           7          10  0.10784396615069355     
           9          10   1.4071670604503705     
          10          11  0.99318515028430143     
          11          12  0.95304075868704219     
          12          13  0.99139480338228991     
          13          14   1.3865617348782706     
          14          15  0.95076583289717731     
          15          16  0.92463823063028916     
          15          17  0.95157433797226432     
          15          18  0.95488425379941411     
          14          19   1.4118796356085714     
          13          20  0.10792181798335140     
          19          20   1.4442002937422076     
          14          21  0.10458036682045778     
          20          21   1.4321760532451362     
          13          22   1.4080021521733523     
          19          22  0.10962093023934244     
          21          22   1.4488963292772441     
          12          23  0.95652807595580569     
          23          24   1.1966612750309626     
          24          25  0.96033786712960700     
          25          26   1.5838814715112073     
          26          27   1.2102518497755677     
          26          28  0.11386907393474188     
          27          28   1.2002734214921256     
          25          29   1.2384426076737716     
          28          29   1.6350021587628625     
          23          30  0.19056673191182302     
          24          30   1.7024921216731561     
          23          31  0.98411283824058937     
          31          32  0.90815746048594392     
          32          33   1.1605827043867007     
          32          34   1.7696788409532822     
          33          34  0.18146431860783116     
          11          35  0.95998249166849015     
          31          35  0.98482905374006702     
          35          36   1.1741245555452460     
          36          37  0.97584504722266385     
          37          38   1.5761076365727535     
          38          39   1.2147826995463746     
          38          40  0.10998399273967653     
          39          40   1.1907560931005563     
          37          41   1.2304024942578839     
          40          41   1.6466080147786786     
          35          42  0.18004393029975774     
          36          42   1.7068937251392380     
           6          43  0.96555645911263055     
           7          44  0.96834743222913910     
           8          45  0.96816949358469417     
           9          46  0.96564968591639777     
          11          47  0.94836814337859476     
          12          48  0.95197513096423148     
          19          49  0.96560331137498068     
          20          50  0.96885815722072155     
          21          51  0.96883859418954010     
          22          52  0.95909610535835088     
          26          53  0.96971802516834960     
          28          54  0.96984869352318603     
          29          55  0.96419262887087331     
          31          56  0.94190358389870754     
          33          57  0.85159853717152090     
          38          58  0.96944103321051633     
          40          59  0.96939156857801212     
          41          60  0.96085140162446159     
