   -0.02823420
   -0.02651427
   -0.02949562
   -0.02833279
   -0.03326041
    0.00738334
    0.04171792
    0.03791647
    0.00740474
   -0.02615412
   -0.02557675
   -0.02920447
   -0.02641882
   -0.03527272
   -0.10478154
    0.26162795
    0.07622505
    0.00119417
   -0.11430956
   -0.02174969
   -0.03210915
   -0.03727486
   -0.03074203
   -0.05137725
    0.12870079
   -0.22445104
   -0.43948198
    0.09177487
    0.36167767
   -0.35455395
   -0.39324566
   -0.10754847
    0.26615568
    0.07964230
    0.00359414
   -0.11456574
   -0.02000756
    0.13072447
   -0.05268382
   -0.03202015
   -0.03777363
   -0.03198016
   -0.23772870
   -0.43775006
    0.04149607
    0.03734212
    0.03458834
    0.03453898
    0.03107033
    0.07284010
    0.06649656
    0.02781900
    0.03466521
    0.03602124
    0.03711625
    0.03292895
    0.08055685
    0.05757735
    0.05511082
    0.04371152
    0.04020007
    0.04287458
    0.04692235
    0.10740983
    0.33948261
    0.05649770
    0.08254506
    0.05553200
    0.04967999
    0.04180937
    0.03888025
    0.04314610
