           1           2   1.4411460564896819     
           2           3   1.4416816605638869     
           1           4  0.11071583748316914     
           3           4   1.4357145930941522     
           2           5  0.11197947958533294     
           4           5   1.4482612549774243     
           1           6   1.4169245079202424     
           3           6  0.10958775058435942     
           5           6   1.4100338260653666     
           6           7  0.98665959086040189     
           7           8  0.95124134726270393     
           8           9  0.98365032883900272     
           9          10   1.4212478133468713     
          10          11   1.4371025061219131     
           9          12  0.10990777570970769     
          11          12   1.4447657218808332     
          10          13  0.11004942691583641     
          12          13   1.4328209927876139     
           9          14   1.4056189397768275     
          11          14  0.11251575424804179     
          13          14   1.4514093176111895     
           8          15  0.97354916663432711     
          15          16   1.1923469270210114     
          16          17   1.0366647703842171     
          17          18   1.5401474505761952     
          18          19   1.0406563035957859     
          18          20   1.1927373624719908     
          20          21   1.3259875475099916     
          21          22   1.5071068126709244     
          22          23   1.3755513118562588     
          21          24  0.11555791128388074     
          23          24   1.4872560365390126     
          20          25   1.2706931014090299     
          24          25   1.3475137891355577     
          17          26   1.0511034514786262     
          25          26   1.0922824420002373     
          15          27  0.18057727887674113     
          16          27   1.6315735178581539     
          15          28  0.97915678609166512     
          28          29  0.90553066596159526     
          29          30   1.1587805566196629     
          29          31   1.7749784306896537     
          30          31  0.17989987607173563     
           7          32  0.95867979355084543     
          28          32  0.99329010940404228     
          32          33   1.1948447198799177     
          33          34   1.0357363290218193     
          34          35   1.5484360707011571     
          35          36   1.0404508354083966     
          35          37   1.1873952459122439     
          37          38   1.2722645139296793     
          38          39   1.3528557572020861     
          39          40   1.4823297136673519     
          40          41   1.3796280132546963     
          37          42   1.3297401181879489     
          39          42  0.11476849187119650     
          41          42   1.5029885202952411     
          34          43   1.0460683500858099     
          38          43   1.0820824742608643     
          32          44  0.18076766189553520     
          33          44   1.6329360677063742     
           1          45  0.96762297813956244     
           2          46  0.97064541872362653     
           3          47  0.97124542169334394     
           4          48  0.97093792033116733     
           5          49  0.96912291964386232     
           7          50  0.95193615532945786     
           8          51  0.94557196314823067     
          10          52  0.96623740901869404     
          11          53  0.97093018407645448     
          12          54  0.97115721377527275     
          13          55  0.97066811914818163     
          14          56  0.96868426620745107     
          19          57  0.97484635462945057     
          19          58  0.96597171369012758     
          19          59  0.96530784258898128     
          21          60  0.96855830364421702     
          22          61  0.97071143758707101     
          23          62  0.97099434636568716     
          24          63  0.96744676967376986     
          28          64  0.92842308215930114     
          30          65  0.85839266720384477     
          36          66  0.96361271968506212     
          36          67  0.97366642317769436     
          36          68  0.96825889179403613     
          39          69  0.96716065717351873     
          40          70  0.97110441291781835     
          41          71  0.97081759701258108     
          42          72  0.96858095747380535     
