   -0.03320838
   -0.02624803
   -0.02496766
   -0.04195194
    0.01156969
    0.01729590
   -0.03182634
   -0.03333215
   -0.04425886
   -0.00999950
    0.03251633
    0.03578467
   -0.00247700
   -0.03233706
   -0.02660822
   -0.03184139
    0.01834124
    0.01481165
   -0.03988126
   -0.03163119
   -0.02624208
   -0.03010933
   -0.10880964
    0.27660896
    0.00104226
   -0.00955071
   -0.01141250
    0.48819670
   -0.19149937
   -0.20685619
   -0.19573084
   -0.01605134
   -0.01438299
    0.48959199
   -0.21922156
   -0.19350540
   -0.18909966
   -0.02275987
   -0.39013915
    0.08800570
    0.35054592
   -0.35966265
   -0.37807175
   -0.10410485
    0.27648650
   -0.00143896
   -0.00637366
   -0.00888235
    0.48880937
   -0.19727202
   -0.19369573
   -0.20018210
   -0.01238545
   -0.01379661
    0.48875830
   -0.19227608
   -0.18891631
   -0.22039815
   -0.02892303
   -0.39793042
    0.03739826
    0.03740306
    0.04037522
    0.06108815
    0.04130116
    0.03502822
    0.03152185
    0.08930931
    0.07514174
    0.03580850
    0.04258788
    0.04297049
    0.00595526
    0.03162344
    0.04335013
    0.04160233
    0.09015266
    0.09829125
    0.07476121
    0.06203701
    0.35683757
    0.09675773
    0.09913169
    0.09145043
