           1           2   1.5552992609740786     
           2           3   1.3245312386666077     
           1           4  0.11881884801831311     
           3           4   1.5516837193874207     
           4           5   1.2860042386910366     
           1           6   1.2802875581938027     
           5           6   1.2517339845462812     
           6           7   1.2785722718338917     
           7           8   1.5557616031721928     
           8           9   1.3205978429978527     
           5          10   1.2494897903363877     
           7          10  0.11325903537208676     
           9          10   1.5244120627706601     
          10          11  0.98224510713824931     
          11          12  0.95887177640319243     
          12          13  0.98567895440350484     
          13          14   1.5165642778408213     
          14          15   1.3318391377023775     
          13          16  0.11539359525934503     
          15          16   1.5487885606993221     
          16          17   1.2826223554763805     
          13          18   1.2584805460950401     
          17          18   1.2472469453927595     
          18          19   1.2838113726935276     
          19          20   1.5523796741062572     
          20          21   1.3223383879257955     
          17          22   1.2803425174470171     
          19          22  0.11739827550493738     
          21          22   1.5568594640215117     
          12          23  0.94990859732598476     
          23          24   1.2175838780922539     
          24          25  0.94473037293240070     
          25          26   1.4121344702900231     
          26          27   1.4144638749166372     
          27          28  0.94862228229280654     
          28          29  0.96279444094432920     
          28          30  0.93892395560082975     
          28          31  0.95191282466598859     
          25          32  0.10922692380617681     
          27          32   1.4194308537856504     
          26          33  0.10605180477649906     
          32          33   1.4146670033263220     
          33          34  0.94902044581254941     
          34          35  0.93081949802098529     
          34          36  0.95302437663745876     
          34          37  0.96534261556043588     
          25          38   1.4076895152761946     
          27          38  0.10573244546756383     
          33          38   1.4168448389602710     
          23          39  0.20135009831335915     
          24          39   1.7122253210412548     
          23          40  0.98254381083423492     
          40          41  0.90673143841264003     
          41          42   1.1634085948324528     
          41          43   1.7749839904938656     
          42          43  0.18207749704058271     
          11          44  0.94408102438516650     
          40          44  0.99826255369048489     
          44          45   1.1984608682426694     
          45          46  0.97459248677380661     
          46          47   1.3975225705958083     
          47          48   1.4237383870320817     
          48          49  0.94814775978618504     
          49          50  0.95087874359186586     
          49          51  0.96010741120775744     
          49          52  0.94440084480679265     
          46          53  0.10547407888099745     
          48          53   1.4129008534243304     
          47          54  0.10502222848271199     
          53          54   1.4178986358206362     
          54          55  0.94880836161913606     
          55          56  0.95809269209613934     
          55          57  0.96566909688329250     
          55          58  0.92548985352302415     
          46          59   1.4011597059827547     
          48          59  0.10422532495616842     
          54          59   1.4142355194146268     
          44          60  0.19074804197642314     
          45          60   1.6928159074801596     
           1          61  0.96771782106089099     
           2          62  0.97032473739895742     
           3          63  0.97044776567294622     
           4          64  0.95403134921309019     
           7          65  0.96730329935574033     
           8          66  0.97038698721171568     
           9          67  0.96118669474603124     
          11          68  0.94663877445504951     
          12          69  0.94356644619644003     
          14          70  0.96682546688355686     
          15          71  0.96953716274656643     
          16          72  0.96722830312744257     
          19          73  0.95899832561023068     
          20          74  0.96946406373036265     
          21          75  0.96995158355264699     
          22          76  0.96732082198082869     
          26          77  0.96157503953546786     
          32          78  0.95931108071429150     
          38          79  0.95974620977922542     
          40          80  0.91965395783995618     
          42          81  0.84595980340029142     
          47          82  0.95917606850241066     
          53          83  0.95899429320608287     
          59          84  0.95296247894338393     
