    0.14729800
   -0.26541357
    0.03654620
   -0.06365276
   -0.03091510
   -0.04176917
   -0.03473858
   -0.01510274
    0.04223949
    0.03489969
   -0.01883948
   -0.02963214
   -0.03728936
   -0.02832513
   -0.06283957
    0.14036539
   -0.28415249
    0.03823903
   -0.09912768
    0.28178685
   -0.02407838
    0.17668913
   -0.22243300
   -0.04463509
   -0.02658987
   -0.03133834
   -0.02135284
   -0.42388293
    0.09224987
    0.35439846
   -0.34558570
   -0.39250289
   -0.11307587
    0.28376397
   -0.02934156
   -0.03221676
   -0.03431839
   -0.02727297
   -0.04565268
    0.18765217
   -0.20346356
   -0.41115823
    0.06435205
    0.03869497
    0.05035806
    0.04130470
    0.03848237
    0.03648186
    0.03054320
    0.08678436
    0.07096326
    0.04421084
    0.04403164
    0.04196897
    0.04040203
    0.04177137
    0.04625612
    0.06065203
    0.05845882
    0.04811200
    0.04946444
    0.05256291
    0.09121693
    0.34466140
    0.04153597
    0.04787784
    0.04895023
    0.06447018
