           1           2   1.0698484265726744     
           2           3  0.98048756090437328     
           1           4   1.3750863839058707     
           4           5   1.4398410095558658     
           5           6   1.4395060447247841     
           4           7  0.10231735937219376     
           6           7   1.4281164396755606     
           1           8   1.3242240632122437     
           5           8  0.10580844748058273     
           7           8   1.4366713264498343     
           8           9  0.98899472942721323     
           9          10  0.95559735627832576     
          10          11  0.98778254989944914     
          11          12   1.4372864799122078     
          12          13   1.4271731474143912     
          11          14  0.10702579510463166     
          13          14   1.4429769683470570     
          12          15  0.10328751090877532     
          14          15   1.4354985132956952     
          11          16   1.3271880864083250     
          15          16   1.3831815659774114     
          16          17   1.0515500418438191     
          17          18  0.98188006406447625     
          10          19  0.95794357837602395     
          19          20   1.2226526233846684     
          20          21  0.95560466394973320     
          21          22   1.3627472179397175     
          22          23  0.96195415381471316     
          22          24   1.3998461751635267     
          21          25  0.10906202219366033     
          24          25   1.4385906218166449     
          25          26   1.4382558769308238     
          21          27   1.4096318153202496     
          24          27  0.11013705807818444     
          26          27   1.4406523479342108     
          19          28  0.19305657767191492     
          20          28   1.6853850321649728     
          19          29  0.98876019365920320     
          29          30  0.91043374419931067     
          30          31   1.1715199094684572     
          30          32   1.7662029946178246     
          31          32  0.18540897673916695     
           9          33  0.95399416939873660     
          29          33  0.99212495362899156     
          33          34   1.2067816444010573     
          34          35  0.95919451000854961     
          35          36   1.4057272040626485     
          36          37   1.4427853334914080     
          35          38  0.10858298948668244     
          37          38   1.4342272114156012     
          36          39  0.10907565819451445     
          38          39   1.4430288062670291     
          35          40   1.3616240653807243     
          39          40   1.3948949277714509     
          40          41  0.97900340849898759     
          33          42  0.19318859565710825     
          34          42   1.6996202048567124     
           3          43  0.97927541139625029     
           3          44  0.97624376508283950     
           3          45  0.97687522612581568     
           4          46  0.96549586456404268     
           5          47  0.97091512363101695     
           6          48  0.97091717841802461     
           7          49  0.96842830921295231     
           9          50  0.94977884682268265     
          10          51  0.95278548903659976     
          12          52  0.96226339380247328     
          13          53  0.97026882541900150     
          14          54  0.97057729485485000     
          15          55  0.96511858088319280     
          18          56  0.97474375341763519     
          18          57  0.97644114599862164     
          18          58  0.97928450643310017     
          24          59  0.96607187963920882     
          25          60  0.97011450934856680     
          26          61  0.96928974615714980     
          27          62  0.96881099484093725     
          29          63  0.91701584644862277     
          31          64  0.85463393492643225     
          36          65  0.96760522628123269     
          37          66  0.96940525759142993     
          38          67  0.97006900072004787     
          39          68  0.96577415797465038     
