   -0.02657221
    0.48572196
   -0.22396628
   -0.20157432
   -0.19959615
   -0.02082864
   -0.02242867
   -0.01764153
   -0.02247342
    0.02621927
    0.04755264
    0.05063670
    0.02436791
   -0.02050512
    0.49016391
   -0.20484108
   -0.20507030
   -0.21833963
   -0.01906929
   -0.01993900
   -0.01569549
   -0.02559462
   -0.12916200
    0.28110106
   -0.03457367
   -0.01051428
    0.00131624
    0.02488009
   -0.11122147
   -0.06408842
   -0.41258454
    0.08729317
    0.35351938
   -0.35156755
   -0.37978353
   -0.12173586
    0.28022984
   -0.03426453
   -0.03375596
   -0.01517973
    0.02809716
   -0.11079383
   -0.05294427
   -0.40777871
    0.06850753
    0.05826000
    0.05630061
    0.04849726
    0.06930894
    0.05879164
    0.06991285
    0.05986973
    0.05734586
    0.04584354
    0.06549088
    0.05244794
    0.06116335
    0.05978419
    0.02530336
    0.07560121
    0.34981669
    0.03909877
    0.05738289
    0.06029638
    0.06140154
    0.05255961
