           1           2  0.95061802157870656     
           2           3  0.92778351726099917     
           2           4  0.95427459984318053     
           2           5  0.95078245326272703     
           1           6   1.4106464330383224     
           6           7   1.4463055133867275     
           1           8  0.10386942200827252     
           7           8   1.4289272575217971     
           6           9  0.10957592596462265     
           8           9   1.4529771584951046     
           1          10   1.3874870485810527     
           7          10  0.10821317041720430     
           9          10   1.4035286177267066     
          10          11  0.99979171567596559     
          11          12  0.94588967541655278     
          12          13  0.99676481489846347     
          13          14   1.3908611335578984     
          14          15  0.95176817809029879     
          15          16  0.94986498089508942     
          15          17  0.94627495592140431     
          15          18  0.93271627975053983     
          14          19   1.4074985412550942     
          13          20  0.10851048258670480     
          19          20   1.4481540036147731     
          14          21  0.10470645499235466     
          20          21   1.4285987716902813     
          13          22   1.4017931015482161     
          19          22  0.10963004119964687     
          21          22   1.4538803941847398     
          12          23  0.96160955098102785     
          23          24   1.1756650586355066     
          24          25  0.96460377927227958     
          25          26   1.6027914226426641     
          26          27   1.1951732389845411     
          26          28  0.10560613790073878     
          27          28   1.1661124892393564     
          28          29   1.0388226364700481     
          25          30   1.2218760899186423     
          28          30   1.6039340225605463     
          23          31  0.18198744377384996     
          24          31   1.7120847112545545     
          23          32  0.98083401404147996     
          32          33  0.90481342691260891     
          33          34   1.1672786437770937     
          33          35   1.7842931886468378     
          34          35  0.18559407556760815     
          11          36  0.95764623204502364     
          32          36  0.99303083084763044     
          36          37   1.1801473154725468     
          37          38  0.96772596565988911     
          38          39   1.5838356401515541     
          39          40   1.1915660675148509     
          39          41  0.10901454323527979     
          40          41   1.1558487453100321     
          41          42   1.0401822612955267     
          38          43   1.2312673260079432     
          41          43   1.6141718316323528     
          36          44  0.18193591580154639     
          37          44   1.7070362769237324     
           6          45  0.96542416768217088     
           7          46  0.96873012156259364     
           8          47  0.96884090826057878     
           9          48  0.96607245667776498     
          11          49  0.95172648936906601     
          12          50  0.94720035725491158     
          19          51  0.96524116342433652     
          20          52  0.96840668481413339     
          21          53  0.96851826664345342     
          22          54  0.96633330524038574     
          26          55  0.96793889674551858     
          29          56  0.97993481886163558     
          29          57  0.97148730059195132     
          29          58  0.96722728976872996     
          30          59  0.96321426849421643     
          32          60  0.92623239823934678     
          34          61  0.85107377733799983     
          39          62  0.96940736041714914     
          42          63  0.97894761297179589     
          42          64  0.96697179267069600     
          42          65  0.97021842633607902     
          43          66  0.96222975241611064     
