   -0.03377145
   -0.03126228
    0.01500921
   -0.03245739
   -0.02776696
   -0.02779323
   -0.03446630
    0.01498823
   -0.04186763
   -0.00574288
    0.03439347
    0.04431229
   -0.00041661
   -0.03682143
    0.01664851
   -0.03225851
   -0.02854209
   -0.02862666
   -0.03332541
    0.01557125
   -0.03186872
   -0.03095887
   -0.11167073
    0.27949815
   -0.02665561
    0.02169138
   -0.11144978
   -0.04830860
   -0.01601295
   -0.05506475
   -0.42241276
    0.07978069
    0.35275446
   -0.37110522
   -0.37205507
   -0.11009852
    0.27193484
   -0.02444114
    0.00289717
   -0.10093999
   -0.05255831
   -0.02162562
    0.01371003
   -0.45483705
    0.03645947
    0.04317867
    0.03796587
    0.03602869
    0.03501537
    0.03302992
    0.02919476
    0.06025806
    0.07338305
    0.01953343
    0.03010395
    0.03230051
    0.03224239
    0.03418215
    0.03994136
    0.05542349
    0.06439279
    0.07177997
    0.04805890
    0.04541081
    0.04984373
    0.07098314
    0.36609007
    0.04932512
    0.05945442
    0.03851106
    0.04796419
    0.05393755
