           1           2   1.5631308019949939     
           2           3   1.2769310540470116     
           3           4   1.2810760325181738     
           4           5   1.5569611601520688     
           5           6   1.3201444870423624     
           4           7  0.11825918985031672     
           6           7   1.5585035867802526     
           3           8   1.2504891839774712     
           7           8   1.2775971679643421     
           2           9  0.11379707159395208     
           8           9   1.2830394737052431     
           1          10   1.2947610536394796     
           9          10   1.5230781467250503     
          10          11  0.98637164125132371     
          11          12  0.96529757512379233     
          12          13  0.98125715550548465     
          13          14   1.5276024103727530     
          14          15   1.2816744155491946     
          15          16   1.2785106703419007     
          16          17   1.5579829931599023     
          17          18   1.3203417236516160     
          16          19  0.11831918602415631     
          18          19   1.5571632655989756     
          15          20   1.2505026625476205     
          19          20   1.2806624539229607     
          14          21  0.11495104014269089     
          20          21   1.2780551391290369     
          13          22   1.2950463645851820     
          21          22   1.5615303086959580     
          12          23  0.95148213481943389     
          23          24   1.1910183576448672     
          24          25  0.99417176524752038     
          25          26   1.5538255141906938     
          26          27   1.0277991370138517     
          26          28   1.2423651719128646     
          25          29  0.11622596752361651     
          28          29   1.6382959573728559     
          25          30   1.1290328135717826     
          29          30   1.1816900794689120     
          23          31  0.18146880348305780     
          24          31   1.6761101520259551     
          23          32   1.0025392848933505     
          32          33  0.88703656473874415     
          33          34   1.2075987465762172     
          33          35   1.7740010449913910     
          34          35  0.18304804679555164     
          11          36  0.95103565841965754     
          32          36  0.96543460931626657     
          36          37   1.2647367378210301     
          37          38  0.99344752315389973     
          38          39   1.5536300719979881     
          39          40   1.0236405255551786     
          39          41   1.2465123743946795     
          38          42  0.11039415071385358     
          41          42   1.6315050325445863     
          38          43   1.1463441294783236     
          42          43   1.2015807901983864     
          36          44  0.18580902113392361     
          37          44   1.5895913500099081     
           1          45  0.96738557582659623     
           2          46  0.96741675628585244     
           4          47  0.96807287102147299     
           5          48  0.97076725886508841     
           6          49  0.97078606532685086     
           7          50  0.96828330164388732     
           9          51  0.96524635201220754     
          11          52  0.95177067921620528     
          12          53  0.95508512243535315     
          14          54  0.96128770787585116     
          16          55  0.96832571586501415     
          17          56  0.97101319503996053     
          18          57  0.97099684266866848     
          19          58  0.96831261747321251     
          21          59  0.96743804369496100     
          22          60  0.96527898814738955     
          27          61  0.97290780671640742     
          27          62  0.95865326065707879     
          27          63  0.98286349599116685     
          28          64  0.96258134365097403     
          29          65  0.96930591549974143     
          32          66  0.92895173459929414     
          34          67  0.75945649865522102     
          40          68  0.96775308148681682     
          40          69  0.97132225974628839     
          40          70  0.98274370137877609     
          41          71  0.96350444215155884     
          42          72  0.96899743605875810     
