   -0.03720674
    0.48425879
   -0.19756935
   -0.21244845
   -0.21587931
   -0.02443929
   -0.02229458
   -0.01728457
   -0.03237804
    0.00545070
    0.03997682
    0.05321631
    0.02285837
   -0.02447039
    0.48847909
   -0.20373944
   -0.21747216
   -0.21019187
   -0.01902305
   -0.01869345
   -0.01361909
   -0.02177940
   -0.12459765
    0.28308941
   -0.04055983
    0.07703934
   -0.11703515
    0.05786015
   -0.02196892
   -0.04342018
   -0.40795266
    0.09741595
    0.36817818
   -0.37093756
   -0.38432991
   -0.10449070
    0.28003415
   -0.03742789
    0.07647221
   -0.10097756
    0.04109020
   -0.02750044
   -0.04761873
   -0.40876854
    0.06959845
    0.06429384
    0.07139451
    0.07377603
    0.06847963
    0.06550777
    0.06944835
    0.06173183
    0.06078917
    0.05137922
    0.06565881
    0.06183834
    0.07871042
    0.35034707
    0.07018724
    0.06751459
