           1           2  0.94928354419322258     
           2           3  0.95853272695719727     
           2           4  0.93709814514385625     
           2           5  0.93670656214815740     
           1           6   1.4094451198752713     
           6           7   1.4453033127624781     
           1           8  0.10377018090169929     
           7           8   1.4300103522029117     
           6           9  0.10839803002480859     
           8           9   1.4473467928444861     
           1          10   1.3849454593683888     
           7          10  0.10712024292176647     
           9          10   1.4079495843595020     
          10          11  0.99485883552740539     
          11          12  0.94443683086015628     
          12          13  0.99510078263118018     
          13          14   1.3879105577044810     
          14          15  0.95224248234883024     
          15          16  0.95181672719900656     
          15          17  0.93653932702417264     
          15          18  0.93933876036524366     
          14          19   1.4080252419395580     
          13          20  0.10788988530939821     
          19          20   1.4466063337668089     
          14          21  0.10526644330388758     
          20          21   1.4306754526231260     
          13          22   1.4056733411361708     
          19          22  0.10896558613907732     
          21          22   1.4503919688227842     
          12          23  0.96202860276846913     
          23          24   1.1834518366487661     
          24          25  0.97099991155481102     
          25          26   1.5283303200358607     
          26          27   1.0179348866080815     
          26          28   1.1857561443897313     
          26          29  0.10137779265470914     
          28          29   1.1952798215060785     
          25          30   1.2364731456015030     
          29          30   1.6333377151419119     
          23          31  0.18410891460078160     
          24          31   1.7040865659775606     
          23          32  0.98222759259136849     
          32          33  0.90372661071998261     
          33          34   1.1383652120465158     
          33          35   1.7752069261922694     
          34          35  0.17178174128988549     
          11          36  0.96465948496013476     
          32          36  0.97685365940158808     
          36          37   1.2220166462577948     
          37          38  0.98041725506170285     
          38          39   1.5217555503452589     
          39          40   1.0293032610855755     
          39          41   1.1823223427654630     
          39          42  0.10096287958673580     
          41          42   1.1886720727726725     
          38          43   1.2321565783374391     
          42          43   1.6380586346002710     
          36          44  0.18791246252664978     
          37          44   1.6528053207600002     
           6          45  0.96507205415109054     
           7          46  0.96781280789127233     
           8          47  0.96630590755679302     
           9          48  0.95867414950316587     
          11          49  0.95204131027335881     
          12          50  0.94780671314626486     
          19          51  0.96545611506471851     
          20          52  0.96816653625482341     
          21          53  0.96815439257528002     
          22          54  0.96592767313860217     
          29          55  0.96758858575028861     
          30          56  0.95957748170864643     
          32          57  0.94360475035596292     
          34          58  0.85196357973008363     
          42          59  0.96654455110427906     
          43          60  0.95924184499522158     
