           1           2   1.9809623183987830     
           2           3   1.0063774229534090     
           3           4   1.0125856085512470     
           4           5   1.4204921050296566     
           5           6   1.4337239932893453     
           6           7   1.3788175269895340     
           7           8   1.0702709304089590     
           8           9  0.98228729481126664     
           5          10  0.10001641502115559     
           7          10   1.3027174937936155     
          10          11  0.96548090806287423     
          11          12   1.0975178998137209     
          12          13  0.98652335026056392     
          11          14  0.16658392294794078     
          12          14   1.7736671652571239     
           4          15   1.3884628412437858     
           6          15  0.10011362455425403     
          10          15   1.4335492812145421     
           1          16  0.97655507412494169     
           1          17  0.97344746200871413     
           2          18  0.96594313864010917     
           3          19  0.95762203195536288     
           3          20  0.95464748427342117     
           5          21  0.96867364538410472     
           6          22  0.96514691028786093     
           9          23  0.97949654556979593     
           9          24  0.97689219161932916     
           9          25  0.97638678560564507     
          13          26  0.95997474271375316     
          13          27  0.98276587144301231     
          13          28  0.96932502551076882     
          15          29  0.96550294733253139     
