   -0.03775799
   -0.02682648
   -0.02694858
   -0.02653153
   -0.03199787
   -0.00635683
    0.03047147
    0.03674442
   -0.00429178
   -0.04010968
   -0.02857604
   -0.02798088
   -0.02604577
   -0.03312103
   -0.10763863
    0.27349459
   -0.00042969
   -0.02280083
   -0.01839818
    0.00610703
    0.54785375
   -0.38064253
   -0.37844410
   -0.01796309
   -0.01488634
   -0.40916561
    0.09032366
    0.35556078
   -0.36711046
   -0.37022034
   -0.11014162
    0.27501087
    0.00340873
   -0.02282537
   -0.01955569
    0.00531337
    0.54709359
   -0.38106475
   -0.38097154
   -0.01892387
   -0.01554154
   -0.41660091
    0.03334335
    0.04577233
    0.04778210
    0.04483948
    0.02918528
    0.06126005
    0.07941376
    0.03900123
    0.04037683
    0.04012313
    0.04285372
    0.05684292
    0.05351881
    0.08868628
    0.08752010
    0.06565669
    0.09235469
    0.34826810
    0.06278882
    0.08719975
    0.08683948
    0.06486039
