           1           2   1.4428419503692775     
           2           3   1.4399957272622876     
           1           4  0.10983636537980782     
           3           4   1.4353784144040458     
           2           5  0.11103618345257067     
           4           5   1.4484332824853188     
           1           6   1.4135858583400316     
           3           6  0.10937766846103766     
           5           6   1.4083694337320150     
           6           7  0.98818660789773405     
           7           8  0.96180190403492338     
           8           9  0.98282241880627341     
           9          10   1.4189424500468029     
          10          11   1.4384353730420192     
           9          12  0.10932320730479428     
          11          12   1.4427612830013996     
          10          13  0.11065157338150725     
          12          13   1.4355844055596707     
           9          14   1.4079482504538769     
          11          14  0.11240491654349040     
          13          14   1.4484840615770596     
           8          15  0.94676901841724814     
          15          16   1.2177332976515822     
          16          17  0.95393565641678901     
          17          18   1.3978532718363110     
          18          19   1.4533144463463223     
          19          20   1.3837034862565798     
          20          21  0.95855543272244947     
          21          22   1.4549502063970603     
          21          23   1.4568430987066312     
          22          23  0.36600545607211921     
          18          24  0.10544737027958256     
          20          24   1.3844112669186488     
          17          25   1.4000190668817076     
          19          25  0.10628238829128328     
          24          25   1.4531803878772447     
          15          26  0.19564830532518762     
          16          26   1.6940154055846897     
          15          27  0.99159497024231102     
          27          28  0.90788668243637893     
          28          29   1.1532597363748476     
          28          30   1.7926088724978666     
          29          30  0.18284573745938140     
           7          31  0.95823407981158992     
          27          31  0.98583511000513924     
          31          32   1.2098208880961463     
          32          33  0.96436182111039936     
          33          34   1.3929727228788642     
          34          35   1.4584959045580312     
          35          36   1.3798581974223039     
          36          37  0.96163622742152621     
          37          38   1.4536535761328542     
          37          39   1.4543589523375506     
          38          39  0.36437750080387887     
          34          40  0.10400859559220443     
          36          40   1.3818451589317549     
          33          41   1.3971511424994691     
          35          41  0.10466543734529248     
          40          41   1.4555429431683620     
          31          42  0.19259531225689813     
          32          42   1.6930013574214748     
           1          43  0.96811843275551879     
           2          44  0.96987538071913737     
           3          45  0.97020720783239367     
           4          46  0.97010279551938039     
           5          47  0.96853171871752508     
           7          48  0.95027304972968962     
           8          49  0.95244465081454743     
          10          50  0.96375397588203049     
          11          51  0.97058009399830991     
          12          52  0.97069261547098662     
          13          53  0.97006492296613922     
          14          54  0.96564384323156416     
          18          55  0.96676614060340094     
          19          56  0.95867716264604352     
          24          57  0.95874046608946351     
          25          58  0.96663651066885681     
          27          59  0.92431230441743084     
          29          60  0.85275446124615928     
          34          61  0.96603677623024731     
          35          62  0.95879744160090052     
          40          63  0.95895077772813819     
          41          64  0.96631552194218673     
