   -0.03322691
    0.48427922
   -0.21416036
   -0.21879797
   -0.19187109
   -0.02200871
   -0.02050480
   -0.01661843
   -0.03273451
    0.00572085
    0.03826068
    0.04944825
    0.02220617
   -0.01937194
    0.48614856
   -0.22604043
   -0.20026727
   -0.19642411
   -0.01666893
   -0.01874968
   -0.01639305
   -0.02539348
   -0.11602928
    0.27271336
   -0.00376226
   -0.02174590
   -0.01668580
    0.00714843
    0.54864399
   -0.37924672
   -0.37784805
   -0.01845639
   -0.01659062
   -0.39624189
    0.09086549
    0.36724166
   -0.35880582
   -0.39741127
   -0.10823181
    0.27412363
   -0.00001658
   -0.02328038
   -0.01810542
    0.00553125
    0.54862214
   -0.37348804
   -0.37879433
   -0.02066356
   -0.01722113
   -0.41151164
    0.07420338
    0.06814530
    0.06743353
    0.07834365
    0.06564465
    0.07465119
    0.07397348
    0.06338698
    0.05932512
    0.04601338
    0.05375105
    0.08949494
    0.08975358
    0.06977653
    0.07379400
    0.35270001
    0.06480934
    0.09558331
    0.09025661
    0.07137485
