           1           2  0.95082963968005596     
           2           3  0.93787290940991308     
           2           4  0.92924561237410108     
           2           5  0.96495813895190252     
           1           6   1.4110902654072990     
           6           7   1.4428002104723416     
           1           8  0.10404079980926603     
           7           8   1.4326586181915899     
           6           9  0.10821146379878829     
           8           9   1.4463359617977964     
           1          10   1.3851644987632663     
           7          10  0.10792639764125377     
           9          10   1.4086205199897461     
          10          11  0.99287829364230396     
          11          12  0.94916190814168833     
          12          13  0.99251053810887635     
          13          14   1.3864037686401836     
          14          15  0.95103588993448462     
          15          16  0.92498392278798813     
          15          17  0.94922217651053875     
          15          18  0.95980273459077559     
          14          19   1.4150804040581832     
          13          20  0.10915165788015127     
          19          20   1.4418616923504892     
          14          21  0.10538673241963939     
          20          21   1.4343270577436227     
          13          22   1.4109685913841519     
          19          22  0.10857717533152483     
          21          22   1.4468948771164538     
          12          23  0.95449329872557476     
          23          24   1.1955503747166638     
          24          25  0.95875987716806488     
          25          26   1.3978490995339636     
          26          27   1.4549423993004225     
          27          28   1.3833514182770095     
          28          29  0.95815224821787182     
          29          30   1.4557402648051125     
          29          31   1.4571505204712980     
          30          31  0.36682622067368575     
          26          32  0.10565025480152035     
          28          32   1.3849461639218050     
          25          33   1.3982618495246721     
          27          33  0.10622951255069338     
          32          33   1.4533105594539475     
          23          34  0.19289505357318712     
          24          34   1.7121550368440879     
          23          35  0.98791285404451290     
          35          36  0.90084493630843898     
          36          37   1.1632188280456564     
          36          38   1.7532624893459621     
          37          38  0.17452906265516546     
          11          39  0.96063953451846174     
          35          39  0.97638326921321572     
          39          40   1.2221353261270165     
          40          41  0.97410011634402571     
          41          42   1.3988157438983215     
          42          43   1.4496374672754220     
          43          44   1.3882450287696053     
          44          45  0.95686821303202418     
          45          46   1.4600024993738068     
          45          47   1.4548527280286063     
          46          47  0.36832181260070213     
          42          48  0.10490437891227583     
          44          48   1.3803465990167909     
          41          49   1.3887903186079305     
          43          49  0.10638613229056811     
          48          49   1.4594149473227493     
          39          50  0.18866959992962190     
          40          50   1.6591454656215923     
           6          51  0.96446481006815976     
           7          52  0.96732237956924350     
           8          53  0.96741112348652547     
           9          54  0.95756134065960730     
          11          55  0.95247982156745525     
          12          56  0.95118112291803092     
          19          57  0.96463694729687355     
          20          58  0.96812122558536595     
          21          59  0.96852688344776794     
          22          60  0.96712904723589932     
          26          61  0.96716636080620078     
          27          62  0.95847530775688150     
          32          63  0.95842296053563669     
          33          64  0.96606380210688969     
          35          65  0.94438730460467757     
          37          66  0.84955333058600180     
          42          67  0.96632561031707875     
          43          68  0.95730117895041489     
          48          69  0.95823394333435408     
          49          70  0.96524317929361358     
