   -0.03389022
   -0.02742248
   -0.02597111
   -0.03493256
    0.00716502
    0.01538642
   -0.03499842
   -0.02852905
   -0.03228604
   -0.01043886
    0.03707862
    0.05321381
    0.00632391
   -0.02717284
   -0.02606583
   -0.03392798
    0.01623931
    0.01197539
   -0.03829641
   -0.03021510
   -0.02956454
   -0.03248028
   -0.12845503
    0.28449697
   -0.03301478
   -0.03303143
   -0.02920609
    0.02966727
   -0.10898713
   -0.04836412
   -0.40321255
    0.08198986
    0.34912694
   -0.37231855
   -0.36944840
   -0.11298378
    0.27215937
   -0.02821786
   -0.02764801
   -0.00690628
    0.02830936
   -0.11013153
   -0.05295355
   -0.45626881
    0.03627326
    0.03775895
    0.03752885
    0.02758299
    0.03988314
    0.04222711
    0.03421766
    0.05650998
    0.05505287
    0.03750447
    0.03930592
    0.03813547
    0.02495564
    0.02863513
    0.03315851
    0.03549265
    0.03822115
    0.05796135
    0.05904981
    0.05752979
    0.05881529
    0.06090353
    0.36665498
    0.04545017
    0.06322107
    0.05714521
    0.05938216
    0.04565025
