           1           2   1.5575173455570555     
           2           3   1.3216008940013761     
           1           4  0.11819420540990497     
           3           4   1.5545980483749504     
           4           5   1.2831953455110028     
           1           6   1.2785236211614750     
           5           6   1.2517496756806938     
           6           7   1.2802385303596802     
           7           8   1.5501987844755416     
           8           9   1.3291509786157214     
           5          10   1.2536225754523769     
           7          10  0.11456140572838217     
           9          10   1.5196606558015826     
          10          11  0.99072960381097952     
          11          12  0.95146262717231755     
          12          13  0.99431301785494886     
          13          14   1.5225815730532033     
          14          15   1.3269510574492294     
          13          16  0.11461575391859762     
          15          16   1.5532933906100863     
          16          17   1.2785980989075487     
          13          18   1.2523213384581204     
          17          18   1.2527075363741302     
          18          19   1.2830393144452885     
          19          20   1.5537428365076607     
          20          21   1.3223553699727015     
          17          22   1.2803724275696973     
          19          22  0.11781112739450915     
          21          22   1.5567567830588391     
          12          23  0.95519652102316166     
          23          24   1.1637516642476227     
          24          25  0.96937670569343970     
          25          26   1.5860493583037156     
          26          27   1.1873726053327458     
          26          28  0.11036955986266127     
          27          28   1.1508797846465237     
          28          29   1.0396024351740483     
          25          30   1.2298175732686676     
          28          30   1.6183487005637678     
          23          31  0.17637343005272921     
          24          31   1.7168445903326335     
          23          32  0.99912247957210831     
          32          33  0.88377978484721631     
          33          34   1.2087391296259933     
          33          35   1.7762997564712453     
          34          35  0.18352093231706243     
          11          36  0.95174553765794068     
          32          36  0.96781376740590852     
          36          37   1.2712500816299046     
          37          38  0.97488822081527660     
          38          39   1.5847985512926299     
          39          40   1.1954097841295757     
          39          41  0.10697694977271643     
          40          41   1.1594248305759647     
          41          42   1.0400592763197598     
          38          43   1.2262894649190637     
          41          43   1.6120728543849816     
          36          44  0.18566888269856369     
          37          44   1.5901488821819263     
           1          45  0.96772941845728822     
           2          46  0.97040447167927846     
           3          47  0.97063769583333592     
           4          48  0.96131394135794868     
           7          49  0.96762382604787855     
           8          50  0.96981027007417575     
           9          51  0.96675233633390956     
          11          52  0.94460157831714076     
          12          53  0.95249492495778554     
          14          54  0.96717755956289198     
          15          55  0.96995817835641940     
          16          56  0.96778322248775928     
          19          57  0.96391297267226705     
          20          58  0.97121807983091413     
          21          59  0.97076251779515188     
          22          60  0.96794760360720855     
          26          61  0.97000540948453517     
          29          62  0.97088942018921787     
          29          63  0.96755911895445357     
          29          64  0.97899561866175033     
          30          65  0.96103698606468568     
          32          66  0.93909149456666752     
          34          67  0.75603824999124036     
          39          68  0.97015947777038569     
          42          69  0.96809600473139878     
          42          70  0.97925518209815376     
          42          71  0.96824094468894983     
          43          72  0.96333483438916379     
