   -0.02990290
   -0.02625046
   -0.02920303
   -0.02685432
   -0.03451103
   -0.00146276
    0.03248473
    0.03990923
   -0.00257529
   -0.03298299
   -0.02815932
   -0.03052977
   -0.02943625
   -0.03968269
   -0.11219371
    0.26995850
   -0.01492112
   -0.03957451
   -0.00932983
   -0.05674020
   -0.05779351
   -0.05696795
   -0.05645491
    0.02478391
   -0.06222966
   -0.44157574
    0.09170313
    0.35579993
   -0.36966845
   -0.37446879
   -0.12037123
    0.27489415
   -0.01310347
   -0.04407634
   -0.01010028
    0.02032854
   -0.05690695
   -0.05672854
   -0.05799590
   -0.05595064
   -0.04862435
   -0.42804523
    0.03381648
    0.03856013
    0.03570075
    0.03540848
    0.03487990
    0.06471854
    0.07630976
    0.05941461
    0.03657669
    0.03340856
    0.03675174
    0.04242023
    0.05718752
    0.04298105
    0.04531946
    0.03679533
    0.03441724
    0.03995675
    0.03617964
    0.04938123
    0.04962237
    0.10632018
    0.34039034
    0.04718856
    0.04658450
    0.05055183
    0.03839473
    0.03653350
    0.03451388
    0.03889891
    0.04437933
    0.04194777
