           1           2   1.4475472403019214     
           2           3   1.4361964352204075     
           1           4  0.11123034740786558     
           3           4   1.4397899882479985     
           2           5  0.11018002661618834     
           4           5   1.4431748115136598     
           1           6   1.4103519083423302     
           3           6  0.10932241718351576     
           5           6   1.4126281818806397     
           6           7  0.98810459301358988     
           7           8  0.96333559688025250     
           8           9  0.98181308874530471     
           9          10   1.4086507796715579     
          10          11   1.4480547677258058     
           9          12  0.10919957129734235     
          11          12   1.4355112123228784     
          10          13  0.11245851683377581     
          12          13   1.4428098180228315     
           9          14   1.4179056539582535     
          11          14  0.11063253547230439     
          13          14   1.4382513361240219     
           8          15  0.95189432800186846     
          15          16   1.1957084322489977     
          16          17   1.0326541080170957     
          17          18   1.5501760593680656     
          18          19   1.2711223857342613     
          19          20   1.0071093768429671     
          20          21   1.0065084045185440     
          21          22   1.0092883186051738     
          22          23  0.99992888027109483     
          17          24  0.10596255218156664     
          19          24   1.5493360923700941     
          23          24   1.0266367298061259     
          17          25   1.1290125461422180     
          18          25  0.10031052307568908     
          24          25   1.1555592155967260     
          15          26  0.17742944959968820     
          16          26   1.6347587728696797     
          15          27  0.99229748268092333     
          27          28  0.91489101187321575     
          28          29   1.1426980850034414     
          28          30   1.7905419985946360     
          29          30  0.17999126284068223     
           7          31  0.95885223162731525     
          27          31  0.98543986747580237     
          31          32   1.1839859677501399     
          32          33   1.0123791472904142     
          33          34   1.5710254831785897     
          34          35   1.2580605102082105     
          33          36  0.10709178374935134     
          35          36   1.5610424834847214     
          36          37   1.0256758220421278     
          37          38  0.99959323061619909     
          38          39   1.0093274051655543     
          35          40   1.0072450188611639     
          39          40   1.0063527053400434     
          33          41   1.1324090973129657     
          36          41   1.1542853106593844     
          31          42  0.17757039718063572     
          32          42   1.6705724284069212     
           1          43  0.96834912199634671     
           2          44  0.97066594831395703     
           3          45  0.97115221811690078     
           4          46  0.97068507347864197     
           5          47  0.96789465844683531     
           7          48  0.94960613856381060     
           8          49  0.95327833474159063     
          10          50  0.96465100655607627     
          11          51  0.97055323901951129     
          12          52  0.97114224088601975     
          13          53  0.97083175749386064     
          14          54  0.96453405401663117     
          18          55  0.96187645484210826     
          20          56  0.96797429858526551     
          20          57  0.96074386104486398     
          21          58  0.97811424493637489     
          21          59  0.97779260564388926     
          22          60  0.97799956471027927     
          22          61  0.97722321201187445     
          23          62  0.96526948788045797     
          23          63  0.95599253793725381     
          27          64  0.90652054237210145     
          29          65  0.85839048433761578     
          34          66  0.96305399654990254     
          37          67  0.96685032220536637     
          37          68  0.95664008000327205     
          38          69  0.97811592636980638     
          38          70  0.97718395632015131     
          39          71  0.97770884294540616     
          39          72  0.97796103550154911     
          40          73  0.96819166304266324     
          40          74  0.96081238542116698     
