   -0.02450334
    0.48852540
   -0.20357428
   -0.20443704
   -0.20910362
   -0.02157166
   -0.02167549
   -0.01824740
   -0.03072054
    0.01074916
    0.03954892
    0.04542644
    0.02558252
   -0.02854497
    0.48525603
   -0.20169148
   -0.22512781
   -0.19881331
   -0.02180003
   -0.02256997
   -0.01694477
   -0.01877041
   -0.11567402
    0.27911447
   -0.02560828
    0.01254628
    0.00484082
   -0.03156011
   -0.02805145
   -0.03517555
   -0.03487108
   -0.03638595
   -0.03046075
   -0.02691640
   -0.02809536
   -0.02803052
   -0.42031209
    0.09241266
    0.35453772
   -0.35878293
   -0.36143665
   -0.13226505
    0.27867661
   -0.02018512
   -0.02668515
   -0.02952470
   -0.02981558
   -0.03435112
    0.00674687
    0.00568467
   -0.03792626
   -0.03088811
   -0.03061549
   -0.02776686
   -0.03641267
   -0.39927822
    0.07382573
    0.06155207
    0.05760093
    0.04543555
    0.05438783
    0.07757149
    0.06782107
    0.05799567
    0.05604967
    0.04791083
    0.05179628
    0.03818365
    0.03208753
    0.03412375
    0.03700627
    0.04418159
    0.04111285
    0.03828417
    0.02923560
    0.08748986
    0.34766861
    0.05313202
    0.04189400
    0.03929188
    0.04065285
    0.02608103
    0.03098957
    0.03377847
    0.03780536
    0.05057684
