           1           2  0.94942037015084824     
           2           3  0.94975956197221933     
           2           4  0.94616707116904564     
           2           5  0.94191180723736612     
           1           6   1.4111249097106917     
           6           7   1.4460203103062990     
           1           8  0.10472451623448815     
           7           8   1.4293638783954652     
           6           9  0.10873331303891136     
           8           9   1.4531094234194921     
           1          10   1.3886503224092293     
           7          10  0.10904680431698797     
           9          10   1.4023767213643090     
          10          11  0.99755505086582186     
          11          12  0.93986553735495404     
          12          13   1.0010418537281678     
          13          14   1.3885218071874643     
          14          15  0.95063898257980495     
          15          16  0.95400069297586731     
          15          17  0.92629124756114811     
          15          18  0.95211786147128152     
          14          19   1.4088356942418652     
          13          20  0.10808429359536267     
          19          20   1.4473569292631259     
          14          21  0.10309003526805198     
          20          21   1.4277916114165043     
          13          22   1.4021302128576922     
          19          22  0.10985840808663269     
          21          22   1.4534442643085139     
          12          23  0.95896572195113672     
          23          24   1.2013733850267723     
          24          25  0.95148164880145847     
          25          26   1.3696555718089887     
          26          27   1.0398478684771797     
          27          28   1.3937402124563152     
          28          29   1.4470172110835799     
          27          30  0.10611039299976417     
          29          30   1.4367230277353831     
          28          31  0.10922619132049649     
          30          31   1.4326626912670015     
          27          32   1.3890862106543698     
          29          32  0.10986380077280698     
          31          32   1.4495449115919530     
          26          33   1.3860055635299595     
          25          34  0.10645219094211568     
          33          34   1.4554915996859974     
          26          35  0.10445188491998611     
          34          35   1.4275855768513239     
          25          36   1.4055455788981812     
          33          36  0.10869887591104693     
          35          36   1.4426967857250914     
          23          37  0.18595998055929192     
          24          37   1.6966498079461934     
          23          38  0.99254093490679118     
          38          39  0.90463132708423821     
          39          40   1.1601232553222276     
          39          41   1.7994531167164500     
          40          41  0.18866502289378562     
          11          42  0.96762711060339224     
          38          42  0.96910382091232294     
          42          43   1.1759860455780493     
          43          44  0.95603733733315988     
          44          45   1.4132837999454404     
          45          46   1.4393613636163232     
          44          47  0.10624613711721149     
          46          47   1.4313264099361218     
          45          48  0.10762971739673459     
          47          48   1.4502559177623735     
          44          49   1.3599446194508380     
          46          49  0.10421430441647608     
          48          49   1.3906228957543776     
          49          50   1.0412139877464890     
          50          51   1.3827398417793584     
          51          52   1.4513338131237203     
          50          53  0.10479313059831476     
          52          53   1.4310987306295848     
          51          54  0.10847664239187516     
          53          54   1.4368180336335357     
          50          55   1.3893147675617805     
          52          55  0.10838599370291686     
          54          55   1.4469629716748420     
          42          56  0.18195159355833601     
          43          56   1.7223175901236600     
           6          57  0.96431525212768665     
           7          58  0.96817137124906461     
           8          59  0.96836364789387297     
           9          60  0.96391631215117457     
          11          61  0.93810273386319065     
          12          62  0.94965267769332384     
          19          63  0.96552960441782465     
          20          64  0.96873908389282504     
          21          65  0.96834594312770528     
          22          66  0.96299431171467653     
          28          67  0.96659197718213385     
          29          68  0.97028990377798385     
          30          69  0.97137706489106179     
          31          70  0.97053899838498203     
          32          71  0.96863799306294285     
          33          72  0.96738824359218456     
          34          73  0.97000152117825056     
          35          74  0.96955510059927452     
          36          75  0.96744638105699587     
          38          76  0.93594733273574304     
          40          77  0.84831750254531779     
          45          78  0.96723818421587338     
          46          79  0.96967100607930456     
          47          80  0.97009241803971336     
          48          81  0.96702862104370313     
          51          82  0.96692130782381880     
          52          83  0.97036707087079732     
          53          84  0.97118272296619557     
          54          85  0.96954580180165872     
          55          86  0.96595600014602701     
