    0.14403341
   -0.27449749
    0.03347507
   -0.06363796
   -0.02920651
   -0.03947097
   -0.02874388
   -0.01993380
    0.04712703
    0.03312269
   -0.02712953
   -0.03721247
   -0.04161039
   -0.03278193
   -0.06801727
    0.13632173
   -0.27367208
    0.03576417
   -0.08473475
    0.27461401
   -0.02834472
    0.07208327
    0.48885470
   -0.19924470
   -0.19701705
   -0.19416061
   -0.17012755
    0.13032898
   -0.12251440
   -0.06869329
   -0.41541070
    0.08901234
    0.36734298
   -0.36638049
   -0.38519551
   -0.09806381
    0.27245597
   -0.03985451
    0.06969429
    0.48747924
   -0.20276162
   -0.20121049
   -0.19116923
   -0.15784926
    0.13696426
   -0.12421746
   -0.07089441
   -0.40754245
    0.07121566
    0.04366235
    0.04863713
    0.04493255
    0.04069576
    0.04114902
    0.04724294
    0.07398497
    0.08032876
    0.05671180
    0.04243266
    0.04148535
    0.04195074
    0.07410747
    0.04152168
    0.04555331
    0.07010551
    0.07317631
    0.08002779
    0.06500027
    0.08663938
    0.34283768
    0.08297057
    0.07816535
    0.06809005
    0.06000208
