           1           2   1.0671582002478257     
           2           3  0.97774062911375070     
           1           4   1.3774932736179744     
           4           5   1.4380280073348120     
           5           6   1.4420042968116880     
           4           7  0.10302734448625187     
           6           7   1.4262883363294179     
           1           8   1.3226446911427858     
           5           8  0.10541912646647753     
           7           8   1.4366767283810944     
           8           9  0.98896529369658659     
           9          10  0.95674591760608207     
          10          11  0.99018910852846065     
          11          12   1.4338017837344534     
          12          13   1.4287417753015257     
          11          14  0.10586484648092499     
          13          14   1.4400465435630654     
          12          15  0.10260766243058048     
          14          15   1.4374571438347550     
          11          16   1.3229737086079845     
          15          16   1.3758277976535440     
          16          17   1.0672703814108921     
          17          18  0.97802089195899111     
          10          19  0.95739711856603205     
          19          20   1.2592188182931214     
          20          21  0.96638258796304810     
          21          22   1.5287873225721313     
          22          23  0.96051162035806648     
          23          24  0.94149334701178888     
          23          25  0.95605609805849256     
          23          26  0.95037392912194674     
          22          27   1.1100533506573895     
          22          28  0.13476470280034483     
          27          28   1.1232381928580475     
          28          29   1.0323130818977539     
          21          30   1.2675932840625888     
          28          30   1.5676933921837350     
          19          31  0.20017022711911042     
          20          31   1.6467978097450524     
          19          32  0.97424288796830982     
          32          33  0.91260976461193755     
          33          34   1.1370405452136085     
          33          35   1.7762141176192612     
          34          35  0.17200957024881819     
           9          36  0.94913684080252825     
          32          36  0.98612611779226522     
          36          37   1.2282201573256890     
          37          38  0.96315107387573395     
          38          39   1.5234988706996508     
          39          40  0.96182924056790187     
          40          41  0.93748863129595761     
          40          42  0.95107256748704483     
          40          43  0.95581289957680959     
          39          44   1.1158247604120621     
          39          45  0.13464514488958482     
          44          45   1.1326533568627879     
          45          46   1.0327394735499242     
          38          47   1.2727224047398580     
          45          47   1.5582516185871202     
          36          48  0.20114818153097530     
          37          48   1.6867614031647924     
           3          49  0.97771022000772811     
           3          50  0.97672170972075778     
           3          51  0.97620806086493417     
           4          52  0.96487679274354865     
           5          53  0.97068335165415753     
           6          54  0.97039426248006588     
           7          55  0.96646328741018439     
           9          56  0.95252489599782153     
          10          57  0.94820125082647821     
          12          58  0.96412595050133232     
          13          59  0.97038257957480445     
          14          60  0.97066060915133423     
          15          61  0.96527269802841364     
          18          62  0.97786282191134144     
          18          63  0.97614408624540794     
          18          64  0.97643848660841026     
          29          65  0.98028033828283923     
          29          66  0.97085340070177384     
          29          67  0.96004196527661312     
          30          68  0.97174885932637178     
          32          69  0.93583599133839834     
          34          70  0.85752157230931969     
          46          71  0.95935375403047307     
          46          72  0.96926989939544350     
          46          73  0.98122019648648950     
          47          74  0.97290132112289873     
