   -0.40749437
    0.28043397
   -0.01594086
   -0.01626087
   -0.02603676
   -0.02682587
   -0.02776034
   -0.03222940
   -0.13063206
    0.09442621
    0.35072741
   -0.35165773
   -0.39065982
   -0.11664272
    0.27356049
   -0.01195181
   -0.02311784
   -0.02582250
   -0.02740055
   -0.02700724
   -0.02648354
   -0.41826452
    0.03632499
    0.00016456
   -0.03345849
   -0.02611593
   -0.02843586
   -0.02697857
   -0.03036421
    0.05061226
    0.01426421
   -0.02912125
   -0.02652781
   -0.02837466
   -0.02516931
   -0.02842217
    0.05743598
    0.04043581
    0.03767861
    0.03848961
    0.03053912
    0.09341669
    0.34230361
    0.03719635
    0.03850514
    0.03866449
    0.03965456
    0.03465194
    0.04788953
    0.03155875
    0.03999029
    0.04009189
    0.03952399
    0.03163932
    0.04871505
    0.03034492
    0.03635862
    0.03677063
    0.03821279
    0.03457525
