           1           2   1.7170747855321440     
           2           3  0.97455276061267859     
           3           4   1.4039607551945845     
           4           5   1.4438314211313357     
           3           6  0.10876403142432450     
           5           6   1.4398761836843503     
           4           7  0.11045428809430308     
           6           7   1.4350658314189768     
           3           8   1.3980780401856683     
           5           8  0.11058223576273865     
           7           8   1.4473446025200665     
           1           9  0.17468560360435736     
           2           9   1.1620436315133982     
           9          10  0.99471920612660880     
          10          11  0.91050933028185732     
          11          12   1.1634262701706330     
          11          13   1.7743964633169098     
          12          13  0.18251157484879640     
          10          14  0.98321211306506129     
          14          15   1.2017122916665155     
          15          16  0.95555014186912035     
          16          17   1.4064600856714362     
          17          18   1.4430781164131692     
          16          19  0.11120643159577685     
          18          19   1.4385843756740042     
          17          20  0.11253191964106013     
          19          20   1.4404041267991903     
          16          21   1.4098848914614588     
          18          21  0.11172210950950248     
          20          21   1.4403759639104003     
          14          22  0.18947959535850784     
          15          22   1.7027408655898155     
          14          23  0.96096842049844466     
          23          24  0.99161798001455981     
          24          25   1.4129180218713320     
          25          26   1.4438276014780291     
          24          27  0.10938091657801678     
          26          27   1.4396923239987964     
          25          28  0.11069779073884754     
          27          28   1.4368020858755166     
          24          29   1.4098345541676935     
          26          29  0.11121316835996450     
          28          29   1.4468002313678920     
           9          30  0.95954816616388694     
          23          30  0.94877629208425984     
          30          31  0.99373817905041317     
          31          32   1.4083565306615307     
          32          33   1.4487172750216448     
          31          34  0.10944600932926836     
          33          34   1.4354083871010748     
          32          35  0.11164647977448806     
          34          35   1.4413632298762407     
          31          36   1.4155201719384480     
          33          36  0.11055720444859866     
          35          36   1.4419564600494172     
           4          37  0.96771218956322946     
           5          38  0.96997953292213535     
           6          39  0.97103300747738208     
           7          40  0.97016122846557329     
           8          41  0.96852032750015682     
          10          42  0.92193397636721475     
          12          43  0.85620202806475676     
          17          44  0.96980486282590428     
          18          45  0.96999274343795105     
          19          46  0.97093275486290942     
          20          47  0.97005300585823029     
          21          48  0.96991354671726193     
          23          49  0.95424581689017340     
          25          50  0.96844059208015953     
          26          51  0.97043248917080349     
          27          52  0.97087211801662598     
          28          53  0.97057969313163472     
          29          54  0.96716083035853728     
          30          55  0.95407724963020235     
          32          56  0.96872023556728060     
          33          57  0.97081514891773546     
          34          58  0.97113441047967475     
          35          59  0.97064829415907150     
          36          60  0.96862003635294991     
