   -0.03064577
    0.48590395
   -0.19597801
   -0.21213418
   -0.21233643
   -0.02112952
   -0.02148443
   -0.01766741
   -0.03083997
    0.00895513
    0.03751420
    0.04959101
    0.02101122
   -0.02131459
    0.48584398
   -0.19877018
   -0.20062421
   -0.22911859
   -0.01849927
   -0.01934301
   -0.01549079
   -0.02679845
   -0.11440475
    0.27653095
   -0.05677395
    0.17909376
   -0.10390625
   -0.15560049
    0.07534157
   -0.05216456
   -0.40335673
    0.09081753
    0.36779945
   -0.36686927
   -0.38378380
   -0.10497303
    0.27987638
   -0.05440221
    0.18107938
   -0.08946366
   -0.15551004
    0.06829703
   -0.05668073
   -0.40565311
    0.07176438
    0.06230419
    0.06059887
    0.06972042
    0.07001361
    0.07246191
    0.07021196
    0.06116855
    0.06428188
    0.06156487
    0.07559376
    0.06417719
    0.08006440
    0.34516884
    0.07563041
    0.06333666
