           1           2  0.95048966709187110     
           2           3  0.96003750859298731     
           2           4  0.94114389179035729     
           2           5  0.93325312888326351     
           1           6   1.4105507933342509     
           6           7   1.4449189574766443     
           1           8  0.10406363524288653     
           7           8   1.4309622245439626     
           6           9  0.10925640171211858     
           8           9   1.4496437381791742     
           1          10   1.3880469804284412     
           7          10  0.10841795182445034     
           9          10   1.4063104031180103     
          10          11  0.99394116929323406     
          11          12  0.94766623134554828     
          12          13  0.99140850932760072     
          13          14   1.3850845892307651     
          14          15  0.95190772214078012     
          15          16  0.95809692554925685     
          15          17  0.94956265351103653     
          15          18  0.92235113221402343     
          14          19   1.4141627211475951     
          13          20  0.10832994360516630     
          19          20   1.4417046938339810     
          14          21  0.10566752882411803     
          20          21   1.4354573668525883     
          13          22   1.4132349847562962     
          19          22  0.10865294295533359     
          21          22   1.4446950563819168     
          12          23  0.95674095636834522     
          23          24   1.1961826266118354     
          24          25  0.97723204486035165     
          25          26   1.5107109900013891     
          26          27   1.0093416924326517     
          26          28   1.1429551971984235     
          26          29  0.13456242962992232     
          28          29   1.1237153461228122     
          25          30   1.2528915451363227     
          29          30   1.6175937202415998     
          23          31  0.19320467061749824     
          24          31   1.7009470398793454     
          23          32  0.98480011611671292     
          32          33  0.90694340627179681     
          33          34   1.1380773585731785     
          33          35   1.7771979749779563     
          34          35  0.17220988330697182     
          11          36  0.96339112025068019     
          32          36  0.97827581768111749     
          36          37   1.2199919209434471     
          37          38  0.98053829478377774     
          38          39   1.5022178846517944     
          39          40   1.0217739213292927     
          39          41   1.1448612406842988     
          39          42  0.13207022236490545     
          41          42   1.1214179012850529     
          38          43   1.2544242928595790     
          42          43   1.6170875483918083     
          36          44  0.18975548965063072     
          37          44   1.6659613500775394     
           6          45  0.96483650156896594     
           7          46  0.96813725009491258     
           8          47  0.96828611680202248     
           9          48  0.96003738976843045     
          11          49  0.95112192732355061     
          12          50  0.95181335679614953     
          19          51  0.96521092183073853     
          20          52  0.96831131472926935     
          21          53  0.96791490814867998     
          22          54  0.96419152371913663     
          29          55  0.96231547556149488     
          30          56  0.97118402342697063     
          32          57  0.93775264811906800     
          34          58  0.85589012233574902     
          42          59  0.96243068613677463     
          43          60  0.97091723789930851     
