   -0.41015642
    0.27276399
   -0.03199010
   -0.04125434
   -0.03910481
   -0.03547573
    0.01728152
    0.01464406
   -0.02794881
   -0.02114087
   -0.02343275
   -0.03196640
   -0.11864732
    0.08574397
    0.34701139
   -0.35563880
   -0.34266908
   -0.11884992
    0.27369509
   -0.03237460
    0.01595347
   -0.02574564
   -0.02142244
   -0.02400418
   -0.03311871
    0.01580348
   -0.03612393
   -0.03713374
   -0.03909544
   -0.40806815
    0.04695195
    0.01276607
   -0.02912396
   -0.02662941
   -0.02788310
   -0.02424877
   -0.02742394
    0.04684523
    0.00857829
   -0.03670384
   -0.02670745
   -0.02847176
   -0.02571665
   -0.02778227
    0.02791136
    0.03536397
    0.04007595
    0.04291616
    0.04174931
    0.03926125
    0.03795885
    0.03321175
    0.32854992
    0.04543338
    0.04233174
    0.03823631
    0.03653885
    0.03878298
    0.03528982
    0.02776766
    0.06051428
    0.02402051
    0.03535335
    0.03720580
    0.03956775
    0.03780044
    0.05613459
    0.05231922
    0.03657820
    0.03521219
    0.03703214
    0.03489714
