           1           2   1.7066677651235800     
           2           3  0.95236038974540871     
           3           4   1.5170592440815125     
           4           5   1.3216191300949733     
           3           6  0.11486342863997456     
           5           6   1.5512783430060730     
           6           7   1.2811068741449632     
           3           8   1.2493642886286260     
           7           8   1.2500904792344838     
           8           9   1.2804237531462894     
           9          10   1.5564267807738157     
          10          11   1.3209082446408225     
           7          12   1.2780995307978595     
           9          12  0.11893251808103875     
          11          12   1.5580072718093365     
           1          13  0.19221144705712195     
           2          13   1.1992726475930116     
          13          14  0.98906175411493558     
          14          15  0.89645605604012035     
          15          16   1.1438504123377060     
          15          17   1.8027260398112648     
          16          17  0.16926387544191845     
          14          18  0.98944947231066549     
          18          19   1.1916664684238376     
          19          20  0.95663222955363914     
          20          21   1.2513273862856098     
          21          22   1.2804150710690454     
          22          23   1.5566728014651348     
          23          24   1.3205629611819945     
          22          25  0.11902147083338571     
          24          25   1.5584200169805351     
          21          26   1.2492315617097156     
          25          26   1.2776225980649580     
          20          27  0.11443215053158358     
          26          27   1.2825713609253091     
          27          28   1.5494039703991040     
          20          29   1.5120552063885531     
          28          29   1.3260754702556685     
          18          30  0.18842975160102735     
          19          30   1.7092016906578513     
          18          31  0.95203496982911218     
          31          32  0.98970160974519528     
          32          33   1.4096542835997496     
          33          34   1.4478692285587502     
          32          35  0.10947728155975349     
          34          35   1.4360392194590694     
          33          36  0.11152891741830875     
          35          36   1.4408717884536593     
          32          37   1.4149352411538472     
          34          37  0.11073389304861954     
          36          37   1.4425340041200228     
          13          38  0.94937692575380450     
          31          38  0.95639615341270545     
          38          39  0.98844949533073623     
          39          40   1.4098387258213207     
          40          41   1.4461938257285099     
          39          42  0.10918441106787738     
          41          42   1.4369812319785344     
          40          43  0.11209837700197180     
          42          43   1.4408219703682110     
          39          44   1.4162562126881464     
          41          44  0.11069575206370963     
          43          44   1.4416471581280568     
           4          45  0.96932569382383815     
           5          46  0.97000729560993004     
           6          47  0.96783397474586108     
           9          48  0.96354321082536376     
          10          49  0.97024563645307982     
          11          50  0.97042803611248796     
          12          51  0.96788999059710934     
          14          52  0.94175137508337792     
          16          53  0.86093654000744979     
          22          54  0.96597164792094237     
          23          55  0.97021456484717639     
          24          56  0.97049195290730927     
          25          57  0.96797397737938973     
          27          58  0.96790746461132471     
          28          59  0.96992589851549815     
          29          60  0.96910440756304905     
          31          61  0.95292928015038902     
          33          62  0.96927498310911908     
          34          63  0.97089941202776875     
          35          64  0.97111488587620298     
          36          65  0.97050605417950431     
          37          66  0.96831972916993503     
          38          67  0.95371376425219201     
          40          68  0.96116308132421291     
          41          69  0.97080629323876466     
          42          70  0.97115438311053115     
          43          71  0.97069461337962015     
          44          72  0.96828168995539055     
