   -0.02087425
    0.48595316
   -0.20135345
   -0.22788312
   -0.19906989
   -0.01767937
   -0.02016192
   -0.01618640
   -0.02196840
    0.02413023
    0.04813235
    0.04061861
    0.01184488
   -0.02913599
    0.48579151
   -0.19495663
   -0.21478136
   -0.21642470
   -0.01889030
   -0.02032056
   -0.01545554
   -0.02437418
   -0.11678636
    0.27773170
   -0.03735273
   -0.01719044
   -0.02432085
    0.02826968
    0.00408103
   -0.03042006
   -0.03254093
   -0.03062737
   -0.03776417
   -0.41972678
    0.09098246
    0.35213357
   -0.35609454
   -0.38632479
   -0.12569426
    0.27970914
   -0.03143812
   -0.01908807
   -0.03170151
    0.03459425
    0.01540711
   -0.02205651
   -0.03058021
   -0.02936696
   -0.03688430
   -0.41405976
    0.07008180
    0.05926498
    0.05682995
    0.04508676
    0.06879769
    0.05671870
    0.07257018
    0.06171492
    0.06033956
    0.05495111
    0.05818671
    0.04955834
    0.04260613
    0.04356600
    0.04634803
    0.10227707
    0.34654882
    0.04441412
    0.04824110
    0.03875713
    0.03991548
    0.04338052
