           1           2  0.95173329529188433     
           2           3  0.94882159003405597     
           2           4  0.92386587571813361     
           2           5  0.95748229592517642     
           1           6   1.4153159273653424     
           6           7   1.4414960505567871     
           1           8  0.10521364321894987     
           7           8   1.4346399143875761     
           6           9  0.10870011901143670     
           8           9   1.4464289048809775     
           1          10   1.3834667637024540     
           7          10  0.10854920593348558     
           9          10   1.4109951564099330     
          10          11  0.99290250558846693     
          11          12  0.94321462527062805     
          12          13  0.99764638654041626     
          13          14   1.3842110011039834     
          14          15  0.95139335152193594     
          15          16  0.96178533100037844     
          15          17  0.93342325020309702     
          15          18  0.93602476088773623     
          14          19   1.4115339721155222     
          13          20  0.10773792177298552     
          19          20   1.4434883541012957     
          14          21  0.10362321271855683     
          20          21   1.4310958914522443     
          13          22   1.4071319273490033     
          19          22  0.10825705831688276     
          21          22   1.4481821101746988     
          12          23  0.96750863592779668     
          23          24   1.1841140086689415     
          24          25  0.97949138668564728     
          25          26   1.6249918380145063     
          26          27   1.1711670988128722     
          27          28   1.1015194301581821     
          25          29   1.1524712323181683     
          28          29   1.2951784100909425     
          29          30   1.3349519117483970     
          30          31   1.4943304199706071     
          31          32   1.3841699424181566     
          28          33   1.3776783966144255     
          30          33  0.11180076911000987     
          32          33   1.4752508726374294     
          23          34  0.18423510150434086     
          24          34   1.6866194571695572     
          23          35  0.99169303837744427     
          35          36  0.91058509432531132     
          36          37   1.1622644051795143     
          36          38   1.7762460106834026     
          37          38  0.18404192479830048     
          11          39  0.96017215169666437     
          35          39  0.98819337885736047     
          39          40   1.1807425134166836     
          40          41  0.97746888341214222     
          41          42   1.6306182385143810     
          41          43  0.10289534528864167     
          42          43   1.1648572170281253     
          43          44   1.0991896473277323     
          41          45   1.1509292831340838     
          44          45   1.2975226068172185     
          45          46   1.3350045260965366     
          46          47   1.4953263998441304     
          47          48   1.3844285589119925     
          44          49   1.3774266263188626     
          46          49  0.11255862712928631     
          48          49   1.4753860335385693     
          39          50  0.18330176533124234     
          40          50   1.6928670740158684     
           6          51  0.96517461944146332     
           7          52  0.96858056907676193     
           8          53  0.96884658229055987     
           9          54  0.96492694520841216     
          11          55  0.95296579059100917     
          12          56  0.95382236048561753     
          19          57  0.96475951080408695     
          20          58  0.96824684350783718     
          21          59  0.96814303194562246     
          22          60  0.96535972747753274     
          26          61  0.96805000759061688     
          30          62  0.96599595471011512     
          31          63  0.97023772621559434     
          32          64  0.96971834767661291     
          33          65  0.96807857202485770     
          35          66  0.91745943067026525     
          37          67  0.85365650865293552     
          42          68  0.96777960363191173     
          46          69  0.96602960630857426     
          47          70  0.97057195753211056     
          48          71  0.97003188916792216     
          49          72  0.96842105315761329     
