    0.14365138
   -0.27177557
    0.03582333
   -0.06247677
   -0.02883311
   -0.03960051
   -0.03156027
   -0.01672431
    0.03973282
    0.04140395
   -0.02647916
   -0.04069850
   -0.03904678
   -0.03054893
   -0.06390946
    0.14426543
   -0.28244761
    0.03753088
   -0.10088781
    0.27664112
   -0.01619851
   -0.01500414
   -0.04138077
    0.17575734
   -0.21854400
   -0.04689404
   -0.02986315
   -0.41162779
    0.07077960
    0.35298830
   -0.35091409
   -0.36288738
   -0.13503884
    0.27005450
   -0.02659307
   -0.02846728
   -0.04588617
    0.17597296
   -0.21480259
   -0.04218694
   -0.02552527
   -0.40826270
    0.04287869
    0.06441666
    0.04855743
    0.04409491
    0.04262659
    0.03936715
    0.02763239
    0.07626828
    0.08478323
    0.04955820
    0.04139537
    0.04190305
    0.04531565
    0.04749487
    0.04328585
    0.07585039
    0.06062653
    0.06824262
    0.06347287
    0.03862820
    0.06592823
    0.33631944
    0.04746533
    0.06755677
    0.07166694
    0.05512826
