           1           2   1.0638866492539514     
           2           3  0.97958344998374691     
           1           4   1.3780490029291041     
           4           5   1.4393274548870338     
           5           6   1.4397299634194314     
           4           7  0.10291760082850880     
           6           7   1.4291374981228233     
           1           8   1.3251318181398797     
           5           8  0.10595783698414361     
           7           8   1.4353902778392140     
           8           9  0.98992111416228390     
           9          10  0.95310466436519814     
          10          11  0.98321220607657045     
          11          12   1.4211746961171747     
          12          13   1.4399926111559043     
          11          14  0.10644676427171680     
          13          14   1.4308541054907018     
          12          15  0.10496779933771822     
          14          15   1.4489846664422126     
          11          16   1.3388592724324364     
          15          16   1.3663071254876151     
          16          17   1.0563555204298098     
          17          18  0.97475423699901043     
          10          19  0.96950518841686961     
          19          20   1.1964129427475363     
          20          21  0.96181744700023286     
          21          22   1.4058461343576876     
          22          23   1.4441263529166122     
          23          24   1.3963012317471049     
          24          25  0.96487197900816246     
          22          26  0.10976634539249010     
          24          26   1.3933072804288806     
          21          27   1.4028194034314587     
          23          27  0.10978377992353111     
          26          27   1.4443946665132219     
          19          28  0.18829058896755416     
          20          28   1.7025470231475481     
          19          29  0.99073234792587628     
          29          30  0.89112380349190101     
          30          31   1.1556942251918205     
          30          32   1.7900095701062797     
          31          32  0.16734022525869044     
           9          33  0.94978741754813567     
          29          33  0.98674299373205021     
          33          34   1.1933597078544629     
          34          35  0.95374392968507971     
          35          36   1.4003640959699293     
          36          37   1.4471694741704211     
          37          38   1.3910805151951700     
          38          39  0.96823404879873354     
          36          40  0.11113587313977928     
          38          40   1.3979759388388999     
          35          41   1.4114914090058506     
          37          41  0.10975067688178124     
          40          41   1.4402969974779951     
          33          42  0.19061668602090179     
          34          42   1.7130418724623979     
           3          43  0.97638711202036443     
           3          44  0.97924403892439638     
           3          45  0.97698095603198531     
           4          46  0.96512144730721805     
           5          47  0.97061222625999444     
           6          48  0.97069542199885495     
           7          49  0.96724485709709895     
           9          50  0.95113643544917392     
          10          51  0.94372300650062391     
          12          52  0.96586293797230405     
          13          53  0.97023211772644413     
          14          54  0.97044865136791336     
          15          55  0.96424476746545529     
          18          56  0.97575143670205422     
          18          57  0.97669898318848725     
          18          58  0.97275222691596219     
          22          59  0.96638646880140211     
          23          60  0.96517928570341094     
          26          61  0.96602331668441532     
          27          62  0.96721567718604018     
          29          63  0.93654294190978704     
          31          64  0.84995406683727315     
          36          65  0.96838464103962019     
          37          66  0.96527873080552717     
          40          67  0.96480864841674996     
          41          68  0.96819673219309199     
