   -0.02743870
   -0.03126759
    0.01516326
   -0.03378996
   -0.03010344
   -0.02958696
   -0.03350931
    0.01784311
   -0.03877934
    0.01727092
    0.04893642
    0.04734610
    0.00966062
   -0.03260116
    0.01658661
   -0.03279563
   -0.02949395
   -0.02973828
   -0.03400182
    0.01386061
   -0.03317918
   -0.03528783
   -0.13159220
    0.27631700
   -0.02340345
   -0.03368730
   -0.03931178
    0.01454145
   -0.05937428
   -0.09672903
   -0.03566903
   -0.02536423
   -0.41340576
    0.09051008
    0.35040721
   -0.36235023
   -0.38074922
   -0.13900225
    0.27719891
   -0.02467200
   -0.03678707
   -0.03686641
    0.01980960
   -0.05929518
   -0.09634106
   -0.03455348
   -0.02143212
   -0.40029782
    0.02964885
    0.03578840
    0.03175390
    0.03034848
    0.03097260
    0.03258193
    0.03845656
    0.04462969
    0.05161516
    0.03585009
    0.03336781
    0.03091330
    0.03018991
    0.03155226
    0.03583033
    0.04139617
    0.02748788
    0.03646953
    0.03892301
    0.04138099
    0.03651214
    0.03916741
    0.03105948
    0.03972862
    0.05026173
    0.07324577
    0.34291056
    0.04474162
    0.03580505
    0.03926291
    0.04201432
    0.03941276
    0.03659323
    0.03640676
    0.04107089
    0.04965504
