           1           2   1.5770894217427125     
           2           3   1.2685435139640291     
           3           4   1.2856005256549767     
           4           5   1.5522504117890801     
           5           6   1.3243120676783433     
           4           7  0.11758058342651793     
           6           7   1.5539015974150252     
           3           8   1.2540799675367569     
           7           8   1.2824624626137702     
           2           9  0.11019503101540501     
           8           9   1.2739490972632086     
           1          10   1.2793830057694078     
           9          10   1.5359236397841682     
          10          11  0.99675248638059488     
          11          12  0.95799016109313029     
          12          13  0.99385561847971138     
          13          14   1.5244315062710561     
          14          15   1.2824529207930049     
          15          16   1.2786457862626150     
          16          17   1.5577731926975833     
          17          18   1.3206978134231722     
          16          19  0.11806241391657579     
          18          19   1.5562308122694197     
          15          20   1.2504092874491071     
          19          20   1.2817203355102511     
          14          21  0.11428102164336698     
          20          21   1.2766611544729369     
          13          22   1.2935005972621134     
          21          22   1.5637068486612478     
          12          23  0.94710950540251737     
          23          24   1.2039107966328841     
          24          25  0.95280646498487986     
          25          26   1.4004236683833076     
          26          27   1.4462245499548083     
          25          28  0.10740698166226259     
          27          28   1.4100115886394085     
          28          29   1.0126962929240402     
          29          30   1.0008069461538356     
          26          31  0.10990442192213735     
          28          31   1.4111105642290389     
          25          32   1.4082014951876931     
          27          32  0.10866780480163514     
          31          32   1.4463072249772315     
          23          33  0.19164309981422548     
          24          33   1.7082274908966701     
          23          34  0.97887705261876079     
          34          35  0.92176846580020533     
          35          36   1.1487260987477308     
          35          37   1.7813275418828269     
          36          37  0.18064955802532673     
          11          38  0.94860608819909975     
          34          38  0.99044149899687794     
          38          39   1.1481067153885238     
          39          40  0.98442024503621506     
          40          41   1.3876384222617020     
          41          42   1.4530564559368708     
          40          43  0.10305489103092519     
          42          43   1.4062816804186760     
          43          44   1.0143972504098637     
          44          45  0.99952250718249336     
          41          46  0.10647721585906081     
          43          46   1.4052339277606423     
          40          47   1.3914939075581432     
          42          47  0.10550497021068472     
          46          47   1.4553890190669874     
          38          48  0.16917882957754105     
          39          48   1.7252723684944615     
           1          49  0.96959401289412028     
           2          50  0.96774890247609768     
           4          51  0.96847047933545971     
           5          52  0.97116287607475815     
           6          53  0.97108749593538446     
           7          54  0.96829429666362787     
           9          55  0.96056620534562942     
          11          56  0.94448943379611527     
          12          57  0.95437801828054702     
          14          58  0.96266810350994425     
          16          59  0.96827814440428916     
          17          60  0.97107986720854655     
          18          61  0.97115406097577328     
          19          62  0.96847326741339779     
          21          63  0.96795519834667210     
          22          64  0.96289640041977709     
          26          65  0.96950766111051812     
          27          66  0.96634363555014302     
          29          67  0.97506876149274124     
          29          68  0.97256540396927404     
          30          69  0.98815615284819658     
          30          70  0.98616473601603738     
          30          71  0.98641017732374547     
          31          72  0.96806187694711610     
          32          73  0.96848641569514438     
          34          74  0.92015766154306755     
          36          75  0.85610518844063666     
          41          76  0.96584705519186631     
          42          77  0.96821184946500405     
          44          78  0.97454625145313689     
          44          79  0.97202911392783231     
          45          80  0.98591212026686026     
          45          81  0.98526002116910649     
          45          82  0.98737363722509974     
          46          83  0.96793695260676449     
          47          84  0.96801355135953027     
