    0.13771062
   -0.27965533
    0.03945008
   -0.06603193
   -0.03021904
   -0.03797968
   -0.03427682
   -0.02311511
    0.03825171
    0.03759259
   -0.02304145
   -0.03265623
   -0.03888839
   -0.02950656
   -0.06389369
    0.14006931
   -0.27851793
    0.04015008
   -0.11180444
    0.27883618
   -0.01590980
    0.01598005
    0.00659881
   -0.03453039
   -0.02754936
   -0.02975845
   -0.03051340
   -0.03345352
   -0.03065507
   -0.02843875
   -0.02918011
   -0.02283817
   -0.42236516
    0.10268020
    0.37968301
   -0.36706948
   -0.37967631
   -0.11186635
    0.27412609
   -0.01576527
   -0.02401461
   -0.02817015
   -0.02965616
   -0.03300154
    0.01552056
    0.00830932
   -0.03117765
   -0.03016012
   -0.03144460
   -0.03011533
   -0.03356282
   -0.43436397
    0.04261013
    0.04335328
    0.06198547
    0.03841981
    0.03897123
    0.04053594
    0.05747311
    0.06842737
    0.07257099
    0.04294106
    0.04299101
    0.04172637
    0.04097967
    0.06258259
    0.04222345
    0.04398187
    0.04711546
    0.04182820
    0.03373429
    0.02890941
    0.02390328
    0.03743688
    0.03496209
    0.03763782
    0.04056625
    0.06693854
    0.34118870
    0.03150451
    0.03407484
    0.03144526
    0.03550723
    0.05678430
    0.03275235
    0.02981226
    0.02768234
    0.02430716
