           1           2   1.0558862006187708     
           2           3  0.98180738913586807     
           1           4   1.3812943367946473     
           4           5   1.4329536564721141     
           5           6   1.4431043267531347     
           4           7  0.10301006193955303     
           6           7   1.4257916651311968     
           1           8   1.3249507368263658     
           5           8  0.10625859804262687     
           7           8   1.4369280029034832     
           8           9  0.98836270694828920     
           9          10  0.94526374380134937     
          10          11  0.99012623618025297     
          11          12   1.4379588364843079     
          12          13   1.4263521070659058     
          11          14  0.10628885337116181     
          13          14   1.4422948019141979     
          12          15  0.10226691048310711     
          14          15   1.4351848141210424     
          11          16   1.3230541874513928     
          15          16   1.3805854718287849     
          16          17   1.0575282953926139     
          17          18  0.98124480779680723     
          10          19  0.96159575219897087     
          19          20   1.2202236626598355     
          20          21  0.96356335374745083     
          21          22   1.3532653897020364     
          22          23   1.0493804761254093     
          23          24   1.3888175698441241     
          24          25   1.4486226110985521     
          23          26  0.10489251757253851     
          25          26   1.4366122410885664     
          24          27  0.10797452540109237     
          26          27   1.4322285040254772     
          23          28   1.3857024770445681     
          25          28  0.10815040313664195     
          27          28   1.4521942806977095     
          22          29   1.3882724890366580     
          21          30  0.10415479762826105     
          29          30   1.4524366921377971     
          22          31  0.10374634124030398     
          30          31   1.4297664374861616     
          21          32   1.4126159596374841     
          29          32  0.10685051861605899     
          31          32   1.4387819209799217     
          19          33  0.18137119275373942     
          20          33   1.6594559449132391     
          19          34  0.97976964960821500     
          34          35  0.91070328594507399     
          35          36   1.1362727396970367     
          35          37   1.7776389687204786     
          36          37  0.17019171260052840     
           9          38  0.96519445073603871     
          34          38  0.97227108177190169     
          38          39   1.2267171556626750     
          39          40  0.95512804326375333     
          40          41   1.4115854719504217     
          41          42   1.4403937550319188     
          40          43  0.10624322569801137     
          42          43   1.4288516352632692     
          41          44  0.10801338044801512     
          43          44   1.4532546780632227     
          40          45   1.3667060589332101     
          42          45  0.10508076789169725     
          44          45   1.3877838662917779     
          45          46   1.0394557959800883     
          46          47   1.3926193578148167     
          47          48   1.4471287193218452     
          46          49  0.10588839404013559     
          48          49   1.4368531879583646     
          47          50  0.10959428840973073     
          49          50   1.4346655278773583     
          46          51   1.3909956393504954     
          48          51  0.10908680166861130     
          50          51   1.4495863775913258     
          38          52  0.19177909525349607     
          39          52   1.6742225542540041     
           3          53  0.97607947424234009     
           3          54  0.97568551045627705     
           3          55  0.97924363235332090     
           4          56  0.96543279373959667     
           5          57  0.97080500070009235     
           6          58  0.97038450539141219     
           7          59  0.96192116975896813     
           9          60  0.95088595733523384     
          10          61  0.95112474566920935     
          12          62  0.96465918086005442     
          13          63  0.97036406579691092     
          14          64  0.97056977745280004     
          15          65  0.96512361401429669     
          18          66  0.97912843740920130     
          18          67  0.97573386957591490     
          18          68  0.97608328739405792     
          24          69  0.96412389906044960     
          25          70  0.97000128993242485     
          26          71  0.97121230809326564     
          27          72  0.97049679623110163     
          28          73  0.96637838039825497     
          29          74  0.96664953844953616     
          30          75  0.97051905259195381     
          31          76  0.97018788805178136     
          32          77  0.96876537508644200     
          34          78  0.93765309493982563     
          36          79  0.85704248151020812     
          41          80  0.96918399881335404     
          42          81  0.97039295697856631     
          43          82  0.97053136162817966     
          44          83  0.96792816309781438     
          47          84  0.96502243637790819     
          48          85  0.97040709358431898     
          49          86  0.97148749463809891     
          50          87  0.97078121126921202     
          51          88  0.96740355487560770     
