   -0.02012842
    0.48554931
   -0.19993368
   -0.19966896
   -0.22722536
   -0.01863032
   -0.02018873
   -0.01593644
   -0.02528372
    0.02220476
    0.04779222
    0.03511059
    0.01189935
   -0.02861625
    0.48480014
   -0.20801974
   -0.19798109
   -0.21595030
   -0.02039547
   -0.02112783
   -0.01497021
   -0.02442072
   -0.10966940
    0.26956221
    0.07977787
   -0.06269831
   -0.06050708
    0.07117467
   -0.16193373
   -0.41509306
    0.07239864
    0.35117151
   -0.35729987
   -0.35084043
   -0.11728169
    0.25843184
    0.07870713
   -0.03737040
   -0.05095853
    0.07751714
   -0.20982651
   -0.41853521
    0.07012279
    0.05967216
    0.06013081
    0.05525246
    0.07224313
    0.07789320
    0.07168340
    0.06144316
    0.06193403
    0.05535558
    0.06255919
    0.05242555
    0.05844610
    0.09238896
    0.34496897
    0.07815351
    0.06254869
    0.06717237
