           1           2  0.95138736362387100     
           2           3  0.95630500502421623     
           2           4  0.95039667312170861     
           2           5  0.92436708840068638     
           1           6   1.4170231167751115     
           6           7   1.4399024085376253     
           1           8  0.10609388986144927     
           7           8   1.4370987975086076     
           6           9  0.10834405536519148     
           8           9   1.4432857468956255     
           1          10   1.3824614537150337     
           7          10  0.10856003201994394     
           9          10   1.4147096223276581     
          10          11  0.99368056158229368     
          11          12  0.94518802926151813     
          12          13  0.99726596762699526     
          13          14   1.3865254706364023     
          14          15  0.95051706051500151     
          15          16  0.94031523084113000     
          15          17  0.95747084624518142     
          15          18  0.93643384846461930     
          14          19   1.4114163555310666     
          13          20  0.10855398574442518     
          19          20   1.4446466560163267     
          14          21  0.10409579853587236     
          20          21   1.4308965978059047     
          13          22   1.4068813091863070     
          19          22  0.10853225457921038     
          21          22   1.4492653246559888     
          12          23  0.96644161841808718     
          23          24   1.1951842087272926     
          24          25  0.98530360573050180     
          25          26   1.5413883021080623     
          26          27   1.3086779945736724     
          25          28  0.14226028893162279     
          27          28   1.5928644942806820     
          25          29   1.1211914118456408     
          28          29   1.1477720822655633     
          23          30  0.19028572182443987     
          24          30   1.6805770769290096     
          23          31  0.98966083026161644     
          31          32  0.88805337790834371     
          32          33   1.1727079648589847     
          32          34   1.7979204696592987     
          33          34  0.17648810449281513     
          11          35  0.95369275546757026     
          31          35  0.98043564988183185     
          35          36   1.1930344043361816     
          36          37   1.0258458132818677     
          37          38   1.5436108805075883     
          38          39   1.3061608458095544     
          37          40  0.14176862125411083     
          39          40   1.6059575304356157     
          37          41   1.0732802767832059     
          40          41   1.1167366525757023     
          35          42  0.18903758171637466     
          36          42   1.6517430022929211     
           6          43  0.96513567845026238     
           7          44  0.96849517464513868     
           8          45  0.96846227568202603     
           9          46  0.96392989171860699     
          11          47  0.95216612136223433     
          12          48  0.94970359092872458     
          19          49  0.96486866920230829     
          20          50  0.96828206417325569     
          21          51  0.96814913107457445     
          22          52  0.96555362143147838     
          26          53  0.97172558684122456     
          27          54  0.97327722803153593     
          28          55  0.96501327727246955     
          31          56  0.93566494701377823     
          33          57  0.82056774193404103     
          38          58  0.96972323893080881     
          39          59  0.97180965812622400     
          40          60  0.96408669933515645     
