           1           2   1.9782998277366952     
           2           3   1.0044950870595308     
           3           4   1.0002107366625479     
           4           5   1.3990001209600074     
           5           6   1.4647938280660751     
           6           7   1.3804087934019047     
           7           8   1.0061205510032805     
           8           9   1.1174080172304512     
           9          10  0.94246196952779793     
          10          11   1.0117202068266620     
           8          12   1.7194181217667781     
           9          12  0.16772328060318978     
           5          13  0.10451477400968295     
           7          13   1.3859788504187891     
           4          14   1.4031204368540608     
           6          14  0.10269667882516230     
          13          14   1.4593006436773144     
           1          15  0.97503522308297930     
           1          16  0.97580905330628265     
           2          17  0.96703008047183714     
           3          18  0.96763148106588126     
           3          19  0.95827990524426365     
           5          20  0.96825034981909142     
           6          21  0.96550568310509577     
          10          22  0.97257270511693195     
          10          23  0.96834862928641907     
          11          24  0.98389820414457507     
          11          25  0.98647158552058034     
          11          26  0.98487685688991877     
          13          27  0.96669891622226134     
          14          28  0.96819412214063583     
