   -0.03717327
   -0.02626613
   -0.02477470
   -0.02241265
   -0.02904680
   -0.00701144
    0.03152235
    0.03935731
   -0.00184874
   -0.02956292
   -0.02394111
   -0.02636034
   -0.02804438
   -0.03959989
   -0.10368051
    0.26629116
    0.10061673
   -0.03945724
   -0.04381674
    0.13123307
    0.11118175
   -0.19365665
   -0.18047160
   -0.42066881
    0.09380383
    0.35917064
   -0.34962817
   -0.39089534
   -0.11191812
    0.27220594
    0.09950399
   -0.06017586
   -0.04778146
    0.12282911
    0.11179047
   -0.19854713
   -0.15539118
   -0.39376453
    0.02891441
    0.04165729
    0.04660258
    0.04504568
    0.03298414
    0.05875958
    0.08135771
    0.06048492
    0.04359746
    0.03983949
    0.03479820
    0.02747888
    0.07657749
    0.06350992
    0.10663550
    0.34705725
    0.05126523
    0.05982365
