           1           2   1.4428265446713655     
           2           3   1.4399065890435543     
           1           4  0.11009475723695424     
           3           4   1.4365307631158715     
           2           5  0.11129221015755753     
           4           5   1.4473709587302230     
           1           6   1.4122667060339338     
           3           6  0.10923320604803700     
           5           6   1.4101005319186779     
           6           7  0.98644748956010775     
           7           8  0.96558840040413008     
           8           9  0.98136678558612278     
           9          10   1.4113448431367468     
          10          11   1.4450438284505798     
           9          12  0.10921288811943670     
          11          12   1.4382811414809815     
          10          13  0.11176261594371154     
          12          13   1.4399971014206001     
           9          14   1.4146030581833979     
          11          14  0.11077683833270215     
          13          14   1.4411542278764513     
           8          15  0.94804960927894444     
          15          16   1.2007688005877124     
          16          17   1.0173723306214582     
          17          18   1.4951855441065258     
          18          19   1.3566471675159355     
          17          20  0.12303063275277697     
          19          20   1.4653256431868826     
          20          21   1.1091991675432415     
          21          22   2.7977113703293131     
          17          23   1.1246148524345163     
          20          23   1.0984218816940310     
          15          24  0.18712855699762890     
          16          24   1.6493331484319522     
          15          25  0.99510865218356792     
          25          26  0.91029277005379128     
          26          27   1.1676656945126955     
          26          28   1.7738716164143042     
          27          28  0.18318981276146182     
           7          29  0.95392831494039743     
          25          29  0.98184164451084377     
          29          30   1.2109371610405693     
          30          31  0.95534396722458348     
          31          32   1.5185629710073720     
          32          33   1.3410809652146631     
          31          34  0.12701672231683589     
          33          34   1.4756888189558932     
          34          35   1.1089467708075700     
          35          36   2.7972111510732045     
          31          37   1.1535131898135826     
          34          37   1.0981529402401002     
          29          38  0.19858041178019348     
          30          38   1.7068018080344092     
           1          39  0.96834956737844657     
           2          40  0.97020376379847040     
           3          41  0.97027888484871450     
           4          42  0.97011359850644918     
           5          43  0.96861694577050184     
           7          44  0.95322768077077491     
           8          45  0.95362569409027387     
          10          46  0.96513401491978534     
          11          47  0.97001517975970453     
          12          48  0.97075326851573518     
          13          49  0.97096764352958875     
          14          50  0.96491611846817338     
          18          51  0.96936666750377842     
          19          52  0.97229811084582884     
          25          53  0.91598630810799531     
          27          54  0.85317215189791495     
          32          55  0.97274256354522315     
          33          56  0.97274450273929070     
