   -0.03273525
   -0.02750941
   -0.03131359
   -0.02832554
   -0.03802436
    0.00297777
    0.03717822
    0.03413764
    0.00033454
   -0.02755657
   -0.02562163
   -0.02914302
   -0.02700828
   -0.03416922
   -0.11568020
    0.27186323
   -0.01611395
   -0.03705806
    0.01959311
   -0.11056689
   -0.04918605
    0.01858730
   -0.10937953
   -0.04464629
   -0.43758208
    0.09282450
    0.35813571
   -0.35650612
   -0.38944638
   -0.12379366
    0.27181478
   -0.02373770
   -0.05102063
    0.02252571
   -0.11284016
   -0.04557484
    0.01992439
   -0.11024568
   -0.03617782
   -0.42267467
    0.04000753
    0.03863557
    0.03540020
    0.03523647
    0.03074560
    0.08634564
    0.05478527
    0.03372321
    0.03911108
    0.03575776
    0.03655216
    0.02968334
    0.03868333
    0.04878655
    0.05033051
    0.04460656
    0.03543550
    0.04728891
    0.04913141
    0.04212514
    0.03099565
    0.09574769
    0.34051054
    0.05196893
    0.05339268
    0.04588518
    0.05090729
    0.03584354
    0.04827795
    0.05041162
    0.04325907
    0.04416885
