           1           2   1.4376778603426592     
           2           3   1.4442973050692021     
           1           4  0.11007357876837021     
           3           4   1.4329068470733457     
           2           5  0.11218505695727760     
           4           5   1.4508312074300640     
           1           6   1.4182978888127553     
           3           6  0.10940352955655190     
           5           6   1.4043270834510502     
           6           7  0.98991828856871311     
           7           8  0.94604903972053367     
           8           9  0.99183526224957486     
           9          10   1.4073766222618831     
          10          11   1.4492652372160120     
           9          12  0.10924624268104730     
          11          12   1.4346979928262671     
          10          13  0.11145994639952447     
          12          13   1.4403051651552166     
           9          14   1.4142728671407840     
          11          14  0.10957571212401909     
          13          14   1.4419341149538205     
           8          15  0.96454835631355706     
          15          16   1.2091406066467547     
          16          17  0.96774489553135790     
          17          18   1.4171902345044631     
          18          19   1.4003144418345039     
          19          20   1.0253955172590357     
          17          21  0.10458588023956730     
          19          21   1.4250144932708917     
          18          22  0.10495089540643554     
          21          22   1.4020865525679906     
          22          23   1.0244620941200000     
          17          24   1.3924823715583288     
          19          24  0.10306094084810016     
          22          24   1.4228127799046346     
          15          25  0.18844105737081943     
          16          25   1.6805683498153257     
          15          26  0.97999586875741740     
          26          27  0.91513953036084150     
          27          28   1.1599102031089923     
          27          29   1.7731886718519305     
          28          29  0.18126812368986375     
           7          30  0.97235085922866316     
          26          30  0.98600135881096795     
          30          31   1.1640849269469438     
          31          32  0.99383156485208368     
          32          33   1.3879426259994361     
          33          34   1.4171902641906551     
          34          35   1.0261032839175173     
          34          36   1.4064299445680637     
          33          37  0.10238722372690838     
          36          37   1.4177800781916847     
          37          38   1.0249634470680826     
          32          39   1.4001042857348689     
          34          39  0.10431271512601631     
          37          39   1.4094422298718141     
          30          40  0.17499935521478080     
          31          40   1.6939230511800498     
           1          41  0.96629406097119497     
           2          42  0.97057152447412509     
           3          43  0.97114847589797748     
           4          44  0.97079512534817070     
           5          45  0.96773486127628938     
           7          46  0.93748321127079182     
           8          47  0.95234519386207195     
          10          48  0.96866984101843934     
          11          49  0.97061116394366675     
          12          50  0.97100501461909849     
          13          51  0.97068332776851229     
          14          52  0.96794974852901028     
          18          53  0.96842242631310349     
          20          54  0.96789956005514022     
          20          55  0.97621853480803078     
          20          56  0.98491499266492510     
          21          57  0.96775039109441130     
          23          58  0.97100050075010813     
          23          59  0.97461905258758574     
          23          60  0.98567487780659957     
          24          61  0.96717811607760618     
          26          62  0.93187066465152557     
          28          63  0.85798107466858664     
          33          64  0.96180207897597292     
          35          65  0.98152323141374187     
          35          66  0.98050651256423793     
          35          67  0.96630140295645617     
          36          68  0.96712127010776849     
          38          69  0.97261592557690246     
          38          70  0.97202307510352326     
          38          71  0.98568509766787482     
          39          72  0.96778132723675725     
