   -0.03593392
   -0.03532885
    0.01052457
   -0.03598391
   -0.02805614
   -0.02752807
   -0.03153849
    0.01363807
   -0.04343682
   -0.00582896
    0.03706836
    0.04049744
    0.00060928
   -0.04018196
    0.01774297
   -0.03338146
   -0.02762225
   -0.02802144
   -0.03222785
    0.01600371
   -0.03010379
   -0.03011646
   -0.12120077
    0.28203313
   -0.01510495
    0.08602118
   -0.11243121
   -0.04551930
   -0.01515388
   -0.02386506
   -0.40901070
    0.09329214
    0.35407356
   -0.35399160
   -0.38464250
   -0.10919573
    0.28018065
   -0.02932192
    0.07937892
   -0.12181314
   -0.04832310
   -0.01925860
    0.00661408
   -0.40609065
    0.04360001
    0.03832753
    0.03326794
    0.03399013
    0.03772598
    0.04667101
    0.04351563
    0.08506745
    0.08034840
    0.03550534
    0.03482568
    0.03350975
    0.03356964
    0.03656339
    0.04203799
    0.01551117
    0.06699792
    0.06285578
    0.07291088
    0.34766005
    0.07066872
    0.06740501
