           1           2   1.5697574010738113     
           2           3   1.2723648786849064     
           3           4   1.2829018166565695     
           4           5   1.5541844131583480     
           5           6   1.3232386583606710     
           4           7  0.11833455114787647     
           6           7   1.5549456362759748     
           3           8   1.2535622480767055     
           7           8   1.2811546623693091     
           2           9  0.11167937550378618     
           8           9   1.2747406164989739     
           1          10   1.2869802550777880     
           9          10   1.5292316222128248     
          10          11  0.98429398422691994     
          11          12  0.96068117275386999     
          12          13  0.98461501615938674     
          13          14   1.5196439546624421     
          14          15   1.2868004080620850     
          15          16   1.2758960425915067     
          16          17   1.5603508542055589     
          17          18   1.3185635194105430     
          16          19  0.11862513263399882     
          18          19   1.5589656701046493     
          15          20   1.2493963714742924     
          19          20   1.2790629036502461     
          14          21  0.11662035273115531     
          20          21   1.2810596428943823     
          13          22   1.3011479674491004     
          21          22   1.5559978890869786     
          12          23  0.95657989618048334     
          23          24   1.1980580671284031     
          24          25   1.0067206464926244     
          25          26   1.5296512943246261     
          26          27   1.0079114168827088     
          26          28   1.2510219997488063     
          25          29  0.10789208795985897     
          28          29   1.6319914727450748     
          25          30   1.1381202183454522     
          29          30   1.1868840928018050     
          23          31  0.18594000865782950     
          24          31   1.6696171834280893     
          23          32  0.97957938002277001     
          32          33  0.90992306565990955     
          33          34   1.1600436007403776     
          33          35   1.7750791022030215     
          34          35  0.18045102653702069     
          11          36  0.94347873845422603     
          32          36   1.0001315775160493     
          36          37   1.1976423802538079     
          37          38   1.0013486029396002     
          38          39   1.5204564980296906     
          39          40   1.0084827384158304     
          39          41   1.2548944308671164     
          38          42  0.10639738171292812     
          41          42   1.6232978751941149     
          38          43   1.1449704210701503     
          42          43   1.2034600110233045     
          36          44  0.18708069852868608     
          37          44   1.6760335785943332     
           1          45  0.96808084745200440     
           2          46  0.96748934289758592     
           4          47  0.96838521719862158     
           5          48  0.97087337011789610     
           6          49  0.97060207980706736     
           7          50  0.96711147862054070     
           9          51  0.96160632451224037     
          11          52  0.94970226214575104     
          12          53  0.94703291251001998     
          14          54  0.96617098795522394     
          16          55  0.96823540415503351     
          17          56  0.97089725653174941     
          18          57  0.97092501438621515     
          19          58  0.96814611818628415     
          21          59  0.96698952617102285     
          22          60  0.96732133151917132     
          28          61  0.96115073736089562     
          29          62  0.96702503510854609     
          32          63  0.92217016378360916     
          34          64  0.85260151315677657     
          41          65  0.96092203628518180     
          42          66  0.96627871417912925     
