    0.14319356
   -0.27854638
    0.04177211
   -0.06295271
   -0.02999989
   -0.03783064
   -0.03179667
   -0.01576100
    0.03963165
    0.03987565
   -0.01372378
   -0.02950163
   -0.04001002
   -0.03093410
   -0.06396747
    0.14502341
   -0.26813591
    0.03780410
   -0.10709962
    0.27255928
   -0.01793547
   -0.02186193
   -0.03331534
    0.01213745
   -0.01354949
   -0.10408971
   -0.10347968
   -0.03830519
   -0.03374602
   -0.42497672
    0.09029822
    0.36023544
   -0.36724120
   -0.39341176
   -0.11003778
    0.27198708
   -0.02299985
   -0.02506644
   -0.03749976
    0.01329443
   -0.01409869
   -0.10334827
   -0.10207484
   -0.03323794
   -0.03699279
   -0.41979784
    0.04491851
    0.06428225
    0.03694980
    0.03876658
    0.03872175
    0.04172744
    0.05673799
    0.08021213
    0.09002403
    0.02652628
    0.03558334
    0.03724229
    0.03943522
    0.06101988
    0.04661986
    0.03974528
    0.04383451
    0.03852251
    0.03135395
    0.03846669
    0.03853940
    0.03355654
    0.03577768
    0.03936151
    0.03855014
    0.03108303
    0.02694963
    0.06907277
    0.33982987
    0.04136955
    0.03521047
    0.03307253
    0.03899148
    0.03621476
    0.03834555
    0.03841206
    0.03590470
    0.03376793
    0.03780202
    0.04701226
