           1           2   1.0442577336896677     
           2           3  0.98227791986207524     
           1           4   1.3823519459797777     
           4           5   1.4370065628149147     
           5           6   1.4412718024935742     
           4           7  0.10394521871503014     
           6           7   1.4311410223888232     
           1           8   1.3338366598436244     
           5           8  0.10734795808469569     
           7           8   1.4306402827064024     
           8           9  0.98947844160041998     
           9          10  0.95883701768173157     
          10          11  0.99010277843130146     
          11          12   1.4367597189046228     
          12          13   1.4278596145249192     
          11          14  0.10648742312968404     
          13          14   1.4408043182381420     
          12          15  0.10219499438910105     
          14          15   1.4377887348405987     
          11          16   1.3256781257773655     
          15          16   1.3780740387375330     
          16          17   1.0635718496165480     
          17          18  0.98319754563861006     
          10          19  0.95343000239937603     
          19          20   1.2139855113648712     
          20          21  0.96280236047722356     
          21          22   1.4042939113607094     
          22          23   1.4505228328151198     
          21          24  0.10686243656028580     
          23          24   1.4082085789875505     
          24          25  0.99929407921392843     
          25          26  0.99839463635322623     
          25          27  0.99556105529417793     
          22          28  0.10653831541728219     
          24          28   1.4104203466886474     
          21          29   1.3972003503130859     
          23          29  0.10905442909948367     
          28          29   1.4466176355338891     
          19          30  0.19083924208139103     
          20          30   1.6850742621201400     
          19          31  0.98377452296041212     
          31          32  0.91254809305770390     
          32          33   1.1450004659320521     
          32          34   1.7699928244085976     
          33          34  0.17414488446917667     
           9          35  0.95047916476224914     
          31          35   1.0011202613889894     
          35          36   1.1960476751659539     
          36          37  0.96895275325242547     
          37          38   1.4043859931825720     
          38          39   1.4435365005315033     
          37          40  0.10578571384281821     
          39          40   1.4148229166221109     
          40          41  0.99946092545393750     
          41          42  0.99656539567505042     
          41          43  0.99709667615016861     
          38          44  0.10838331225640795     
          40          44   1.4032469475406846     
          37          45   1.3904296658185782     
          39          45  0.10771793951142547     
          44          45   1.4569266475340923     
          35          46  0.18679485782269933     
          36          46   1.6953209226134662     
           3          47  0.97604069567988172     
           3          48  0.97817151159902260     
           3          49  0.97595356484452989     
           4          50  0.96511873661543301     
           5          51  0.97080049515913691     
           6          52  0.97020024045730302     
           7          53  0.96560566031605333     
           9          54  0.95051109229048114     
          10          55  0.94717926021187604     
          12          56  0.96688739643282817     
          13          57  0.97097054281359285     
          14          58  0.97104330156456109     
          15          59  0.96549197972947087     
          18          60  0.97962904759357039     
          18          61  0.97657193949647059     
          18          62  0.97618896219020290     
          22          63  0.96904467220653201     
          23          64  0.96584676659695068     
          25          65  0.96716902260073634     
          26          66  0.98498414368980702     
          26          67  0.98566629854021259     
          26          68  0.98657628303163292     
          27          69  0.98738583997506413     
          27          70  0.98545257806066711     
          27          71  0.98531344512267638     
          28          72  0.96699927019850784     
          29          73  0.96627686538816882     
          31          74  0.91825461305242173     
          33          75  0.85773764164986299     
          38          76  0.96892096422464624     
          39          77  0.96730555443854327     
          41          78  0.96782499015138801     
          42          79  0.98524194721371028     
          42          80  0.98730667111303361     
          42          81  0.98543480814459194     
          43          82  0.98568109751692135     
          43          83  0.98520097709560006     
          43          84  0.98529176317958689     
          44          85  0.96570790044725507     
          45          86  0.96694667813706059     
