   -0.02861794
   -0.02283522
   -0.02509987
   -0.02596406
   -0.03739743
   -0.00517378
    0.02868004
    0.03776497
   -0.00084708
   -0.03020583
   -0.02433379
   -0.02706408
   -0.02852793
   -0.03984734
   -0.10190015
    0.26708142
    0.08437641
   -0.04110955
   -0.07141611
    0.20622586
   -0.11132835
   -0.18611684
   -0.42619593
    0.09020488
    0.35872615
   -0.35230665
   -0.38851000
   -0.11100063
    0.27362572
    0.08343312
   -0.06240109
   -0.07597807
    0.19846797
   -0.11740443
   -0.16321959
   -0.39654638
    0.03424544
    0.04295006
    0.04201091
    0.04027519
    0.03027128
    0.06008728
    0.08234481
    0.06097235
    0.04223291
    0.03820008
    0.03355288
    0.02879495
    0.08337074
    0.07320585
    0.10966534
    0.34475594
    0.05683765
    0.06898794
