           1           2   1.4471964403833852     
           2           3   1.4367125723126859     
           1           4  0.11136980953234084     
           3           4   1.4399190806356397     
           2           5  0.11034071512663840     
           4           5   1.4431063148363892     
           1           6   1.4103990660467183     
           3           6  0.10914841348296338     
           5           6   1.4124620660591509     
           6           7  0.98652114990578543     
           7           8  0.96525654304580344     
           8           9  0.98141716303880266     
           9          10   1.4106706972067160     
          10          11   1.4459160158663553     
           9          12  0.10925913305216307     
          11          12   1.4375898814524286     
          10          13  0.11193926151056004     
          12          13   1.4406031253267311     
           9          14   1.4152197991039268     
          11          14  0.11061081579402340     
          13          14   1.4404865404349627     
           8          15  0.94986073063928023     
          15          16   1.1973306850668395     
          16          17   1.0303292237037769     
          17          18   1.5273597904246048     
          18          19   1.3160912957990887     
          17          20  0.12519861982798469     
          19          20   1.5226040114479078     
          20          21   1.0132776508046235     
          17          22   1.0742723746961078     
          20          22   1.1335985649850524     
          15          23  0.18323729054855595     
          16          23   1.6401273246213031     
          15          24  0.99545372163516987     
          24          25  0.91214485669629208     
          25          26   1.1621647107364654     
          25          27   1.7773309826018087     
          26          27  0.18252757479448772     
           7          28  0.95514886693165202     
          24          28  0.98122733852117827     
          28          29   1.2080954457766988     
          29          30  0.96325509284780453     
          30          31   1.5609263464267515     
          31          32   1.2937927990943339     
          30          33  0.13024506657670784     
          32          33   1.5392347994442375     
          33          34   1.0073644891063087     
          30          35   1.1020219421042019     
          33          35   1.1325965889775333     
          28          36  0.19634221538245161     
          29          36   1.7027087479078562     
           1          37  0.96849962665400846     
           2          38  0.97031764016322608     
           3          39  0.97068937190123605     
           4          40  0.97035087594766090     
           5          41  0.96832923131491766     
           7          42  0.95298155109328286     
           8          43  0.95308762883069031     
          10          44  0.96498798646825079     
          11          45  0.97013173266646580     
          12          46  0.97088029257824326     
          13          47  0.97105170946622599     
          14          48  0.96490024254946272     
          18          49  0.96856897981657264     
          19          50  0.97039210061759629     
          24          51  0.91510147628047811     
          26          52  0.85495986134405288     
          31          53  0.97230436962474776     
          32          54  0.97104513663539049     
