   -0.03274973
   -0.02639798
   -0.02887445
   -0.02893773
   -0.03873459
   -0.00364227
    0.03668655
    0.03780009
    0.00246160
   -0.02869841
   -0.02472262
   -0.02734702
   -0.02770847
   -0.03280792
   -0.12238971
    0.27616624
   -0.01951171
   -0.05165962
   -0.05481650
    0.07631514
   -0.11565438
    0.09454138
   -0.41391730
    0.09058959
    0.35107956
   -0.36128602
   -0.37978765
   -0.10674815
    0.27505809
   -0.02121724
   -0.04954087
   -0.05421661
    0.07762392
   -0.11718940
    0.06374581
   -0.40915685
    0.05720147
    0.04153074
    0.03848640
    0.04006789
    0.03741171
    0.07926996
    0.07848735
    0.04621551
    0.04255902
    0.03959004
    0.03648437
    0.02285648
    0.03921095
    0.06219607
    0.07203032
    0.35002386
    0.04666066
    0.06536244
