           1           2   1.4484508923106940     
           2           3   1.4351572173342635     
           1           4  0.11246309939633493     
           3           4   1.4433195614625323     
           2           5  0.11046252384199838     
           4           5   1.4375055091645059     
           1           6   1.4082341283572111     
           3           6  0.10902028343550051     
           5           6   1.4176390592515689     
           6           7  0.98208002976959441     
           7           8  0.97018762358259747     
           8           9  0.98523340381811353     
           9          10   1.4169614354958733     
          10          11   1.4410142980534038     
           9          12  0.10965548532751937     
          11          12   1.4421190603593228     
          10          13  0.11087970313992408     
          12          13   1.4356885417754375     
           9          14   1.4108277801644324     
          11          14  0.11196150969180994     
          13          14   1.4480351303882848     
           8          15  0.94730883315915226     
          15          16   1.1849941190275732     
          16          17   1.0074854724335092     
          17          18   1.5452415107006088     
          18          19   1.2963838606936131     
          19          20   1.5455592958832598     
          20          21   1.0200808493919866     
          17          22   1.1699348201842346     
          20          22   1.1998736343849190     
          15          23  0.18293250143433171     
          16          23   1.6794915505520454     
          15          24  0.99179069915907159     
          24          25  0.90292822530929484     
          25          26   1.1606177445147445     
          25          27   1.7816657229149637     
          26          27  0.18212510774622309     
           7          28  0.94163241579427492     
          24          28  0.99691564904983954     
          28          29   1.2102847608487612     
          29          30  0.97739248080747565     
          30          31   1.5675572511908702     
          31          32   1.2812641710889734     
          30          33  0.10182527613194661     
          32          33   1.5607943810233436     
          33          34   1.0216468310332023     
          30          35   1.1675543798116781     
          33          35   1.1820526962802731     
          28          36  0.19392093809028702     
          29          36   1.6850240871688689     
           1          37  0.96562436959368081     
           2          38  0.97018232443376884     
           3          39  0.97081114417252923     
           4          40  0.97060635337514611     
           5          41  0.96518010893548922     
           7          42  0.95353728409184857     
           8          43  0.94948339593691933     
          10          44  0.96722933698349411     
          11          45  0.97020890704498419     
          12          46  0.97087534995643543     
          13          47  0.97081838877618942     
          14          48  0.96837590804841667     
          18          49  0.96000012101879806     
          19          50  0.96284855125651858     
          24          51  0.92253115052754808     
          26          52  0.85095446439345912     
          31          53  0.96068654881804216     
          32          54  0.96185831599815330     
