   -0.03154582
   -0.02875845
   -0.02827530
   -0.03236046
    0.01439268
    0.01732027
   -0.03286624
   -0.02608154
   -0.02856865
    0.00345669
    0.04407695
    0.03614714
   -0.01568156
   -0.03897491
   -0.03066802
   -0.03369418
    0.01424600
    0.00856321
   -0.03808675
   -0.02623168
   -0.02758161
   -0.03444327
   -0.15748965
    0.27380821
   -0.03889354
   -0.01511198
    0.03308173
   -0.02342131
   -0.05414441
   -0.40938825
    0.07912907
    0.34514540
   -0.35557979
   -0.35174537
   -0.12282733
    0.28126993
   -0.03394836
   -0.01212916
    0.01156806
   -0.02687217
   -0.05105771
   -0.40854181
    0.03627563
    0.03345570
    0.02365998
    0.01638495
    0.03861408
    0.03924595
    0.03528080
    0.05466961
    0.07611753
    0.03173874
    0.04061966
    0.03899560
    0.05730998
    0.03755380
    0.03462453
    0.03503047
    0.06494897
    0.05793686
    0.04210640
    0.06958176
    0.33665944
    0.06672361
    0.05069324
    0.03453662
