           1           2   1.5560435240788983     
           2           3   1.3231638116964679     
           1           4  0.11779897640711789     
           3           4   1.5529163433144439     
           4           5   1.2846367737405402     
           1           6   1.2810818318161155     
           5           6   1.2510016973105131     
           6           7   1.2791829352916857     
           7           8   1.5529087897026619     
           8           9   1.3273216664386720     
           5          10   1.2537217849637354     
           7          10  0.11482042449734976     
           9          10   1.5222327562884248     
          10          11  0.99155954513781996     
          11          12  0.95445941051048988     
          12          13  0.98982875659546521     
          13          14   1.5235622360071668     
          14          15   1.3258045424581293     
          13          16  0.11462073581361865     
          15          16   1.5516640598809077     
          16          17   1.2812954985498783     
          13          18   1.2523695454841552     
          17          18   1.2506274523153915     
          18          19   1.2846254071371384     
          19          20   1.5532511065380079     
          20          21   1.3230555521982210     
          17          22   1.2790409525428776     
          19          22  0.11897277103410428     
          21          22   1.5568025466903095     
          12          23  0.94076600036110325     
          23          24   1.1515837409552472     
          24          25  0.98948113224608536     
          25          26   1.5613769612191739     
          26          27   1.2295045231293096     
          26          28  0.10639588648609653     
          27          28   1.2000377281732124     
          25          29   1.2295959513487593     
          28          29   1.6395120667368905     
          23          30  0.17097543368857396     
          24          30   1.7091118206199671     
          23          31  0.98875742356928575     
          31          32  0.89958611361204077     
          32          33   1.1513267495762429     
          32          34   1.8040416590701094     
          33          34  0.17103352650235615     
          11          35  0.95547317026323753     
          31          35  0.98813661922839069     
          35          36   1.1875513391334986     
          36          37  0.95876015817636950     
          37          38   1.5991177665819605     
          38          39   1.2058554309643095     
          38          40  0.11069977526999382     
          39          40   1.2002169162771428     
          37          41   1.2286624197210263     
          40          41   1.6333098294379000     
          35          42  0.18690783478801626     
          36          42   1.7097048543927240     
           1          43  0.96787643945573798     
           2          44  0.97075272576827021     
           3          45  0.97060744453858860     
           4          46  0.96177031982085714     
           7          47  0.96769772673886412     
           8          48  0.96992551725549991     
           9          49  0.96694593697750197     
          11          50  0.94815990103705849     
          12          51  0.94662724403181575     
          14          52  0.96082037261008746     
          15          53  0.96994713474367611     
          16          54  0.96744636649060456     
          19          55  0.95557241792039394     
          20          56  0.97065335094079441     
          21          57  0.97050796766787195     
          22          58  0.96786406554541249     
          26          59  0.96799695747810488     
          28          60  0.96951000277886901     
          29          61  0.96174572170720718     
          31          62  0.91796784966742617     
          33          63  0.84175765433617911     
          38          64  0.96832090030429296     
          40          65  0.97013639969573484     
          41          66  0.96276088823100037     
