   -0.02530798
    0.48896047
   -0.21729843
   -0.20252721
   -0.20939445
   -0.01924354
   -0.01905932
   -0.01376110
   -0.02053538
    0.02372407
    0.05319843
    0.03931135
    0.00853846
   -0.03382684
    0.48515733
   -0.21209257
   -0.19675835
   -0.21395520
   -0.02241880
   -0.02232095
   -0.01842897
   -0.02584585
   -0.12001532
    0.27673158
   -0.01037710
   -0.03252251
   -0.02648168
   -0.03036759
    0.09160797
   -0.14124372
   -0.02524543
   -0.39310917
    0.09146826
    0.34899161
   -0.34811475
   -0.39481255
   -0.12837990
    0.28272597
   -0.01176992
   -0.03896925
    0.08543054
   -0.15219207
   -0.03277821
   -0.02493179
   -0.01820039
   -0.40604354
    0.06990820
    0.06133827
    0.06000476
    0.05046495
    0.05932396
    0.06438157
    0.07180973
    0.06300726
    0.06088936
    0.05223707
    0.03632574
    0.04734772
    0.06355180
    0.07163533
    0.10793208
    0.34545884
    0.06514713
    0.06126954
    0.05381448
    0.06663600
