           1           2  0.95178431795200558     
           2           3  0.93715835489045507     
           2           4  0.95254928089780455     
           2           5  0.93991133098444002     
           1           6   1.4088769503495930     
           6           7   1.4461513381621971     
           1           8  0.10539938292370994     
           7           8   1.4310435459216695     
           6           9  0.10892013560431626     
           8           9   1.4500025157233487     
           1          10   1.3877095298687401     
           7          10  0.10788221986330529     
           9          10   1.4061589440516664     
          10          11  0.99653970593843211     
          11          12  0.94512791484248448     
          12          13  0.99306905964688141     
          13          14   1.3853919128666929     
          14          15  0.94902145633446977     
          15          16  0.93831802668112152     
          15          17  0.95831797965501064     
          15          18  0.93818761975861853     
          14          19   1.4128155427616724     
          13          20  0.10867720297405790     
          19          20   1.4438138314618281     
          14          21  0.10484601330507046     
          20          21   1.4322101301420134     
          13          22   1.4085801855663282     
          19          22  0.10883132906752802     
          21          22   1.4481199696126650     
          12          23  0.96636792811292871     
          23          24   1.1753695570156053     
          24          25  0.96299333595024694     
          25          26   1.4001019443507678     
          26          27   1.4381414451892740     
          25          28  0.10664639479932514     
          27          28   1.4397347855726446     
          26          29  0.10031087476024118     
          28          29   1.4076272286648708     
          29          30  0.99198010143356208     
          25          31   1.4054712007261454     
          27          31  0.10865589901238162     
          29          31   1.4134633091180562     
          23          32  0.18296668064613220     
          24          32   1.7238738358835064     
          23          33  0.97924747941536361     
          33          34  0.91185117465766063     
          34          35   1.1709359321115091     
          34          36   1.7646382680240158     
          35          36  0.18431158471314013     
          11          37  0.96269246813637932     
          33          37  0.99311282461314154     
          37          38   1.1639286075039434     
          38          39  0.97633263707906415     
          39          40   1.3992287629961089     
          40          41   1.4169439618361539     
          41          42  0.98701394386075592     
          39          43  0.10553385379101374     
          41          43   1.4057162440052182     
          40          44  0.10745790919628673     
          43          44   1.4377767061348712     
          39          45   1.3972622251806766     
          44          45   1.4413938357771248     
          37          46  0.17427534310763115     
          38          46   1.7128707212261398     
           6          47  0.96539963667145201     
           7          48  0.96823063410425902     
           8          49  0.96827177551765586     
           9          50  0.96606388032426271     
          11          51  0.95033600765816040     
          12          52  0.95499018122508006     
          19          53  0.96478494997801834     
          20          54  0.96808011381567138     
          21          55  0.96826336366178900     
          22          56  0.96264613633248741     
          26          57  0.96874636621281907     
          27          58  0.96797376944903157     
          28          59  0.96740401855117331     
          31          60  0.96536683590852579     
          33          61  0.91983745297842967     
          35          62  0.85389516784191655     
          40          63  0.96281195767912797     
          43          64  0.96753657406065530     
          44          65  0.96720836852648329     
          45          66  0.96630195647963724     
