   -0.03197502
   -0.02927250
   -0.02914587
   -0.03463719
    0.01581923
    0.01949002
   -0.03285521
   -0.02682756
   -0.03412243
    0.01027537
    0.04193743
    0.04724551
    0.00529722
   -0.03587142
   -0.02826793
   -0.03362592
    0.01734076
    0.01716936
   -0.03050564
   -0.02782011
   -0.02862402
   -0.03240171
   -0.12886120
    0.27362378
   -0.01994739
   -0.02690680
   -0.02985349
    0.05933990
   -0.11983660
   -0.03221120
   -0.02433536
   -0.40481317
    0.09126397
    0.35082760
   -0.37042053
   -0.37693965
   -0.13165394
    0.27746550
   -0.02006335
   -0.02542519
   -0.02958904
    0.06145345
   -0.11525373
   -0.03032882
   -0.02057136
   -0.39021074
    0.03595077
    0.03304561
    0.02857635
    0.02089358
    0.03803528
    0.03710943
    0.03845033
    0.07234044
    0.05314259
    0.04178858
    0.03586568
    0.03710956
    0.02901226
    0.03326688
    0.03346652
    0.03498295
    0.04225628
    0.05899257
    0.05849895
    0.05359364
    0.05914203
    0.34831635
    0.04255015
    0.05916785
    0.06089935
    0.05817099
