           1           2   1.5547268405076573     
           2           3   1.3249928732197980     
           1           4  0.11801914539712033     
           3           4   1.5515406611983467     
           4           5   1.2882994645553605     
           1           6   1.2818961983815356     
           5           6   1.2583813901515637     
           6           7   1.2724574803540907     
           7           8   1.5616309406415345     
           8           9   1.3170867459152478     
           5          10   1.2405470854779677     
           7          10  0.11427328218175359     
           9          10   1.5332745881154628     
          10          11  0.99630090566601170     
          11          12  0.95932854313651450     
          12          13  0.99380872091159878     
          13          14   1.5188430628806298     
          14          15   1.3302294734757707     
          13          16  0.11491158000068549     
          15          16   1.5498474718128528     
          16          17   1.2812424193054464     
          13          18   1.2539404368464553     
          17          18   1.2507573040261828     
          18          19   1.2821398117441614     
          19          20   1.5540499909731642     
          20          21   1.3215129537813906     
          17          22   1.2790983304012311     
          19          22  0.11803702573948620     
          21          22   1.5576828152566455     
          12          23  0.93899429663455869     
          23          24   1.2155823530047947     
          24          25  0.94700112598586894     
          25          26   1.4056399669885429     
          26          27   1.4397023835486535     
          25          28  0.10131729271178663     
          27          28   1.4202929187520215     
          28          29  0.97433653763168615     
          26          30  0.10928041873914374     
          28          30   1.4224929425337116     
          25          31   1.4050517925803363     
          27          31  0.10913942274614036     
          30          31   1.4374776058338510     
          23          32  0.19781668586849646     
          24          32   1.7060903641960552     
          23          33  0.97041772531753301     
          33          34  0.91472500239932775     
          34          35   1.1519880807401759     
          34          36   1.7802090976889871     
          35          36  0.18281950699835137     
          11          37  0.94196042456669027     
          33          37  0.98738600413498356     
          37          38   1.1672102719604498     
          38          39  0.96682675557241760     
          39          40   1.3934848945974765     
          40          41   1.4452601925180197     
          41          42   1.4173431157595995     
          42          43  0.97787521439490432     
          40          44  0.10805897828771216     
          42          44   1.4204948729776277     
          39          45   1.4002816690941891     
          41          45  0.10779992446739517     
          44          45   1.4414580999265223     
          37          46  0.17890341830261672     
          38          46   1.7283776530610844     
           1          47  0.96800868650049021     
           2          48  0.97080432850722409     
           3          49  0.97125886899933411     
           4          50  0.96585626618053344     
           7          51  0.96780305513949438     
           8          52  0.97027741877928797     
           9          53  0.96169086657999470     
          11          54  0.93606131172033447     
          12          55  0.94648883835202047     
          14          56  0.96188198318184548     
          15          57  0.97027962895401232     
          16          58  0.96776507986734683     
          19          59  0.95866260277092707     
          20          60  0.97095905022918227     
          21          61  0.97068636638166894     
          22          62  0.96790902276843271     
          26          63  0.96705252558951638     
          27          64  0.96759330827967449     
          30          65  0.96738747063327457     
          31          66  0.96659335559409387     
          33          67  0.94676398989607957     
          35          68  0.85191623894289070     
          40          69  0.96690963144135300     
          41          70  0.96734798494968377     
          44          71  0.96721554418358857     
          45          72  0.96588824093179504     
