   -0.03219609
   -0.03092569
    0.01638359
   -0.03301083
   -0.02858313
   -0.02837375
   -0.03187887
    0.01810204
   -0.03562352
    0.00070593
    0.04050051
    0.03516330
   -0.00509617
   -0.04121865
    0.01538857
   -0.03386352
   -0.02841306
   -0.02864081
   -0.03279706
    0.01506895
   -0.03199613
   -0.03093187
   -0.11431919
    0.26931913
   -0.01452539
   -0.03273560
   -0.02876926
   -0.03577968
    0.01578428
    0.02594410
   -0.10657473
   -0.10959456
   -0.10715252
   -0.02642609
   -0.46425870
    0.08327970
    0.35462832
   -0.37256597
   -0.37122518
   -0.11161902
    0.27303992
   -0.02370924
   -0.04071734
    0.01449686
    0.02568666
   -0.10836078
   -0.10746575
   -0.10829782
   -0.03750849
   -0.03121598
   -0.02920038
   -0.42254698
    0.04843148
    0.03958274
    0.03397402
    0.03194950
    0.03211471
    0.03082687
    0.02073326
    0.07984134
    0.05680717
    0.03117762
    0.03346934
    0.03449653
    0.03557918
    0.03719984
    0.04020651
    0.02924295
    0.03019057
    0.03882221
    0.04665419
    0.03449262
    0.04106820
    0.03500143
    0.03884838
    0.04100072
    0.03626632
    0.03704618
    0.04093974
    0.04206441
    0.04040015
    0.05901918
    0.36499309
    0.05054645
    0.04741385
    0.04149231
    0.03057280
    0.04033621
    0.04420712
    0.03409261
    0.03608465
    0.03553235
    0.03897129
    0.04275813
    0.03426556
    0.03591217
