           1           2   1.5652151803086647     
           2           3   1.2758526700782673     
           3           4   1.2819218964045396     
           4           5   1.5559784461246242     
           5           6   1.3213953838167185     
           4           7  0.11818071951277342     
           6           7   1.5568654118063039     
           3           8   1.2513015155959852     
           7           8   1.2797566215933340     
           2           9  0.11416330667294279     
           8           9   1.2793661312715601     
           1          10   1.2920103266257108     
           9          10   1.5301107187131389     
          10          11  0.98326802481222253     
          11          12  0.96066923178302321     
          12          13  0.98752061510200884     
          13          14   1.5228671579126931     
          14          15   1.2835245815272454     
          15          16   1.2770626581349509     
          16          17   1.5588959364214559     
          17          18   1.3195797327606908     
          16          19  0.11845627363010293     
          18          19   1.5561947204692061     
          15          20   1.2503293940011375     
          19          20   1.2789452479501637     
          14          21  0.11406496827096430     
          20          21   1.2770409801405767     
          13          22   1.2949331803861606     
          21          22   1.5630860325407465     
          12          23  0.95391464490933509     
          23          24   1.2742598098569315     
          24          25  0.97646163008701048     
          25          26   1.3896917418904720     
          26          27   1.4481840226846241     
          25          28  0.10505760007346698     
          27          28   1.4343213620550606     
          26          29  0.10849621846004583     
          28          29   1.4167799752672343     
          29          30  0.98471717036267159     
          30          31  0.98820289191986443     
          30          32  0.99972255310456248     
          30          33  0.98391264837182424     
          25          34   1.4141529253568750     
          27          34  0.10826880696694070     
          29          34   1.4052497621462596     
          23          35  0.18394960690059775     
          24          35   1.5856153405438496     
          23          36  0.95518695255787522     
          36          37  0.89170660242998434     
          37          38   1.2079430818414258     
          37          39   1.7710557109415341     
          38          39  0.18383884080157242     
          11          40  0.95419435140282671     
          36          40   1.0076012417204505     
          40          41   1.1868070461798981     
          41          42  0.97228303520918757     
          42          43   1.4114600927816876     
          43          44   1.4070828389378804     
          44          45  0.98481412227039478     
          45          46  0.98581103226021938     
          45          47  0.98613407117043483     
          45          48  0.99987187823103163     
          42          49  0.10391181331490464     
          44          49   1.4163289152575997     
          43          50  0.10924427139928633     
          49          50   1.4349511392619803     
          42          51   1.3915390576702438     
          44          51  0.10819987629884216     
          50          51   1.4479509153790631     
          40          52  0.18336914601120227     
          41          52   1.6944962588752150     
           1          53  0.96701632985304953     
           2          54  0.96744007841696000     
           4          55  0.96833342456958904     
           5          56  0.97103523444889195     
           6          57  0.97103175001607278     
           7          58  0.96833079712683867     
           9          59  0.96300868608089285     
          11          60  0.95041184123948619     
          12          61  0.95143947696930331     
          14          62  0.96510012369629228     
          16          63  0.96825948281971952     
          17          64  0.97081019196687601     
          18          65  0.97080055733262438     
          19          66  0.96810990883308490     
          21          67  0.96764545524899059     
          22          68  0.96712812264038839     
          26          69  0.96852699550663646     
          27          70  0.96968045183723095     
          28          71  0.96507249107828741     
          31          72  0.98263250126892121     
          31          73  0.98413477813754047     
          31          74  0.98271942298836434     
          32          75  0.98413208942971253     
          32          76  0.98410531380945199     
          32          77  0.98479592927912096     
          33          78  0.98652616413607941     
          33          79  0.98390489040245677     
          33          80  0.98376621754544979     
          34          81  0.96344464659723550     
          36          82  0.93632041151429135     
          38          83  0.75744026473088755     
          43          84  0.96008020545976391     
          46          85  0.98190817360554938     
          46          86  0.98394956454162019     
          46          87  0.98702154616791216     
          47          88  0.98411849654457451     
          47          89  0.98266380408014475     
          47          90  0.98685362310280289     
          48          91  0.98467120215701742     
          48          92  0.98468063684050133     
          48          93  0.98420869629834018     
          49          94  0.96545555825016760     
          50          95  0.97009211016870300     
          51          96  0.96956431708158330     
