   -0.03084748
   -0.03298160
    0.01471444
   -0.03356427
   -0.02877120
   -0.02828396
   -0.03246432
    0.01821494
   -0.03372016
    0.01058311
    0.04798493
    0.04725662
    0.00682813
   -0.03446218
    0.01714834
   -0.03282819
   -0.02882851
   -0.02912919
   -0.03391298
    0.01402564
   -0.03338226
   -0.03790743
   -0.11557781
    0.27542174
   -0.04191386
   -0.01465604
   -0.03565698
    0.03057732
    0.00020188
   -0.03022251
   -0.03122708
   -0.03204127
   -0.04031263
   -0.40615296
    0.09102736
    0.35012294
   -0.36827200
   -0.37923345
   -0.11802413
    0.27485389
   -0.04322632
   -0.00840791
   -0.03109501
    0.03399831
   -0.00084548
   -0.03586079
   -0.03192754
   -0.02908880
   -0.03467468
   -0.40706492
    0.02406631
    0.03639080
    0.03332055
    0.03263664
    0.03321062
    0.03552340
    0.03837644
    0.05880015
    0.05623529
    0.03582401
    0.03417403
    0.03208662
    0.03167641
    0.03278900
    0.03650019
    0.04860770
    0.04584404
    0.04476376
    0.04273660
    0.04155434
    0.04401261
    0.06521798
    0.34597953
    0.05779214
    0.03452749
    0.03962776
    0.04402327
    0.04730861
