           1           2   1.5659218870434106     
           2           3   1.2748078159928227     
           3           4   1.2825554667537253     
           4           5   1.5555276378992058     
           5           6   1.3213816059618890     
           4           7  0.11811439527597872     
           6           7   1.5573410270421442     
           3           8   1.2513438582670235     
           7           8   1.2790916765747529     
           2           9  0.11390474287570644     
           8           9   1.2810219056639838     
           1          10   1.2919760044850992     
           9          10   1.5276807839474384     
          10          11  0.99052739929852762     
          11          12  0.95615457759490774     
          12          13  0.98907317248611148     
          13          14   1.5282880720078429     
          14          15   1.2809341608508773     
          15          16   1.2789863565758643     
          16          17   1.5574467945129247     
          17          18   1.3211855195345947     
          16          19  0.11813455777492696     
          18          19   1.5558811154990249     
          15          20   1.2513320326524773     
          19          20   1.2820564190432933     
          14          21  0.11408639868591650     
          20          21   1.2756246953784367     
          13          22   1.2927190915345677     
          21          22   1.5646456494731811     
          12          23  0.94867626501952385     
          23          24   1.2048805778882250     
          24          25  0.94782975035934403     
          25          26   1.6534041584687182     
          25          27  0.10021727526128746     
          26          27   1.1519011716517078     
          27          28   1.1070702494685045     
          25          29   1.1542177964871436     
          28          29   1.2908026494656706     
          29          30   1.3330692963180446     
          30          31   1.4957708277686592     
          31          32   1.3830323358656120     
          28          33   1.3762930004978613     
          30          33  0.11168164437901804     
          32          33   1.4759890823641519     
          23          34  0.19427980535907963     
          24          34   1.7076004740080870     
          23          35  0.98651555915475309     
          35          36  0.90526780653220695     
          36          37   1.1526208700485059     
          36          38   1.7812425561426786     
          37          38  0.18196012081630741     
          11          39  0.95047527230532125     
          35          39  0.98571667410991237     
          39          40   1.1873132487372089     
          40          41  0.96481823363815711     
          41          42   1.6367803382817314     
          42          43   1.1656170214380506     
          43          44   1.1027784264204941     
          41          45   1.1552293133716591     
          44          45   1.2952722823281690     
          45          46   1.3290025979450140     
          46          47   1.4946062496640677     
          47          48   1.3824526364361898     
          44          49   1.3772949520421407     
          46          49  0.11092975396105750     
          48          49   1.4767425118883706     
          39          50  0.18625955990211776     
          40          50   1.7066054642691733     
           1          51  0.96658502041646521     
           2          52  0.96789964753086855     
           4          53  0.96835947331857297     
           5          54  0.97101333731403794     
           6          55  0.97091040009326446     
           7          56  0.96818788960090552     
           9          57  0.96534134243488068     
          11          58  0.95275244224807665     
          12          59  0.95286288860415924     
          14          60  0.96530292903840720     
          16          61  0.96826769802141743     
          17          62  0.97097902716312545     
          18          63  0.97106220472669291     
          19          64  0.96840608938314854     
          21          65  0.96790110290876319     
          22          66  0.96139277664086809     
          26          67  0.96982803302460263     
          30          68  0.96535115277908856     
          31          69  0.97023030268556854     
          32          70  0.96989422975091888     
          33          71  0.96829298518943530     
          35          72  0.93827029910617044     
          37          73  0.85298658459961074     
          42          74  0.96838396413291417     
          46          75  0.96428512196067018     
          47          76  0.97047286554721846     
          48          77  0.96970529138714034     
          49          78  0.96796500565577326     
