   -0.03496485
   -0.03042811
   -0.02891338
   -0.03639625
    0.00361991
    0.01237764
   -0.03537582
   -0.02649089
   -0.03640892
   -0.01502073
    0.03839850
    0.04312576
   -0.00399580
   -0.03254626
   -0.02873561
   -0.03492800
    0.01614653
    0.00760915
   -0.03628770
   -0.02717644
   -0.02829584
   -0.03336292
   -0.11248764
    0.28149520
   -0.04478831
    0.16897914
   -0.19624935
   -0.06298874
   -0.02208182
    0.02102411
   -0.40109057
    0.09628344
    0.37058167
   -0.36112164
   -0.39535134
   -0.10648183
    0.28171112
   -0.03820051
    0.15725032
   -0.21665817
   -0.06184637
   -0.02889873
    0.07390667
   -0.42463474
    0.03643184
    0.03462479
    0.03439122
    0.03340217
    0.03915802
    0.04637972
    0.05938795
    0.06585130
    0.08338361
    0.03024478
    0.03779257
    0.03826504
    0.03088564
    0.03273991
    0.03448220
    0.03627180
    0.06940854
    0.06891341
    0.06802498
    0.34721647
    0.07043271
    0.07200939
