           1           2   1.5574472661821046     
           2           3   1.3218178159514518     
           1           4  0.11816652972644337     
           3           4   1.5535711824953391     
           4           5   1.2818982149646068     
           1           6   1.2784695262994561     
           5           6   1.2510704942051558     
           6           7   1.2805790479162951     
           7           8   1.5500291149584189     
           8           9   1.3293166273060977     
           5          10   1.2535486673049867     
           7          10  0.11416947166801700     
           9          10   1.5196140005880474     
          10          11  0.98621707632167244     
          11          12  0.95153432645901892     
          12          13  0.98361492111894966     
          13          14   1.5328232699412809     
          14          15   1.3196499153735879     
          13          16  0.11426893021902554     
          15          16   1.5587312700410489     
          16          17   1.2758939471851305     
          13          18   1.2478160247452703     
          17          18   1.2549110013841795     
          18          19   1.2850887815719130     
          19          20   1.5518019340471993     
          20          21   1.3245217725011091     
          17          22   1.2809074793906419     
          19          22  0.11848652640583329     
          21          22   1.5553023733472524     
          12          23  0.96389665120662205     
          23          24   1.1996597192337588     
          24          25  0.98483891686099212     
          25          26   1.5139833108617675     
          26          27  0.98123944141457553     
          26          28   1.2435832753828993     
          25          29  0.11253748378826069     
          28          29   1.6200804792835071     
          25          30   1.1535609746298061     
          29          30   1.2069649977271653     
          23          31  0.19208899786119887     
          24          31   1.6910762236352743     
          23          32  0.98966314626599083     
          32          33  0.90735021117420644     
          33          34   1.1495278012203838     
          33          35   1.7568391566676487     
          34          35  0.16970895512199324     
          11          36  0.95336421432656349     
          32          36  0.97193250899590322     
          36          37   1.2346807157942798     
          37          38   1.0022655417941468     
          38          39   1.5018903642692560     
          39          40  0.96113647279985315     
          39          41   1.2577777563665877     
          38          42  0.10917337259488596     
          41          42   1.6053348831940593     
          38          43   1.1673406534097575     
          42          43   1.2236079667285125     
          36          44  0.18896302342655674     
          37          44   1.6311367300455324     
           1          45  0.96780992067371385     
           2          46  0.97056483926853621     
           3          47  0.97086418564548227     
           4          48  0.95960442651259015     
           7          49  0.96753422849535964     
           8          50  0.96940475370203283     
           9          51  0.96138524625971067     
          11          52  0.94698688459262303     
          12          53  0.94359047008293562     
          14          54  0.96560313816396537     
          15          55  0.97019987926081275     
          16          56  0.96778976219530222     
          19          57  0.96348450324157431     
          20          58  0.97094975029037922     
          21          59  0.97065559096673415     
          22          60  0.96796859056288387     
          28          61  0.96105106181360922     
          29          62  0.96771631164916272     
          32          63  0.94141318214895542     
          34          64  0.85397092688041876     
          41          65  0.96126106483299023     
          42          66  0.96773390427829120     
