   -0.03388326
   -0.02933446
   -0.02900330
   -0.03450925
    0.01002198
    0.01608527
   -0.03545699
   -0.02871103
   -0.02762054
    0.00647978
    0.05176310
    0.04251405
   -0.00428961
   -0.03345016
   -0.02788273
   -0.03498492
    0.01461947
    0.01319347
   -0.03219888
   -0.02729039
   -0.02872367
   -0.03422139
   -0.13077773
    0.28104816
   -0.06781064
    0.11189181
   -0.11277251
   -0.19049245
    0.05008889
   -0.01047583
   -0.10656952
   -0.41352509
    0.09142430
    0.35051537
   -0.36959032
   -0.38042982
   -0.12999665
    0.28197555
   -0.07563321
    0.12579731
   -0.12041708
   -0.18592740
    0.05066968
   -0.02060454
   -0.10711519
   -0.42297825
    0.03534192
    0.03326861
    0.03077236
    0.02601428
    0.03675728
    0.03626462
    0.03069195
    0.05018413
    0.04131244
    0.02724898
    0.03859428
    0.03881048
    0.03130303
    0.03468962
    0.03489575
    0.03515690
    0.05428729
    0.06805044
    0.05566570
    0.04884474
    0.05680204
    0.05541531
    0.04239011
    0.10022696
    0.34152155
    0.06918469
    0.05763535
    0.07702409
    0.05184256
    0.05349870
    0.05098650
    0.04390594
