           1           2   1.5573162893385577     
           2           3   1.3221124680636633     
           1           4  0.11840094141438738     
           3           4   1.5544399226593073     
           4           5   1.2837067465878722     
           1           6   1.2793344754048297     
           5           6   1.2523481691509242     
           6           7   1.2800944417576936     
           7           8   1.5516880821091759     
           8           9   1.3278062757572209     
           5          10   1.2527242500636806     
           7          10  0.11465113215349003     
           9          10   1.5223867006874701     
          10          11  0.99551976401401121     
          11          12  0.94419203190080325     
          12          13  0.99589282954174607     
          13          14   1.5161283156313536     
          14          15   1.3303902428023264     
          13          16  0.11471143837207005     
          15          16   1.5497453830112902     
          16          17   1.2805887746613345     
          13          18   1.2532911426114013     
          17          18   1.2498724309480669     
          18          19   1.2838088553422444     
          19          20   1.5521698338878918     
          20          21   1.3226611899151759     
          17          22   1.2800532664076929     
          19          22  0.11797643731341850     
          21          22   1.5561327126157651     
          12          23  0.95540390856401947     
          23          24   1.1805146204123143     
          24          25  0.97072499430787174     
          25          26   1.5438069795471199     
          26          27   1.0280321861705062     
          26          28   1.1223547583010087     
          26          29  0.14096299950479255     
          28          29   1.1149431268381997     
          25          30   1.2225052075382121     
          29          30   1.5915103586179042     
          30          31   1.0314456913730454     
          23          32  0.18264501820192236     
          24          32   1.7129840035414543     
          23          33  0.97690400471078653     
          33          34  0.91513394709508300     
          34          35   1.1420403730309725     
          34          36   1.7816308042594609     
          35          36  0.18017367810676443     
          11          37  0.96239243047480472     
          33          37  0.99439115588789195     
          37          38   1.1612796371119651     
          38          39   1.0012836854636933     
          39          40   1.5172454373562980     
          40          41   1.0331369392929672     
          40          42   1.1370579250684760     
          40          43  0.13307373339582226     
          42          43   1.1114394789750961     
          39          44   1.2182803138542875     
          43          44   1.5992417683312143     
          44          45   1.0294090801820712     
          37          46  0.17156429591678612     
          38          46   1.6961462710098285     
           1          47  0.96797012973530228     
           2          48  0.97069820675470020     
           3          49  0.97110572663531525     
           4          50  0.96107577161392266     
           7          51  0.96787481699701072     
           8          52  0.97028154157905067     
           9          53  0.96349430060407804     
          11          54  0.94595078999467974     
          12          55  0.95358715961856755     
          14          56  0.96638681970115070     
          15          57  0.96997391373422281     
          16          58  0.96774402679590454     
          19          59  0.95654556553349368     
          20          60  0.97075587576922107     
          21          61  0.97061048271692330     
          22          62  0.96797923802748687     
          27          63  0.98308296066734535     
          27          64  0.97138602466227209     
          27          65  0.96700605561254915     
          29          66  0.96594419386431274     
          31          67  0.98204180747819925     
          31          68  0.96878718337236946     
          31          69  0.97641743638601908     
          33          70  0.91557432501229197     
          35          71  0.85663645007546796     
          41          72  0.96727263949125730     
          41          73  0.96692282778485339     
          41          74  0.97849479840919373     
          43          75  0.96593888774311520     
          45          76  0.96578197230553320     
          45          77  0.97570502744520926     
          45          78  0.97971498086005537     
