    0.14500234
   -0.27885487
    0.04017834
   -0.06303283
   -0.03095834
   -0.03791467
   -0.03511757
   -0.00108263
    0.04706704
    0.04334923
   -0.00491835
   -0.03662156
   -0.04071929
   -0.03115317
   -0.06370635
    0.14751263
   -0.26890704
    0.03822547
   -0.11375172
    0.26058256
    0.07222220
   -0.04626760
   -0.07444208
    0.12585685
   -0.12230659
   -0.21469872
   -0.43290836
    0.08629599
    0.36231278
   -0.35032549
   -0.39671373
   -0.12512493
    0.27100896
    0.06781982
   -0.06935136
   -0.07607945
    0.12390477
   -0.11852123
   -0.17079780
   -0.40204061
    0.04470717
    0.03838938
    0.05791963
    0.03679124
    0.03580976
    0.03655101
    0.05724434
    0.06679566
    0.07156093
    0.04536161
    0.03378933
    0.03613571
    0.03970413
    0.04687985
    0.06247915
    0.03903193
    0.06265781
    0.04537399
    0.06487360
    0.07647744
    0.06167675
    0.07631875
    0.34123550
    0.06545230
    0.04012993
    0.06851435
    0.06578908
    0.05732700
