           1           2   1.0531151445097535     
           2           3  0.98512917145257317     
           1           4   1.3962430525826595     
           4           5   1.4224799741914183     
           5           6   1.4540616747109767     
           4           7  0.10000033947353065     
           6           7   1.4148521449552436     
           1           8   1.3130713841168382     
           5           8  0.10689100796535854     
           7           8   1.4462369432380449     
           8           9  0.99898366169843889     
           9          10  0.96090885455084485     
          10          11  0.99649472164611064     
          11          12   1.4358308814338641     
          12          13   1.4267647259471852     
          11          14  0.10626992509698212     
          13          14   1.4425807836861526     
          12          15  0.10193155782949936     
          14          15   1.4352352454030202     
          11          16   1.3238804157702588     
          15          16   1.3823310134773343     
          16          17   1.0596738354178925     
          17          18  0.98171162283990676     
          10          19  0.94667909215215085     
          19          20   1.2036536995962741     
          20          21   1.0290042010358951     
          21          22   1.5278071190015698     
          22          23   1.3209260266292910     
          21          24  0.13107467438815756     
          23          24   1.5466832361144072     
          24          25   1.0304185173889815     
          21          26   1.0807174355111244     
          24          26   1.1203682523288159     
          19          27  0.18827652712458448     
          20          27   1.6391524154812902     
          19          28  0.97972284998296955     
          28          29  0.91420118309834497     
          29          30   1.1621880603740555     
          29          31   1.7610954495932454     
          30          31  0.17805129029478078     
           9          32  0.94624296666674745     
          28          32  0.98448862983584395     
          32          33   1.1624184578002230     
          33          34   1.0132691916781387     
          34          35   1.5188431012435499     
          35          36   1.3218612175139202     
          34          37  0.12740449676980908     
          36          37   1.5380935891150913     
          37          38   1.0302998264589158     
          34          39   1.1025004713621469     
          37          39   1.1470060742918242     
          32          40  0.17602696256474556     
          33          40   1.6873170203020895     
           3          41  0.97701726597593019     
           3          42  0.97628942054032075     
           3          43  0.97994791938721615     
           4          44  0.96576906012598140     
           5          45  0.97113527305903391     
           6          46  0.97091847849790336     
           7          47  0.96013778610995870     
           9          48  0.94136747109137175     
          10          49  0.94891275219725757     
          12          50  0.96273178294641493     
          13          51  0.97105204951096602     
          14          52  0.97107715256772476     
          15          53  0.96538050634641237     
          18          54  0.97692780275630686     
          18          55  0.97932717209218367     
          18          56  0.97626185174727398     
          22          57  0.97199799063621617     
          23          58  0.97392154566198064     
          25          59  0.96352426912788836     
          25          60  0.97817957607802286     
          25          61  0.97359532721113362     
          28          62  0.93941594650732085     
          30          63  0.85622331539614249     
          35          64  0.96347322943163216     
          36          65  0.97444573558340941     
          38          66  0.96839922210220530     
          38          67  0.96657882200774259     
          38          68  0.98397455262144873     
