   -0.03366742
   -0.02921818
   -0.02778586
   -0.03302110
    0.00862864
    0.01543815
   -0.03543895
   -0.03003166
   -0.03494715
   -0.00566601
    0.03863049
    0.05455695
    0.00753452
   -0.02942812
   -0.02878595
   -0.03594232
    0.01589816
    0.01089907
   -0.03294499
   -0.02882321
   -0.02939108
   -0.03421938
   -0.14086237
    0.28178020
   -0.01673822
   -0.01972069
   -0.02785531
   -0.03710084
    0.02016246
   -0.11058275
   -0.04374812
   -0.40593714
    0.09623151
    0.35057827
   -0.35206811
   -0.39022546
   -0.11885187
    0.27420250
   -0.01427916
   -0.03759186
    0.02106389
   -0.10996449
   -0.03828227
   -0.02798141
   -0.02787785
   -0.42124796
    0.03699709
    0.03522108
    0.03421819
    0.02748020
    0.03840154
    0.03697135
    0.03382308
    0.04931265
    0.04756442
    0.03386110
    0.03578460
    0.03602491
    0.02622704
    0.03045104
    0.03268625
    0.03485996
    0.05728532
    0.03905833
    0.03615243
    0.04598451
    0.05077384
    0.04639197
    0.02872475
    0.09277066
    0.34219441
    0.02994922
    0.04749617
    0.05353139
    0.04319950
    0.03591911
    0.03693777
    0.03836861
