           1           2   1.5584155006461500     
           2           3   1.3207870288943777     
           1           4  0.11852396559269068     
           3           4   1.5553884345342266     
           4           5   1.2822178279343504     
           1           6   1.2780017729994511     
           5           6   1.2528924679005902     
           6           7   1.2805618723043923     
           7           8   1.5497317258991246     
           8           9   1.3298313313788894     
           5          10   1.2520208151635299     
           7          10  0.11454470519525405     
           9          10   1.5183203319658194     
          10          11  0.99363020601033836     
          11          12  0.94455437479006288     
          12          13  0.99488224190508445     
          13          14   1.5235749623456887     
          14          15   1.3265215618593074     
          13          16  0.11455459921152147     
          15          16   1.5529876970047300     
          16          17   1.2792425563878669     
          13          18   1.2515943148312423     
          17          18   1.2529829805888575     
          18          19   1.2831268773063265     
          19          20   1.5543481779017589     
          20          21   1.3223343588169612     
          17          22   1.2794744968978855     
          19          22  0.11838323395040802     
          21          22   1.5569839051932777     
          12          23  0.96269798023010278     
          23          24   1.1440680320872028     
          24          25  0.98231391537557777     
          25          26   1.3978624734329057     
          26          27   1.4424796984594517     
          25          28  0.10551969034358495     
          27          28   1.4439280564173398     
          26          29  0.10592835801610878     
          28          29   1.4050876296098829     
          29          30   1.0253603832174241     
          25          31   1.3995971137466534     
          27          31  0.10719469158329145     
          29          31   1.4183179091704838     
          23          32  0.16789982915172938     
          24          32   1.7223728743005144     
          23          33  0.99137607839295927     
          33          34  0.91138067989246141     
          34          35   1.1617884337698836     
          34          36   1.7752360515136092     
          35          36  0.18131148512534595     
          11          37  0.95956640736407262     
          33          37  0.98632858270942247     
          37          38   1.2000044908791974     
          38          39  0.95636795449662049     
          39          40   1.4095665257722920     
          40          41   1.4151284385456313     
          41          42   1.0259384581428861     
          39          43  0.10968190024826388     
          41          43   1.4050669472503061     
          40          44  0.10707956161268861     
          43          44   1.4485759193742973     
          39          45   1.4059779227408316     
          41          45  0.10794356055890858     
          44          45   1.4360449235004313     
          37          46  0.18874626548684431     
          38          46   1.7018208515704449     
           1          47  0.96784588709418407     
           2          48  0.97057848021311266     
           3          49  0.97076497145976226     
           4          50  0.96061847413942447     
           7          51  0.96780445926983494     
           8          52  0.97020156377523858     
           9          53  0.96602107219399636     
          11          54  0.94638031901156450     
          12          55  0.94815870329590302     
          14          56  0.96687491942283776     
          15          57  0.97031338307477188     
          16          58  0.96792643055579886     
          19          59  0.96200612839218669     
          20          60  0.97109275410368201     
          21          61  0.97074939821777595     
          22          62  0.96801311210487184     
          26          63  0.96767039073688133     
          27          64  0.96986595279947641     
          28          65  0.96936657186528552     
          30          66  0.98123174873189267     
          30          67  0.96691757796192612     
          30          68  0.98193086258932860     
          31          69  0.96595463249651914     
          33          70  0.92075751003472306     
          35          71  0.85627396141308620     
          40          72  0.96692892693901789     
          42          73  0.97580554570935252     
          42          74  0.96818763929966845     
          42          75  0.98487598132634913     
          43          76  0.96979390867003024     
          44          77  0.96977160498068549     
          45          78  0.96967184544621732     
