   -0.03293269
   -0.02864796
   -0.02837388
   -0.04733553
    0.00296383
    0.01590434
   -0.03160112
   -0.02571815
   -0.03520392
   -0.01829291
    0.03900923
    0.04321640
   -0.00350928
   -0.03210630
   -0.02908791
   -0.03320760
    0.01835587
    0.00964371
   -0.03656865
   -0.02710379
   -0.02775558
   -0.03199762
   -0.13288625
    0.27570765
   -0.01391570
   -0.04835879
   -0.04577192
   -0.02570153
    0.07212223
   -0.42408662
    0.07887290
    0.34765121
   -0.35867451
   -0.34894866
   -0.15722088
    0.27294375
   -0.02624419
   -0.04917029
   -0.04304966
   -0.02359183
    0.06196238
   -0.41409091
    0.03675503
    0.03460532
    0.03539599
    0.04652194
    0.04053790
    0.04449100
    0.04549552
    0.08423944
    0.08117169
    0.01779959
    0.03304840
    0.03758576
    0.02949340
    0.03415554
    0.03453940
    0.03602604
    0.02224951
    0.04110281
    0.05496453
    0.06588680
    0.33570786
    0.03998471
    0.05121406
    0.05982888
