           1           2   1.5544748473025420     
           2           3   1.3255712062389970     
           1           4  0.11850920240345203     
           3           4   1.5506015159619817     
           4           5   1.2863280455327772     
           1           6   1.2814929147880181     
           5           6   1.2552684875024018     
           6           7   1.2745588765353921     
           7           8   1.5607705170730086     
           8           9   1.3167484490231096     
           5          10   1.2430863580093612     
           7          10  0.11326744039434809     
           9          10   1.5298097644394530     
          10          11  0.98888992113734087     
          11          12  0.95931700831680344     
          12          13  0.98524437176984259     
          13          14   1.5311847591191803     
          14          15   1.3189409996850743     
          13          16  0.11382381736847696     
          15          16   1.5592647802125363     
          16          17   1.2752801576129502     
          13          18   1.2467474378632593     
          17          18   1.2562219545800302     
          18          19   1.2849991695056857     
          19          20   1.5531617390619010     
          20          21   1.3238265238809070     
          17          22   1.2805210808156871     
          19          22  0.11845301204109344     
          21          22   1.5560700220283055     
          12          23  0.96261868910705906     
          23          24   1.1752585951324692     
          24          25   1.0192139498494255     
          25          26   1.5426318134952701     
          26          27   1.2994636061264933     
          25          28  0.10624509429013125     
          27          28   1.5954229281226420     
          25          29   1.1749324302668769     
          28          29   1.2337683844531180     
          23          30  0.17862149883263087     
          24          30   1.6729776658983482     
          23          31  0.97940008529647227     
          31          32  0.90235029469194505     
          32          33   1.1502368370127469     
          32          34   1.8030353884665802     
          33          34  0.16832822088649987     
          11          35  0.93745586664873060     
          31          35  0.99293428326595412     
          35          36   1.1452727430719243     
          36          37   1.0271680327435266     
          37          38   1.5306209584635009     
          38          39   1.3020896172323029     
          37          40  0.10594490538469159     
          39          40   1.5953460287391443     
          37          41   1.1673689771163587     
          38          41  0.10175144122787126     
          40          41   1.2347085504620172     
          35          42  0.16696781987186141     
          36          42   1.6902418436690634     
           1          43  0.96789201172894268     
           2          44  0.97059818216556693     
           3          45  0.97086003086126604     
           4          46  0.96116812058768852     
           7          47  0.96745264623465066     
           8          48  0.96970827230250467     
           9          49  0.96297923782625938     
          11          50  0.94509164477984620     
          12          51  0.94001164556181049     
          14          52  0.96625356684512109     
          15          53  0.97045203592474039     
          16          54  0.96790465268894987     
          19          55  0.96580423975306307     
          20          56  0.97092034765583213     
          21          57  0.97067819481499551     
          22          58  0.96800396349574425     
          26          59  0.96185584200579122     
          27          60  0.96554498875613448     
          28          61  0.97001302194511951     
          31          62  0.92290742081683519     
          33          63  0.84123238662839772     
          38          64  0.96253475915842457     
          39          65  0.96412566583823844     
          40          66  0.96911918329523827     
