   -0.03479929
   -0.03079109
    0.01560150
   -0.03255751
   -0.02839361
   -0.02765896
   -0.03072054
    0.01768452
   -0.03433429
    0.00271997
    0.03898219
    0.03524771
   -0.00471300
   -0.03705512
    0.01711175
   -0.03189951
   -0.02763720
   -0.02792985
   -0.03476893
    0.01282754
   -0.03783635
   -0.04118750
   -0.11622531
    0.27111829
    0.08890913
   -0.07558305
   -0.01114441
   -0.03444064
   -0.03599606
   -0.03146605
   -0.04909004
    0.12734370
   -0.18614397
   -0.39759087
    0.08639772
    0.35261693
   -0.35156052
   -0.38692154
   -0.11391319
    0.27183728
    0.09228996
   -0.07584505
   -0.01210192
    0.12480008
   -0.04944965
   -0.03246859
   -0.03605744
   -0.03530125
   -0.18243912
   -0.40175228
    0.03505473
    0.04008137
    0.03472740
    0.03290705
    0.03212626
    0.02910013
    0.01694705
    0.07927626
    0.08833166
    0.04682822
    0.03888359
    0.03487358
    0.03369342
    0.03319952
    0.03635128
    0.04171653
    0.06095542
    0.04250988
    0.04078537
    0.04399973
    0.05247404
    0.07178454
    0.34782106
    0.03245291
    0.05123169
    0.04362773
    0.04066202
    0.03988297
