           1           2   1.5670718415743732     
           2           3   1.2745155628633897     
           3           4   1.2825439879260032     
           4           5   1.5553806371705252     
           5           6   1.3220230465442220     
           4           7  0.11818752158119381     
           6           7   1.5563551171145433     
           3           8   1.2520981358822276     
           7           8   1.2802071866883191     
           2           9  0.11345602960983757     
           8           9   1.2787611364931595     
           1          10   1.2901693768484090     
           9          10   1.5299134972700954     
          10          11  0.98485074203684730     
          11          12  0.95988058950064137     
          12          13  0.98372813838107476     
          13          14   1.5147432218122521     
          14          15   1.2911476421833832     
          15          16   1.2738245768537504     
          16          17   1.5622036701201918     
          17          18   1.3171075970741590     
          16          19  0.11868355647563116     
          18          19   1.5600035248972319     
          15          20   1.2477694331361291     
          19          20   1.2778938583172430     
          14          21  0.11717053063817123     
          20          21   1.2835817797295748     
          13          22   1.3040522472042140     
          21          22   1.5516605914988018     
          12          23  0.94766133332224312     
          23          24   1.1779524697474872     
          24          25  0.99113208879934556     
          25          26   1.5824257697234592     
          26          27   1.2170876052952893     
          27          28   1.3232986592961899     
          28          29   1.5081817743402801     
          29          30   1.3754533288446973     
          28          31  0.11616804284477460     
          30          31   1.4881196999954804     
          27          32   1.2686989295184314     
          31          32   1.3476957920638268     
          25          33   1.0928259179360342     
          32          33   1.0939086690754212     
          23          34  0.18736442933521569     
          24          34   1.6960705856385121     
          23          35  0.99620920911252386     
          35          36  0.91286811545485369     
          36          37   1.1670524515767058     
          36          38   1.7714530745117352     
          37          38  0.18341326032006866     
          11          39  0.95762863430741207     
          35          39  0.98047738532912887     
          39          40   1.2094432945070714     
          40          41  0.96958706220790125     
          41          42   1.5974566780262276     
          42          43   1.2117197364025718     
          43          44   1.2706028477147067     
          44          45   1.3494108698923308     
          45          46   1.4863107892981233     
          46          47   1.3780152362148350     
          43          48   1.3262547483426641     
          45          48  0.11607476813350155     
          47          48   1.5052510160943831     
          41          49   1.1022285088576824     
          44          49   1.0908775789675229     
          39          50  0.19706184917970337     
          40          50   1.6908057248284285     
           1          51  0.96860934105366314     
           2          52  0.96748691166153877     
           4          53  0.96830661231502380     
           5          54  0.97099272624053468     
           6          55  0.97103066947523931     
           7          56  0.96850053990371099     
           9          57  0.96457998304067372     
          11          58  0.94685761306126581     
          12          59  0.94659727937297955     
          14          60  0.96544508204054169     
          16          61  0.96796113627576474     
          17          62  0.97077338598230867     
          18          63  0.97093318089365721     
          19          64  0.96835110833331584     
          21          65  0.96797516889906465     
          22          66  0.96389244683471853     
          26          67  0.96631178180152966     
          28          68  0.96898241217887615     
          29          69  0.97064232698207975     
          30          70  0.97086823344917494     
          31          71  0.96688736052900537     
          35          72  0.92284549716491115     
          37          73  0.85170987024862177     
          42          74  0.97051534886548607     
          45          75  0.96704515322888984     
          46          76  0.97089489485409630     
          47          77  0.97068363561708548     
          48          78  0.96920519137869388     
