   -0.02904708
    0.48575512
   -0.19991425
   -0.20610359
   -0.21746454
   -0.01991143
   -0.02061024
   -0.01639267
   -0.02468015
    0.01397379
    0.03971608
    0.04829531
    0.02129909
   -0.02090345
    0.48605215
   -0.19988677
   -0.22711059
   -0.20123087
   -0.01820469
   -0.02014319
   -0.01608091
   -0.02406757
   -0.12946952
    0.26771226
   -0.03103212
   -0.03494788
   -0.02563575
   -0.03549271
    0.01658887
   -0.01534970
   -0.10905824
   -0.10505190
   -0.04393314
   -0.41237941
    0.07432124
    0.34918789
   -0.36157327
   -0.34909858
   -0.11302693
    0.27351591
   -0.01753393
   -0.04135870
    0.01550993
   -0.01745566
   -0.10338079
   -0.10376660
   -0.03355312
   -0.03182026
   -0.02844158
   -0.43172078
    0.06944355
    0.06152791
    0.06057710
    0.05436532
    0.06956161
    0.06679081
    0.06943486
    0.05908030
    0.05899273
    0.05064332
    0.03936155
    0.04746000
    0.04343703
    0.03793836
    0.04436754
    0.03841132
    0.04186738
    0.04286874
    0.03750147
    0.04260071
    0.04931050
    0.08690582
    0.33017085
    0.04884248
    0.04545940
    0.03695341
    0.04278505
    0.03079970
    0.03764474
    0.03798647
    0.04149566
    0.04094991
    0.03753721
    0.04183214
