           1           2  0.95122626147075018     
           2           3  0.95549867149479417     
           2           4  0.94234108896847579     
           2           5  0.93482705094486385     
           1           6   1.4105721854044924     
           6           7   1.4446303467071351     
           1           8  0.10376035665992459     
           7           8   1.4307926053916646     
           6           9  0.10873675473787137     
           8           9   1.4495763628090990     
           1          10   1.3869568878855898     
           7          10  0.10856109100463289     
           9          10   1.4061833009267364     
          10          11  0.99914548424635952     
          11          12  0.94224318087192271     
          12          13  0.99489871510089567     
          13          14   1.3829186074867752     
          14          15  0.95158101928558325     
          15          16  0.95679624439659194     
          15          17  0.92461574783190503     
          15          18  0.94887221397067267     
          14          19   1.4162095628163531     
          13          20  0.10855083964679654     
          19          20   1.4407455369385256     
          14          21  0.10568712165704035     
          20          21   1.4358540227212420     
          13          22   1.4129611533419155     
          19          22  0.10853670990729250     
          21          22   1.4448576178842485     
          12          23  0.95553956040230414     
          23          24   1.1994870439723995     
          24          25  0.95697869014379866     
          25          26   1.3929442373694061     
          26          27   1.4443376628451108     
          25          28  0.10571938904886162     
          27          28   1.4381542407853400     
          26          29  0.10785199718111972     
          28          29   1.4149382287319965     
          29          30   1.0002363098849909     
          30          31  0.99655458190153379     
          30          32  0.99443793135223124     
          25          33   1.3995576102716953     
          27          33  0.10613824786408989     
          29          33   1.3983490772278881     
          23          34  0.19265254417849081     
          24          34   1.7017320819228277     
          23          35  0.97793047242578612     
          35          36  0.89370126185256527     
          36          37   1.1591327906903086     
          36          38   1.8018217325977557     
          37          38  0.17405100642935295     
          11          39  0.96879940416800792     
          35          39  0.99420972826719156     
          39          40   1.1849290185784933     
          40          41  0.98167496498417095     
          41          42   1.3995212685623226     
          42          43   1.4167890470740414     
          43          44  0.99895880573562801     
          44          45  0.99958184241894288     
          44          46  0.99329160275686301     
          41          47  0.10575488648817838     
          43          47   1.4061131992574687     
          42          48  0.10586174205549510     
          47          48   1.4435333505752439     
          41          49   1.3963718969692605     
          43          49  0.10715036792346513     
          48          49   1.4422738595585129     
          39          50  0.18192307949456554     
          40          50   1.6826774535959612     
           6          51  0.96493668203883687     
           7          52  0.96830086559720874     
           8          53  0.96829649923617989     
           9          54  0.96566627513656289     
          11          55  0.95078135247045992     
          12          56  0.95353585803383245     
          19          57  0.96525778864670253     
          20          58  0.96858157496280739     
          21          59  0.96860200949645670     
          22          60  0.96387923052017943     
          26          61  0.96843333726196135     
          27          62  0.96896408825375990     
          28          63  0.96761864003558495     
          30          64  0.96731215828705774     
          31          65  0.98490708239002134     
          31          66  0.98690772079726896     
          31          67  0.98462571909741270     
          32          68  0.98471983207457359     
          32          69  0.98717156264909622     
          32          70  0.98496957166793464     
          33          71  0.96289245406483348     
          35          72  0.93166561680077198     
          37          73  0.82638714853406658     
          42          74  0.96530991170435643     
          44          75  0.96651695473667365     
          45          76  0.98445874222887175     
          45          77  0.98527063112772961     
          45          78  0.98667310981109058     
          46          79  0.98730304838807226     
          46          80  0.98598072767466338     
          46          81  0.98485107239493341     
          47          82  0.96621544678856641     
          48          83  0.96987545607935322     
          49          84  0.96934400911239060     
