   -0.03403289
   -0.03347969
    0.01421500
   -0.03356956
   -0.02859909
   -0.02835182
   -0.03269237
    0.01719720
   -0.03340147
    0.00655450
    0.04011439
    0.03889425
    0.00238636
   -0.04383474
    0.01607045
   -0.03414440
   -0.02798825
   -0.02860255
   -0.03373408
    0.01311807
   -0.03406724
   -0.03179601
   -0.10682283
    0.27431107
   -0.02167856
   -0.04827472
   -0.05869046
    0.09658643
   -0.13228602
    0.07068524
   -0.40245259
    0.08193725
    0.35208718
   -0.35224364
   -0.38429115
   -0.10342657
    0.26848397
   -0.01822884
   -0.02770268
   -0.05430499
    0.10699363
   -0.12336554
   -0.01913964
   -0.42527980
    0.02509777
    0.03690380
    0.03379147
    0.03310056
    0.03352092
    0.03587990
    0.04167681
    0.07134662
    0.08266552
    0.03502470
    0.03478412
    0.03431745
    0.03401536
    0.03481745
    0.03932329
    0.02908323
    0.04907502
    0.06610611
    0.08190658
    0.34591741
    0.08683431
    0.07165881
