           1           2   1.5656656907356861     
           2           3   1.2751359557055542     
           3           4   1.2823487691004392     
           4           5   1.5556828390309472     
           5           6   1.3214167354381368     
           4           7  0.11816451499325434     
           6           7   1.5572317423435220     
           3           8   1.2514446285766865     
           7           8   1.2792745008023683     
           2           9  0.11401374281643209     
           8           9   1.2804932328767367     
           1          10   1.2929129341920924     
           9          10   1.5291314707072912     
          10          11  0.98697548649375433     
          11          12  0.95761390485929687     
          12          13  0.98160907066617653     
          13          14   1.5162570945096967     
          14          15   1.2892503855321287     
          15          16   1.2748710029549528     
          16          17   1.5613442428735431     
          17          18   1.3176031399917292     
          16          19  0.11862100635254631     
          18          19   1.5598129634892546     
          15          20   1.2479856732905854     
          19          20   1.2781356591969129     
          14          21  0.11757148030964290     
          20          21   1.2835977140563062     
          13          22   1.3062984967340328     
          21          22   1.5515220032585271     
          12          23  0.96430535336151391     
          23          24   1.1941497946758213     
          24          25  0.97800646878889186     
          25          26   1.5720076906013809     
          26          27   1.2780158961767614     
          25          28  0.10211325883102898     
          27          28   1.5606639993132485     
          28          29   1.0097965788497218     
          25          30   1.1632885471067749     
          28          30   1.1757949551705602     
          23          31  0.19170739755439120     
          24          31   1.6979679811157629     
          23          32  0.98264620830096772     
          32          33  0.89894837312301601     
          33          34   1.1662896126144986     
          33          35   1.7750343032118405     
          34          35  0.18458645968143447     
          11          36  0.95117270512478191     
          32          36  0.99915644067131570     
          36          37   1.1985593138013675     
          37          38   1.0323763087988032     
          38          39   1.5404549318956038     
          39          40   1.3010512903362088     
          38          41  0.10194289521728157     
          40          41   1.5446182670392199     
          41          42   1.0168116391048114     
          38          43   1.1286694841646359     
          41          43   1.1660165932210127     
          36          44  0.18374590575442348     
          37          44   1.6429820974482263     
           1          45  0.96897617065256203     
           2          46  0.96786221576748777     
           4          47  0.96833996555845259     
           5          48  0.97097925549229980     
           6          49  0.97089107250394369     
           7          50  0.96814475740704498     
           9          51  0.96465031998808171     
          11          52  0.95217906600490698     
          12          53  0.94305821667652689     
          14          54  0.96550849627687185     
          16          55  0.96819436043710672     
          17          56  0.97084314596090704     
          18          57  0.97090531612889486     
          19          58  0.96825573332235326     
          21          59  0.96772489620050717     
          22          60  0.96519641920881372     
          26          61  0.96178917757371651     
          27          62  0.96121794894282608     
          32          63  0.92599157571898538     
          34          64  0.85380030152271835     
          39          65  0.95626398793620804     
          40          66  0.95976943938069081     
