   -0.02346192
    0.48563631
   -0.22398364
   -0.20532355
   -0.20022567
   -0.01831861
   -0.01965593
   -0.01462018
   -0.01964936
    0.02698339
    0.04846793
    0.04753053
    0.02659318
   -0.02421680
    0.48535682
   -0.20598970
   -0.19987441
   -0.22478373
   -0.01859811
   -0.01977932
   -0.01495810
   -0.02253059
   -0.11757791
    0.27249534
   -0.02761166
   -0.02902168
   -0.03068288
    0.02183529
   -0.01406880
   -0.10438408
   -0.10484322
   -0.03127332
   -0.03070299
   -0.40942336
    0.08740875
    0.34875004
   -0.35812128
   -0.38982313
   -0.12291240
    0.27106378
   -0.02546483
   -0.03273992
   -0.03058695
    0.01971439
   -0.01452769
   -0.10394715
   -0.10418011
   -0.03038842
   -0.01989702
   -0.40927711
    0.06854208
    0.05888506
    0.05715161
    0.04800082
    0.06552993
    0.06304335
    0.06770258
    0.05777231
    0.05467131
    0.05878980
    0.03709629
    0.04206240
    0.03551826
    0.03596974
    0.04059360
    0.03887258
    0.04374102
    0.03738519
    0.03902273
    0.04127928
    0.03297291
    0.07040545
    0.34431717
    0.02757796
    0.04146790
    0.03540903
    0.03710297
    0.03906256
    0.03988906
    0.03578279
    0.03968698
    0.03887368
    0.04079051
    0.04062087
