           1           2  0.95241630126932642     
           2           3  0.92790226577992951     
           2           4  0.94482777755925273     
           2           5  0.95650379976811428     
           1           6   1.4112118321540839     
           6           7   1.4449695707879120     
           1           8  0.10437427521721837     
           7           8   1.4309258422273288     
           6           9  0.10916903081320301     
           8           9   1.4507700334853566     
           1          10   1.3865422050513017     
           7          10  0.10835050312489297     
           9          10   1.4063012105096957     
          10          11  0.99665510858758721     
          11          12  0.94830025043925970     
          12          13  0.99643645798129488     
          13          14   1.3868586572172501     
          14          15  0.95242400380587522     
          15          16  0.94418077952563684     
          15          17  0.95709239872717611     
          15          18  0.92714135008244758     
          14          19   1.4106300013724915     
          13          20  0.10828514805833818     
          19          20   1.4451710237964766     
          14          21  0.10419215220501180     
          20          21   1.4309297857483054     
          13          22   1.4062870884821217     
          19          22  0.10944733865307787     
          21          22   1.4507348411964498     
          12          23  0.95549795527986559     
          23          24   1.1916162005850686     
          24          25  0.95715115765842762     
          25          26   1.3928056696070588     
          26          27   1.4516228486644687     
          25          28  0.10596485395804589     
          27          28   1.4065492490927953     
          28          29   1.0006882447134273     
          29          30  0.99787423078380033     
          29          31  0.99414872761855055     
          26          32  0.10518981044395093     
          28          32   1.4062098781257280     
          25          33   1.3984933861164122     
          27          33  0.10811722543018355     
          32          33   1.4511349636972795     
          23          34  0.19086176659129470     
          24          34   1.7105789488532273     
          23          35  0.98810015484013247     
          35          36  0.90756723716429089     
          36          37   1.1513605241843186     
          36          38   1.7756925004304693     
          37          38  0.17940044659794643     
          11          39  0.95652866514926738     
          35          39  0.98264657404605915     
          39          40   1.1754698066236731     
          40          41  0.96852497461927844     
          41          42   1.3893295016362583     
          42          43   1.4581290341022539     
          41          44  0.10684822758448949     
          43          44   1.3999979518190220     
          44          45   1.0002477910671270     
          45          46  0.99502256943390255     
          45          47  0.99771250346846363     
          42          48  0.10706722752241986     
          44          48   1.4157281762005498     
          41          49   1.4073947533282651     
          43          49  0.10710522080594868     
          48          49   1.4419942991720391     
          39          50  0.18341466266969444     
          40          50   1.7117478184957082     
           6          51  0.96545884677726790     
           7          52  0.96867072090593387     
           8          53  0.96878734703988512     
           9          54  0.96643564552546912     
          11          55  0.95129703604098170     
          12          56  0.95203126003499217     
          19          57  0.96558122467263718     
          20          58  0.96878060556136991     
          21          59  0.96905756121740549     
          22          60  0.96207869257403000     
          26          61  0.96943406451312630     
          27          62  0.96533710370276204     
          29          63  0.96746069326414630     
          30          64  0.98733872935231515     
          30          65  0.98544596492886483     
          30          66  0.98484345744028889     
          31          67  0.98507710817690319     
          31          68  0.98564666848953775     
          31          69  0.98561406129711904     
          32          70  0.96660716434859062     
          33          71  0.96833666325503354     
          35          72  0.93876178384274189     
          37          73  0.85520146764168758     
          42          74  0.96814705598347939     
          43          75  0.96531039933301011     
          45          76  0.96770003582875042     
          46          77  0.98554422899740057     
          46          78  0.98543404660233691     
          46          79  0.98556014920222879     
          47          80  0.98734533108703748     
          47          81  0.98551655469528765     
          47          82  0.98491731031673846     
          48          83  0.96683923907351921     
          49          84  0.96933946073194133     
