    0.14312543
   -0.28227982
    0.04099746
   -0.06179986
   -0.02871874
   -0.03656538
   -0.03082162
   -0.01459111
    0.03901232
    0.04085544
   -0.01571215
   -0.03047049
   -0.03967674
   -0.03041244
   -0.06400478
    0.14056110
   -0.27209122
    0.03575766
   -0.09760502
    0.27530039
   -0.03828188
    0.07977456
   -0.16342697
    0.18208463
   -0.10472419
   -0.07481837
   -0.41704527
    0.08912495
    0.36179481
   -0.37246807
   -0.38734692
   -0.09874979
    0.27382173
   -0.04550663
    0.07772168
   -0.16334512
    0.18203126
   -0.10314661
   -0.07797746
   -0.41347767
    0.03772267
    0.06384492
    0.04857312
    0.04135280
    0.04229031
    0.04476650
    0.05695730
    0.08581627
    0.09538151
    0.02522290
    0.03839129
    0.04099094
    0.04228437
    0.04350940
    0.04599769
    0.06313300
    0.07642041
    0.05053404
    0.06738825
    0.34451060
    0.07885656
    0.06915604
