           1           2   1.0408895344754991     
           2           3  0.98044853800045262     
           1           4   1.3832720503001612     
           4           5   1.4374838739422775     
           5           6   1.4408300955720819     
           4           7  0.10437922828356519     
           6           7   1.4320364653696813     
           1           8   1.3351945282828444     
           5           8  0.10728420746947728     
           7           8   1.4295217365761788     
           8           9  0.98831768749564253     
           9          10  0.95757252617558453     
          10          11  0.98817792674063187     
          11          12   1.4432991122547214     
          12          13   1.4208654564284129     
          11          14  0.10613548173931009     
          13          14   1.4468569854075661     
          12          15  0.10143534966892878     
          14          15   1.4320393885161942     
          11          16   1.3186018414568830     
          15          16   1.3843807892749129     
          16          17   1.0626039847395552     
          17          18  0.98212948874277306     
          10          19  0.95878019679855830     
          19          20   1.2179906505065652     
          20          21  0.97845049926709271     
          21          22   1.5685869737534373     
          22          23   1.1313025996258528     
          22          24  0.13113252501714356     
          23          24   1.1283266628601663     
          24          25   1.0144887917856169     
          21          26   1.2475391544741323     
          24          26   1.5603261320309660     
          19          27  0.19410114059790781     
          20          27   1.6788185023643745     
          19          28  0.98172405687603426     
          28          29  0.90736888430922191     
          29          30   1.1434196372474938     
          29          31   1.7743004762487469     
          30          31  0.17390042273138076     
           9          32  0.94861368105351129     
          28          32   1.0027681832847446     
          32          33   1.2089704894711653     
          33          34  0.98315110482970958     
          34          35   1.5622557025692232     
          35          36   1.1354867634855033     
          35          37  0.13131327711975235     
          36          37   1.1245299692503385     
          37          38   1.0145610679839834     
          34          39   1.2454336657612486     
          37          39   1.5660001960912737     
          32          40  0.19186414593172640     
          33          40   1.6841479387526150     
           3          41  0.97600911348253838     
           3          42  0.97829177013584445     
           3          43  0.97610543397701588     
           4          44  0.96495180870020925     
           5          45  0.97051943738564139     
           6          46  0.96993150667427130     
           7          47  0.96566914147476635     
           9          48  0.94967049706340090     
          10          49  0.94321181210624450     
          12          50  0.96786694279095253     
          13          51  0.97078824558236176     
          14          52  0.97077337377157347     
          15          53  0.96527258916898673     
          18          54  0.97631694315670770     
          18          55  0.97651588824570534     
          18          56  0.97947703432676259     
          22          57  0.96265090847826384     
          26          58  0.96994997031160135     
          28          59  0.92484902722379958     
          30          60  0.85405986154633085     
          35          61  0.96212448191652733     
          39          62  0.96849530460003197     
