   -0.03172224
   -0.02937425
   -0.03077939
   -0.04121395
    0.01074458
    0.01673159
   -0.03287654
   -0.02555235
   -0.02669466
    0.00223003
    0.04820784
    0.03677381
   -0.01467443
   -0.04050524
   -0.03022943
   -0.03599877
    0.01193758
    0.00294378
   -0.04000024
   -0.02764355
   -0.02735078
   -0.03388955
   -0.11244835
    0.27433454
    0.00064563
   -0.01355527
   -0.01875926
   -0.02172308
    0.48532920
   -0.20525060
   -0.20621122
   -0.20500314
   -0.01992947
   -0.02209831
   -0.42140962
    0.09610053
    0.36550719
   -0.35958630
   -0.39445557
   -0.11461091
    0.27269645
   -0.00722552
   -0.01661427
   -0.01918388
   -0.02008980
    0.48563066
   -0.20338506
   -0.20712852
   -0.20723089
   -0.01905494
   -0.02237914
   -0.40294222
    0.03783816
    0.03535310
    0.02985936
    0.02435504
    0.04079690
    0.04195809
    0.03894438
    0.06337558
    0.05675086
    0.05823272
    0.04462113
    0.04385656
    0.02639294
    0.03902583
    0.04495449
    0.04551343
    0.06945538
    0.06780991
    0.06669153
    0.05344743
    0.06684589
    0.34973403
    0.06410691
    0.06647850
    0.06867041
    0.05389875
