           1           2   1.5567102899371781     
           2           3   1.3224708586499230     
           1           4  0.11780145261948682     
           3           4   1.5536616112496384     
           4           5   1.2832031712435759     
           1           6   1.2804745494941703     
           5           6   1.2520022537875115     
           6           7   1.2790473904694095     
           7           8   1.5531334872804117     
           8           9   1.3269215314264065     
           5          10   1.2535748067134040     
           7          10  0.11471289172768921     
           9          10   1.5230536972891560     
          10          11  0.99029153595217279     
          11          12  0.95395087180155436     
          12          13  0.98899700997938833     
          13          14   1.5158595434022177     
          14          15   1.3315786264200689     
          13          16  0.11419237671390203     
          15          16   1.5472274594527626     
          16          17   1.2817357753972141     
          13          18   1.2556776258941109     
          17          18   1.2501320847212694     
          18          19   1.2823474736502265     
          19          20   1.5542381802379619     
          20          21   1.3212319245128337     
          17          22   1.2780824590762290     
          19          22  0.11776660249096095     
          21          22   1.5575797957850877     
          12          23  0.95140790293552235     
          23          24   1.2262695920480799     
          24          25  0.97182423483374236     
          25          26   1.3972681100522750     
          26          27   1.4505229081136171     
          25          28  0.10307089248794651     
          27          28   1.4064206790290574     
          28          29  0.95163689838466192     
          29          30  0.94786740651224011     
          29          31  0.94107200715411821     
          29          32  0.95015602509312291     
          26          33  0.10895902022967746     
          28          33   1.4125397498172545     
          25          34   1.4014668431647168     
          27          34  0.10891759612312045     
          33          34   1.4455415024062974     
          23          35  0.18969042399474095     
          24          35   1.6599991029691783     
          23          36  0.97788175101674235     
          36          37  0.90340516098623647     
          37          38   1.1621691658907218     
          37          39   1.7596391588302862     
          38          39  0.17674442050127237     
          11          40  0.95044130594958842     
          36          40  0.98616813856778862     
          40          41   1.2036715559911535     
          41          42  0.95779628151318974     
          42          43   1.4070361011512986     
          43          44   1.4456416210609557     
          42          45  0.10546940528778738     
          44          45   1.4115686186924958     
          45          46  0.95080445890617038     
          46          47  0.95250509879634992     
          46          48  0.94550268148437100     
          46          49  0.94096134373847939     
          43          50  0.10993340222776099     
          45          50   1.4127551428265452     
          42          51   1.4043302292826678     
          44          51  0.11100371145602282     
          50          51   1.4456464742439366     
          40          52  0.19300181475099182     
          41          52   1.7057377164932666     
           1          53  0.96778140419512926     
           2          54  0.97062425151928922     
           3          55  0.97113101462031648     
           4          56  0.96396007604227274     
           7          57  0.96756955584468041     
           8          58  0.96971245737909428     
           9          59  0.96698397524895818     
          11          60  0.95047863447189940     
          12          61  0.94538727150971280     
          14          62  0.96063642042222419     
          15          63  0.96953776134439251     
          16          64  0.96718767776701808     
          19          65  0.96043593144193518     
          20          66  0.97046529982632002     
          21          67  0.96977553066829381     
          22          68  0.96702217076361952     
          26          69  0.96584838755269442     
          27          70  0.96568838747995522     
          33          71  0.96553121035495626     
          34          72  0.96739846822252473     
          36          73  0.94341701064391770     
          38          74  0.85150632805868631     
          43          75  0.96703475143820739     
          44          76  0.96603583646636637     
          50          77  0.96529151401689695     
          51          78  0.96658857829742273     
