   -0.03447210
   -0.02702487
   -0.02862025
   -0.02601690
   -0.03008165
   -0.00045335
    0.03441371
    0.04103844
    0.00403392
   -0.03742337
   -0.02747163
   -0.03031023
   -0.02712408
   -0.02983112
   -0.11539561
    0.27357199
   -0.02158038
   -0.03008510
   -0.03491334
    0.01886631
   -0.05859885
   -0.09921149
   -0.03147611
   -0.01863060
   -0.41949299
    0.09216961
    0.35576261
   -0.35734452
   -0.38684961
   -0.11137276
    0.27137155
   -0.01715638
   -0.02267794
   -0.03541716
    0.01717118
   -0.05826335
   -0.09899394
   -0.03650869
   -0.03075754
   -0.43442795
    0.03035880
    0.03759596
    0.03884415
    0.04075487
    0.03431131
    0.05497301
    0.07939427
    0.03088476
    0.03633148
    0.03648338
    0.03836769
    0.03532831
    0.02834424
    0.03839502
    0.03883884
    0.03826341
    0.03739262
    0.03964882
    0.03875757
    0.04085503
    0.04012583
    0.09402620
    0.34069273
    0.04052125
    0.03788907
    0.03851924
    0.03808768
    0.03807133
    0.03890984
    0.03879247
    0.03645063
    0.03337476
