           1           2   1.4416003875165695     
           2           3   1.4410140084740708     
           1           4  0.10971722524600527     
           3           4   1.4344876144462229     
           2           5  0.11127251743032750     
           4           5   1.4497170638518355     
           1           6   1.4147157609709935     
           3           6  0.10942047753634732     
           5           6   1.4073090544004574     
           6           7  0.99069470742860066     
           7           8  0.94942997552478292     
           8           9  0.98509783602058421     
           9          10   1.4030912251725025     
          10          11   1.4527079581408948     
           9          12  0.10971077608295345     
          11          12   1.4314491512654741     
          10          13  0.11275773726626578     
          12          13   1.4462500708032988     
           9          14   1.4228500116332559     
          11          14  0.10989068070536233     
          13          14   1.4351327930122235     
           8          15  0.97125550653791681     
          15          16   1.1905021265509557     
          16          17  0.96189393374553589     
          17          18   1.4002014914015208     
          18          19   1.4473424459382844     
          17          20  0.10689362478740128     
          19          20   1.4090589400235065     
          20          21   1.0136221107939360     
          21          22  0.99973101206745751     
          18          23  0.10916548815972192     
          20          23   1.4104566479269973     
          17          24   1.4040703885787345     
          19          24  0.10872136558716601     
          23          24   1.4471794231918225     
          15          25  0.18660393609537526     
          16          25   1.7017383294764397     
          15          26  0.98415011378806028     
          26          27  0.90990223790351510     
          27          28   1.1566245451699484     
          27          29   1.7810903316771569     
          28          29  0.18259279818607418     
           7          30  0.96370812058620514     
          26          30  0.98688023894102550     
          30          31   1.2063885232509191     
          31          32  0.96885742132355557     
          32          33   1.4007743140146534     
          33          34   1.4503680767409681     
          32          35  0.10619614898093152     
          34          35   1.4084460752399375     
          35          36   1.0136746370642395     
          36          37  0.99979128734056588     
          33          38  0.10735997713099388     
          35          38   1.4069165423610150     
          32          39   1.3979468356440621     
          34          39  0.10772576259550781     
          38          39   1.4512716826641983     
          30          40  0.18843635415689935     
          31          40   1.6830381562355787     
           1          41  0.96792156383026517     
           2          42  0.97057360503855161     
           3          43  0.97097199837660630     
           4          44  0.97046338887941741     
           5          45  0.96879440204400358     
           7          46  0.95313664479710725     
           8          47  0.94354019674412637     
          10          48  0.96852266217135652     
          11          49  0.97067625392592893     
          12          50  0.97107071105326104     
          13          51  0.97067085093537786     
          14          52  0.96580717120386728     
          18          53  0.96957750334968784     
          19          54  0.96807491564932291     
          21          55  0.97363683999013029     
          21          56  0.97436920746678424     
          22          57  0.98611500764170390     
          22          58  0.98802319069524946     
          22          59  0.98822974062620561     
          23          60  0.96778606888573848     
          24          61  0.96943579718681050     
          26          62  0.93211371060404713     
          28          63  0.85787546304373408     
          33          64  0.96930694308438126     
          34          65  0.96808444354665957     
          36          66  0.97395691750750013     
          36          67  0.97396409960836294     
          37          68  0.98821865141363174     
          37          69  0.98602744017532962     
          37          70  0.98818463396870138     
          38          71  0.96816391709981675     
          39          72  0.96895961770208960     
