   -0.03374586
   -0.02834427
   -0.02749115
   -0.03091604
    0.01452889
    0.01689226
   -0.03501242
   -0.02943047
   -0.03298285
    0.00693488
    0.05060560
    0.04002248
   -0.00919898
   -0.03091434
   -0.02690821
   -0.03407585
    0.01630535
    0.00836281
   -0.03561318
   -0.02766211
   -0.02809314
   -0.03274868
   -0.10808177
    0.27167237
   -0.08477003
    0.01436969
   -0.03789156
   -0.02758045
   -0.03062499
   -0.02745017
   -0.03622888
   -0.46798381
    0.07638255
    0.34994797
   -0.37488724
   -0.36933839
   -0.12084461
    0.28277662
   -0.09500491
    0.01081369
   -0.03790083
   -0.02895406
   -0.03249544
   -0.02931166
   -0.04212046
   -0.41283667
    0.03548054
    0.03401825
    0.03278727
    0.02890056
    0.03688776
    0.03431239
    0.02859602
    0.06156138
    0.05113115
    0.03214981
    0.04209603
    0.04033399
    0.02444757
    0.03410070
    0.03676512
    0.03792642
    0.07944184
    0.05031959
    0.04481122
    0.03956069
    0.03609060
    0.03378929
    0.02801326
    0.07091657
    0.36440657
    0.07853390
    0.05790295
    0.04056723
    0.03299799
    0.03291474
    0.03584385
    0.03022306
