           1           2   1.5581643339431706     
           2           3   1.3210954536977080     
           1           4  0.11863223294212497     
           3           4   1.5560071956366541     
           4           5   1.2813276551390205     
           1           6   1.2784276689602299     
           5           6   1.2514890416745768     
           6           7   1.2814073660529177     
           7           8   1.5496844047308778     
           8           9   1.3301223914414435     
           5          10   1.2546389833086851     
           7          10  0.11484977753639611     
           9          10   1.5193558374407092     
          10          11  0.99133512774408550     
          11          12  0.94535252452729635     
          12          13  0.98800544412113112     
          13          14   1.5236297834660322     
          14          15   1.3262635052093747     
          13          16  0.11418383217996490     
          15          16   1.5522931460722900     
          16          17   1.2790468079551172     
          13          18   1.2503899206133704     
          17          18   1.2515835011196235     
          18          19   1.2835173573718222     
          19          20   1.5529127706415378     
          20          21   1.3228491734646664     
          17          22   1.2800686120394882     
          19          22  0.11804630545195910     
          21          22   1.5564575511670617     
          12          23  0.96370298389944653     
          23          24   1.2743254349244668     
          24          25  0.97930957096034543     
          25          26  0.98164166826536692     
          26          27   1.4113282287098787     
          27          28   1.4461687174474838     
          26          29  0.10895258026002327     
          28          29   1.4369739851120302     
          27          30  0.11144057410038669     
          29          30   1.4400728141018815     
          26          31   1.4146456800757994     
          28          31  0.11026355526799922     
          30          31   1.4403202384141476     
          23          32  0.17975102236713805     
          24          32   1.5879847489837444     
          23          33  0.96532425940746447     
          33          34  0.88785741185994493     
          34          35   1.1991514371363650     
          34          36   1.7770850144757868     
          35          36  0.18282019710315303     
          11          37  0.95941988581748294     
          33          37   1.0021891326354579     
          37          38   1.1868594224189344     
          38          39  0.95434995745365114     
          39          40   1.0013446151809928     
          40          41   1.4041946395225515     
          41          42   1.4507406833741860     
          40          43  0.10852565027865770     
          42          43   1.4336814623040672     
          41          44  0.11144351244214365     
          43          44   1.4420184937664036     
          40          45   1.4084003106838050     
          42          45  0.10896638313968596     
          44          45   1.4387424357061496     
          37          46  0.17854958868327592     
          38          46   1.7165546760393071     
           1          47  0.96797435365791196     
           2          48  0.97066009986494828     
           3          49  0.97096252435106534     
           4          50  0.96132984877080507     
           7          51  0.96792005889371269     
           8          52  0.97034589818377104     
           9          53  0.96664105901545783     
          11          54  0.94765309922573437     
          12          55  0.94333399077602575     
          14          56  0.96555933242720937     
          15          57  0.96975886056701022     
          16          58  0.96756265580613976     
          19          59  0.96141434745059939     
          20          60  0.97092257623199751     
          21          61  0.97045667881325648     
          22          62  0.96775559733814132     
          25          63  0.95351306348249953     
          25          64  0.96209839900761707     
          27          65  0.96801040311510711     
          28          66  0.97052249087573872     
          29          67  0.97106617501630210     
          30          68  0.97060088779925746     
          31          69  0.96844720100505621     
          33          70  0.92907379588353134     
          35          71  0.76414939961259076     
          39          72  0.95687959226208341     
          39          73  0.95806016230547952     
          41          74  0.96817596757609892     
          42          75  0.97093012015413316     
          43          76  0.97138291123758058     
          44          77  0.97074694426946673     
          45          78  0.96822149297711346     
