   -0.02961404
   -0.02459076
   -0.02686569
   -0.02649324
   -0.03150898
    0.00372668
    0.03499500
    0.03170993
   -0.00018241
   -0.03740794
   -0.02838955
   -0.02790649
   -0.02555815
   -0.03243728
   -0.08650462
    0.26541854
    0.09848415
   -0.04096724
   -0.03852546
    0.12193249
    0.55580788
   -0.38372410
   -0.36263764
   -0.15247774
   -0.40791500
    0.07956001
    0.36142502
   -0.34414582
   -0.38807830
   -0.10009942
    0.27044772
    0.11404654
   -0.03715660
   -0.03520030
    0.11779793
    0.54638434
   -0.36507163
   -0.40034061
   -0.16138880
   -0.40224425
    0.04270801
    0.04281887
    0.04078239
    0.03938328
    0.02520260
    0.07893521
    0.08579823
    0.03476616
    0.04037000
    0.04020452
    0.04266734
    0.05321272
    0.08931733
    0.09463623
    0.10615708
    0.35276841
    0.09150276
    0.09446471
