           1           2   1.4418100787406889     
           2           3   1.4412230392226013     
           1           4  0.11102302950493584     
           3           4   1.4367135403084930     
           2           5  0.11193594127157171     
           4           5   1.4470233709995552     
           1           6   1.4157418247028357     
           3           6  0.10939398493532047     
           5           6   1.4114575976673533     
           6           7  0.98387473997490771     
           7           8  0.96604047645706526     
           8           9  0.98104269413138256     
           9          10   1.4172380345890618     
          10          11   1.4393728273545066     
           9          12  0.10928213055316607     
          11          12   1.4418979071147024     
          10          13  0.11080088380641522     
          12          13   1.4363843826827229     
           9          14   1.4097219847131190     
          11          14  0.11211713155035413     
          13          14   1.4472899554637857     
           8          15  0.94526020631871610     
          15          16   1.2173484200093079     
          16          17  0.99898134626543178     
          17          18   1.4953817114790955     
          18          19   1.3575190876915992     
          17          20  0.12046574157301974     
          19          20   1.4746609253850977     
          20          21  0.99880276516091271     
          21          22   1.4285420733421434     
          21          23   1.4459993123540278     
          22          23  0.36156523488363712     
          17          24   1.1272417593833743     
          20          24   1.1221922500439296     
          15          25  0.20015653152700932     
          16          25   1.6593085638062470     
          15          26   1.0018795623783574     
          26          27  0.90070844223489610     
          27          28   1.1815514848922641     
          27          29   1.7691972550009549     
          28          29  0.18425373286845198     
           7          30  0.95125269048474514     
          26          30  0.98300910563168187     
          30          31   1.2153508934417614     
          31          32  0.99114570405350233     
          32          33   1.4933182171411390     
          33          34   1.3592439129837726     
          32          35  0.11816343620816604     
          34          35   1.4680957630214007     
          35          36   1.0141566557322110     
          36          37   1.4414231409733513     
          36          38   1.4103857815312237     
          37          38  0.35250662313248216     
          32          39   1.1341338405620913     
          35          39   1.1057868295564481     
          30          40  0.19997338699585304     
          31          40   1.6692423005283241     
           1          41  0.96765531794763626     
           2          42  0.97017969954896111     
           3          43  0.97078771928739993     
           4          44  0.97061426453631450     
           5          45  0.96931477795200904     
           7          46  0.94940220453694724     
           8          47  0.95162244536565865     
          10          48  0.96504429675266390     
          11          49  0.97057429248565386     
          12          50  0.97071395358532964     
          13          51  0.97009330135302407     
          14          52  0.96687349015905177     
          18          53  0.96833554726309079     
          19          54  0.96667688417613196     
          26          55  0.91501496890569423     
          28          56  0.84883213327419593     
          33          57  0.96794162033707676     
          34          58  0.96661852431149553     
