   -0.03390591
   -0.02745514
   -0.03039705
   -0.02709608
   -0.03686265
    0.00232642
    0.03457607
    0.03856790
    0.00895926
   -0.02821659
   -0.02593673
   -0.02725883
   -0.02456176
   -0.02782551
   -0.11257891
    0.27397920
   -0.01542720
   -0.03614405
   -0.02460212
   -0.03660240
    0.10226512
   -0.16306644
   -0.03699547
   -0.40609214
    0.08365507
    0.35253082
   -0.35108373
   -0.38535101
   -0.11239871
    0.27247294
   -0.01507885
   -0.04890520
    0.10132221
   -0.16473576
   -0.03673822
   -0.02482751
   -0.02541921
   -0.40708508
    0.03711971
    0.03992631
    0.03784132
    0.03892402
    0.03497966
    0.08846843
    0.06701711
    0.01993925
    0.03566128
    0.03818015
    0.04017597
    0.03738603
    0.04199954
    0.05412746
    0.06563174
    0.06465297
    0.07262505
    0.34697289
    0.07833452
    0.06413653
    0.05597754
    0.06191576
