           1           2   1.4376328227657433     
           2           3   1.4442217635507089     
           1           4  0.11023367452487248     
           3           4   1.4334445530004614     
           2           5  0.11226943547902811     
           4           5   1.4500420393351632     
           1           6   1.4177132416808276     
           3           6  0.10940706934294156     
           5           6   1.4056518392375621     
           6           7  0.98832735841967800     
           7           8  0.95145775681643241     
           8           9  0.98970058283386353     
           9          10   1.4091220887766283     
          10          11   1.4487684465803983     
           9          12  0.10953738392096081     
          11          12   1.4355339324323020     
          10          13  0.11187321353452916     
          12          13   1.4417679130938426     
           9          14   1.4164601183352512     
          11          14  0.11061548487442709     
          13          14   1.4413179723524143     
           8          15  0.95339495433221433     
          15          16   1.2101272470917175     
          16          17  0.95030414673767083     
          17          18   1.3976272841301989     
          18          19   1.4415006748065120     
          17          20  0.10784093798420691     
          19          20   1.4370130913565904     
          18          21  0.10056290269848828     
          20          21   1.4045064538060710     
          21          22  0.98286291107543844     
          17          23   1.4169392871492243     
          19          23  0.10755047523803764     
          21          23   1.4005452307724964     
          15          24  0.19543847465486339     
          16          24   1.7073375147788001     
          15          25  0.98761543293057896     
          25          26  0.90639789483164990     
          26          27   1.1701662704460276     
          26          28   1.7717933846109861     
          27          28  0.18450693314647346     
           7          29  0.96458643418003842     
          25          29  0.98976074571798123     
          29          30   1.1791695686261536     
          30          31  0.98071225035241383     
          31          32   1.3959968414837007     
          32          33   1.4065284547670160     
          33          34  0.98202256324824866     
          31          35  0.10415292510102804     
          33          35   1.3996118030800688     
          32          36  0.10672238609265619     
          35          36   1.4382590098083905     
          31          37   1.3941700127583592     
          36          37   1.4422239205539893     
          29          38  0.18406106507667264     
          30          38   1.7018929178014128     
           1          39  0.96677364466017579     
           2          40  0.97046528172677060     
           3          41  0.97096089481734882     
           4          42  0.97052605383277213     
           5          43  0.96717506142355592     
           7          44  0.93901089999122156     
           8          45  0.95227218875945951     
          10          46  0.96899032021185472     
          11          47  0.97087588063226715     
          12          48  0.97103376009874931     
          13          49  0.97047237514454454     
          14          50  0.96797250671717328     
          18          51  0.96871953450301018     
          19          52  0.96793907345331898     
          20          53  0.96663828430226240     
          23          54  0.96562170040357054     
          25          55  0.92954885471102688     
          27          56  0.85319890405044452     
          32          57  0.95740483525329068     
          35          58  0.96677295868603697     
          36          59  0.96766439264885817     
          37          60  0.96682965053104131     
