   -0.02834268
   -0.02549000
   -0.02802701
   -0.02658884
   -0.02941375
    0.00827760
    0.03965633
    0.03430023
    0.00526290
   -0.03635822
   -0.02694834
   -0.03095029
   -0.02877136
   -0.03319218
   -0.11148375
    0.27074584
   -0.05175441
    0.08286805
   -0.15649224
    0.06872518
   -0.07256372
   -0.42076954
    0.08506904
    0.35386994
   -0.34907516
   -0.39149273
   -0.11925028
    0.27408551
   -0.05093821
    0.06405043
   -0.16020722
    0.06937034
   -0.05700784
   -0.41000467
    0.03828677
    0.03895777
    0.03696308
    0.03574670
    0.02412124
    0.06838150
    0.08940721
    0.03555335
    0.03829831
    0.03646271
    0.03681760
    0.03232574
    0.06917061
    0.05938157
    0.06803506
    0.07331690
    0.34440765
    0.05083272
    0.06033667
    0.05203791
