           1           2   1.4414047030619617     
           2           3   1.4416277161857409     
           1           4  0.11073131565499256     
           3           4   1.4358236843745735     
           2           5  0.11194971825235263     
           4           5   1.4483541866731424     
           1           6   1.4164408594534592     
           3           6  0.10953708234484547     
           5           6   1.4098968477597600     
           6           7  0.98896567629778820     
           7           8  0.95355692932186398     
           8           9  0.98830964150451894     
           9          10   1.4054471376423721     
          10          11   1.4505793421201392     
           9          12  0.10965804205532054     
          11          12   1.4333880078243029     
          10          13  0.11223608967528426     
          12          13   1.4438728505702914     
           9          14   1.4186498173407056     
          11          14  0.11014795922560663     
          13          14   1.4380248654495249     
           8          15  0.96651004499794324     
          15          16   1.1726442488015441     
          16          17   1.0119581423700423     
          17          18   1.5374091495595603     
          18          19   1.1706379796252284     
          18          20  0.14086136138693256     
          19          20   1.1307141858209899     
          17          21   1.2466669714162928     
          20          21   1.6244746043890459     
          15          22  0.17876934060530916     
          16          22   1.6826152998277077     
          15          23  0.99070241476262599     
          23          24  0.90563186282390729     
          24          25   1.1720337609991744     
          24          26   1.7674161435557594     
          25          26  0.18404379732620468     
           7          27  0.95387355399436791     
          23          27  0.98451130074876636     
          27          28   1.1998234161025212     
          28          29  0.97370668455834697     
          29          30   1.5618635074541145     
          30          31   1.1485683135366078     
          30          32  0.14854572013826975     
          31          32   1.1413909947487726     
          29          33   1.2607024495271704     
          32          33   1.6133948400739817     
          27          34  0.19017760372717318     
          28          34   1.7005954206682019     
           1          35  0.96784790818998634     
           2          36  0.97055902518979376     
           3          37  0.97110634897814863     
           4          38  0.97087003270814398     
           5          39  0.96942990548986763     
           7          40  0.95223163304203085     
           8          41  0.93753765275885925     
          10          42  0.96774380994608733     
          11          43  0.97057731924665414     
          12          44  0.97108052094719777     
          13          45  0.97072841693435230     
          14          46  0.96639105258209101     
          18          47  0.96427206657320963     
          20          48  0.96586007829816478     
          21          49  0.96397960984610576     
          23          50  0.93891422541330782     
          25          51  0.85461473185286518     
          30          52  0.96573782555850951     
          32          53  0.96532527860489836     
          33          54  0.97397283570461513     
