    0.14540710
   -0.27013831
    0.03447655
   -0.06587523
   -0.03216010
   -0.04245893
   -0.03790480
   -0.01723442
    0.03999474
    0.04709188
   -0.00744288
   -0.02876548
   -0.03846594
   -0.03039393
   -0.06355225
    0.14738781
   -0.27243628
    0.04000927
   -0.10106911
    0.26139419
    0.09392117
   -0.04547301
   -0.04675253
    0.12796698
    0.11155979
   -0.19641272
   -0.17014036
   -0.41255597
    0.09173078
    0.36192079
   -0.35873524
   -0.37864215
   -0.09562839
    0.26374195
    0.10196495
   -0.04423535
   -0.04576182
    0.12418889
    0.11611677
   -0.21024525
   -0.16371822
   -0.43533063
    0.05720252
    0.06437282
    0.04076851
    0.04637801
    0.04149361
    0.03998079
    0.03629288
    0.08198107
    0.08123935
    0.03777338
    0.03995154
    0.03965347
    0.04039871
    0.04622178
    0.03829218
    0.06107001
    0.06902563
    0.06078417
    0.09758654
    0.34555606
    0.07433495
    0.06229769
