           1           2   1.0724618352803570     
           2           3  0.97736399381343086     
           1           4   1.3789225067537474     
           4           5   1.4349309909736618     
           5           6   1.4439192628931736     
           4           7  0.10095767397366286     
           6           7   1.4219796580429589     
           1           8   1.3150374575146304     
           5           8  0.10530561639989766     
           7           8   1.4417579462649388     
           8           9  0.98928429148282682     
           9          10  0.94981997623260417     
          10          11  0.98976710597308271     
          11          12   1.4406607965868226     
          12          13   1.4234291623446009     
          11          14  0.10630947425371065     
          13          14   1.4453896176121415     
          12          15  0.10234320715391129     
          14          15   1.4335431346588254     
          11          16   1.3220035003976063     
          15          16   1.3826851191897522     
          16          17   1.0604292818381464     
          17          18  0.98335135485741665     
          10          19  0.95299008914425676     
          19          20   1.2174284389750367     
          20          21  0.99400748868835020     
          21          22   1.5072607025130540     
          22          23   1.3504123488005968     
          21          24  0.12488167849137866     
          23          24   1.4693783594439820     
          24          25   1.1092949865286230     
          25          26   2.7971522247502101     
          21          27   1.1329029107179140     
          24          27   1.0989772249867065     
          19          28  0.19784482369162504     
          20          28   1.6592868299756129     
          19          29  0.98483448506455484     
          29          30  0.90054266965819085     
          30          31   1.1616675668338428     
          30          32   1.7876391272243941     
          31          32  0.18347888223434286     
           9          33  0.96206076276334307     
          29          33  0.98600134212924573     
          33          34   1.2185288953535409     
          34          35   1.0107839007989459     
          35          36   1.4922586862854066     
          36          37   1.3608778572219060     
          35          38  0.12203889498226879     
          37          38   1.4584885663913734     
          38          39   1.1121034586488248     
          39          40   2.7874796112434916     
          35          41   1.1366930622238036     
          38          41   1.1023254072385211     
          33          42  0.19395037645808641     
          34          42   1.6369271475041105     
           3          43  0.97213996395069668     
           3          44  0.97944287669331043     
           3          45  0.97589515121183745     
           4          46  0.96491861642776833     
           5          47  0.97067923257841293     
           6          48  0.97064699294750045     
           7          49  0.96805220140393522     
           9          50  0.94507449110309305     
          10          51  0.94680871100656516     
          12          52  0.96690935074633311     
          13          53  0.97067936520577580     
          14          54  0.97086233040086700     
          15          55  0.96542673698977788     
          18          56  0.97629300583927381     
          18          57  0.97551889928245894     
          18          58  0.97960379824718768     
          22          59  0.97066188805631270     
          23          60  0.97267941020141480     
          29          61  0.93739488574990126     
          31          62  0.85373241736913041     
          36          63  0.96997371496385898     
          37          64  0.97259009827746323     
