   -0.02702421
   -0.02588327
   -0.02779066
   -0.02461233
   -0.02842331
    0.01498181
    0.04637929
    0.04604085
    0.01173338
   -0.03189909
   -0.02576051
   -0.02837308
   -0.02588180
   -0.02941746
   -0.11603390
    0.27182116
   -0.02267561
   -0.02715168
   -0.03533845
    0.01394080
   -0.03510692
   -0.02816577
   -0.02746644
   -0.03303601
    0.01632932
   -0.03629039
   -0.40848855
    0.08639538
    0.34865801
   -0.37047934
   -0.37988787
   -0.11922800
    0.27138139
   -0.02007317
   -0.03620477
    0.01570687
   -0.03317471
   -0.02709750
   -0.02755588
   -0.03326006
    0.01583131
   -0.03268150
   -0.02481670
   -0.40630831
    0.02681603
    0.03602329
    0.03692794
    0.03871008
    0.03589829
    0.05723520
    0.05341971
    0.04848320
    0.03618028
    0.03500057
    0.03621632
    0.03180748
    0.04452493
    0.04030022
    0.03539688
    0.03548281
    0.03479617
    0.03438453
    0.03224644
    0.06906270
    0.34427224
    0.03225147
    0.03333271
    0.03513248
    0.03501647
    0.03549044
    0.03994535
    0.04203347
