           1           2   1.4491829440970587     
           2           3   1.4349918221771221     
           1           4  0.11167370421967648     
           3           4   1.4417027088430485     
           2           5  0.11038023980899346     
           4           5   1.4416235939276458     
           1           6   1.4078075055426529     
           3           6  0.10937066372229516     
           5           6   1.4152508241107979     
           6           7  0.99346845321437793     
           7           8  0.95023702587707171     
           8           9  0.99131516115296681     
           9          10   1.4100855376330632     
          10          11   1.4470231784907903     
           9          12  0.10915642652916904     
          11          12   1.4368773015268541     
          10          13  0.11201408424066088     
          12          13   1.4404923796797857     
           9          14   1.4145312037992861     
          11          14  0.11070887634021222     
          13          14   1.4424796008144343     
           8          15  0.95155911231361523     
          15          16   1.2016937292990333     
          16          17  0.95179109888639046     
          17          18   1.2902320855126508     
          18          19   1.5564200247527955     
          19          20   1.2798127423278278     
          20          21   1.2799789687788794     
          21          22   1.5578399885637428     
          22          23   1.3194941970946472     
          21          24  0.11847481061177921     
          23          24   1.5589105343965262     
          20          25   1.2485031451132167     
          24          25   1.2768898017368477     
          17          26   1.5164865014214766     
          19          26  0.11605068086213477     
          25          26   1.2837720551273131     
          15          27  0.19370139186071242     
          16          27   1.7095392000032736     
          15          28  0.98754082553179412     
          28          29  0.90534503925639576     
          29          30   1.1517003517653071     
          29          31   1.7791811892382201     
          30          31  0.18188863897945184     
           7          32  0.95326984157386108     
          28          32  0.98403624963124681     
          32          33   1.1867737892114820     
          33          34  0.96101380153739546     
          34          35   1.5103288699434572     
          35          36   1.2856626793526977     
          36          37   1.2760902499710405     
          37          38   1.5587846307216549     
          38          39   1.3192243610607495     
          37          40  0.11823356566996103     
          39          40   1.5576295294610987     
          36          41   1.2480513259963750     
          40          41   1.2804416600929960     
          35          42  0.11553327804440867     
          41          42   1.2797464879180325     
          34          43   1.2929814971239397     
          42          43   1.5569466687493581     
          32          44  0.18667333937934188     
          33          44   1.7126036415856143     
           1          45  0.96889556588444004     
           2          46  0.97085764175568801     
           3          47  0.97113293372706755     
           4          48  0.97058899241252217     
           5          49  0.96849320498689173     
           7          50  0.95246483481339839     
           8          51  0.95309995887615107     
          10          52  0.96337331245173363     
          11          53  0.97085826871822989     
          12          54  0.97120541380417469     
          13          55  0.97074933677370379     
          14          56  0.96856638289691821     
          18          57  0.96884846518506818     
          19          58  0.96689759968218614     
          21          59  0.96821046376396014     
          22          60  0.97078384620477887     
          23          61  0.97053220507346649     
          24          62  0.96737391498908021     
          26          63  0.96519453270227618     
          28          64  0.93789740185145709     
          30          65  0.85407731856389169     
          35          66  0.96534015180662569     
          37          67  0.96811776424189255     
          38          68  0.97071404699059038     
          39          69  0.97081913498243100     
          40          70  0.96821110575122693     
          42          71  0.96705815526357508     
          43          72  0.96902232153125889     
