   -0.02867410
   -0.02531413
   -0.02765898
   -0.02542041
   -0.03365081
    0.01050325
    0.04551947
    0.04520155
    0.01237268
   -0.02786456
   -0.02402894
   -0.02761108
   -0.02669831
   -0.03022283
   -0.11802698
    0.27200362
   -0.02545926
   -0.03676121
   -0.04442908
    0.10123962
   -0.15971639
   -0.03275591
   -0.01627928
   -0.39740438
    0.08031310
    0.34366270
   -0.35686040
   -0.33848902
   -0.11315467
    0.27211032
   -0.02570917
   -0.03662901
   -0.04408829
    0.10227335
   -0.15937569
   -0.03136186
   -0.01777477
   -0.40029477
    0.03345620
    0.03816861
    0.03719644
    0.03878351
    0.04815472
    0.05558665
    0.06438577
    0.03908983
    0.04127820
    0.03887952
    0.03657695
    0.02403865
    0.04393282
    0.06290582
    0.07154429
    0.06779071
    0.03536674
    0.32730092
    0.04321005
    0.06269851
    0.07176753
    0.06440222
