           1           2   1.4414493727176583     
           2           3   1.4411948728720829     
           1           4  0.11061002671081215     
           3           4   1.4364284852809188     
           2           5  0.11221530904283043     
           4           5   1.4474749513009160     
           1           6   1.4158800052226779     
           3           6  0.10917422470387554     
           5           6   1.4096960216351817     
           6           7  0.98871646379676148     
           7           8  0.95543167987051736     
           8           9  0.98976488493655090     
           9          10   1.4141854987565288     
          10          11   1.4430389544589000     
           9          12  0.10944141146695940     
          11          12   1.4404837574902933     
          10          13  0.11100320470064956     
          12          13   1.4366931021564389     
           9          14   1.4105569548148384     
          11          14  0.11144717368620011     
          13          14   1.4469826104227514     
           8          15  0.95098112545150326     
          15          16   1.1881443232511208     
          16          17  0.96254494331912888     
          17          18   1.3964526918857594     
          18          19   1.4480401662123117     
          19          20   1.3949700338692965     
          20          21  0.98719956396888786     
          18          22  0.10729069682094700     
          20          22   1.4016019780384237     
          17          23   1.4012079129528512     
          19          23  0.10701144383493744     
          22          23   1.4453057619700433     
          15          24  0.18857164663024209     
          16          24   1.7158191029135841     
          15          25  0.98683519242698803     
          25          26  0.89743343794670671     
          26          27   1.1400836902022060     
          26          28   1.8058764107917655     
          27          28  0.16931924320776678     
           7          29  0.94887672173819804     
          25          29  0.99008115547674203     
          29          30   1.2038577843694278     
          30          31  0.95155973213708833     
          31          32   1.4019544844044021     
          32          33   1.4443028405972518     
          33          34   1.3970041355839646     
          34          35  0.98723053867936694     
          32          36  0.10787213840533419     
          34          36   1.4014493748925920     
          31          37   1.4001374262824868     
          33          37  0.10783987401447273     
          36          37   1.4448639983111655     
          29          38  0.19552024194504439     
          30          38   1.7116803120222446     
           1          39  0.96842855561344499     
           2          40  0.97060872068200288     
           3          41  0.97104211827765508     
           4          42  0.97066716238182538     
           5          43  0.96407712358066200     
           7          44  0.95348306523174786     
           8          45  0.95193821335156836     
          10          46  0.96833014846135701     
          11          47  0.97036037361309369     
          12          48  0.97098550580817700     
          13          49  0.97081371100833314     
          14          50  0.96922624762807352     
          18          51  0.96701291098886100     
          19          52  0.96624608344898588     
          22          53  0.96495888256855222     
          23          54  0.96596622968744517     
          25          55  0.94170125472075472     
          27          56  0.86191861182688534     
          32          57  0.96780877701607348     
          33          58  0.96632072208936726     
          36          59  0.96483087844160531     
          37          60  0.96650455566492188     
