   -0.03512183
    0.48362177
   -0.20949004
   -0.19579368
   -0.21303603
   -0.02265533
   -0.01956207
   -0.01441279
   -0.02650293
    0.00436484
    0.03290560
    0.05188895
    0.02499671
   -0.02018141
    0.48920817
   -0.19238714
   -0.21548615
   -0.20701238
   -0.01819807
   -0.01904442
   -0.01510985
   -0.02347637
   -0.10581474
    0.27160060
    0.08813573
   -0.03645171
   -0.06832069
    0.20730661
   -0.10548885
   -0.19589261
   -0.41864924
    0.07656378
    0.36023531
   -0.35927388
   -0.34413986
   -0.09744490
    0.26906104
    0.08039495
   -0.05836738
   -0.07300194
    0.19588312
   -0.11205563
   -0.17143518
   -0.42830901
    0.07323938
    0.06604646
    0.06535427
    0.05339551
    0.08010605
    0.05742994
    0.07140959
    0.06097835
    0.05851007
    0.04572833
    0.08639443
    0.07694175
    0.06907335
    0.36544720
    0.07732245
    0.07857177
