           1           2  0.94869449763099190     
           2           3  0.93954367514550496     
           2           4  0.95896008319974058     
           2           5  0.93852740430882176     
           1           6   1.4106165588596431     
           6           7   1.4452715138705443     
           1           8  0.10378992006117817     
           7           8   1.4293474121900243     
           6           9  0.10827152656387491     
           8           9   1.4505647239679842     
           1          10   1.3859517935386172     
           7          10  0.10786875895997471     
           9          10   1.4052162849502770     
          10          11  0.99255388923058152     
          11          12  0.94836483062413313     
          12          13  0.99254693270625072     
          13          14   1.3893922168991184     
          14          15  0.94850647398137422     
          15          16  0.95729370899437305     
          15          17  0.93782295463551657     
          15          18  0.94485348005694325     
          14          19   1.4123188219371854     
          13          20  0.10841096065976459     
          19          20   1.4447827635143895     
          14          21  0.10590466148482677     
          20          21   1.4318023994099345     
          13          22   1.4052900082055231     
          19          22  0.10873438000894431     
          21          22   1.4499501841220592     
          12          23  0.96418901784299127     
          23          24   1.1807929372397663     
          24          25   1.0294908237729792     
          25          26   1.5334913155239953     
          26          27   1.3102512332901244     
          25          28  0.12520085573345974     
          27          28   1.5284895929068913     
          28          29   1.0167528906457397     
          25          30   1.0702945152088676     
          28          30   1.1249993135395799     
          23          31  0.18152625477385323     
          24          31   1.6545936257043774     
          23          32  0.99954197224879182     
          32          33  0.87620785690863534     
          33          34   1.2019249755599999     
          33          35   1.7996987005107743     
          34          35  0.18381590846924134     
          11          36  0.95971650544980791     
          32          36  0.96546655185497765     
          36          37   1.2702546766280947     
          37          38  0.96971797730236775     
          38          39   1.5649797793774389     
          39          40   1.2892486718264695     
          38          41  0.13075407092148136     
          40          41   1.5464398363832470     
          41          42   1.0102076889459666     
          38          43   1.0930378508017387     
          41          43   1.1243959805855617     
          36          44  0.19791957433586010     
          37          44   1.6123223669195417     
           6          45  0.96450123431563684     
           7          46  0.96765403667385685     
           8          47  0.96768716417396961     
           9          48  0.96557395598117080     
          11          49  0.95073313364969736     
          12          50  0.94817226313397085     
          19          51  0.96509746995776124     
          20          52  0.96826684759924297     
          21          53  0.96842697037590963     
          22          54  0.96595667454498524     
          26          55  0.96802508496183803     
          27          56  0.96975623450110737     
          32          57  0.93429303456380464     
          34          58  0.77669333976483224     
          39          59  0.96968716009024469     
          40          60  0.96930850555035453     
