    0.14578646
   -0.27391111
    0.03954587
   -0.06400340
   -0.03071791
   -0.03797419
   -0.03031480
   -0.00540941
    0.04416541
    0.04472248
   -0.00621211
   -0.03026494
   -0.03815480
   -0.03054741
   -0.06393635
    0.14615790
   -0.27366794
    0.03949339
   -0.10225089
    0.27268515
   -0.03952922
    0.07899664
    0.48929878
   -0.21544905
   -0.18464381
   -0.18931896
   -0.13649231
    0.08485542
   -0.05760734
   -0.39183574
    0.08325797
    0.34715950
   -0.33916217
   -0.39909569
   -0.10280162
    0.27449425
   -0.03879241
    0.07028847
    0.48758122
   -0.18331640
   -0.19847812
   -0.20689395
   -0.14097420
    0.08549658
   -0.05305608
   -0.38851979
    0.06229275
    0.03770141
    0.04549907
    0.03954216
    0.03954074
    0.04196052
    0.04670473
    0.08113809
    0.08039138
    0.04427105
    0.04125915
    0.03958069
    0.03966528
    0.04640380
    0.06268225
    0.03712675
    0.08566105
    0.07177320
    0.06550924
    0.35263194
    0.08592198
    0.07208940
