           1           2   1.0586283549717723     
           2           3  0.98374021385449417     
           1           4   1.3837117768326050     
           4           5   1.4321800749912139     
           5           6   1.4464750881029937     
           4           7  0.10244266328779951     
           6           7   1.4229138863274273     
           1           8   1.3221250674446121     
           5           8  0.10643090536466532     
           7           8   1.4405885616861818     
           8           9  0.99244187977819975     
           9          10  0.95179973224389469     
          10          11  0.99185694570988292     
          11          12   1.4413027952273278     
          12          13   1.4225927094332702     
          11          14  0.10640994418198353     
          13          14   1.4464557521774470     
          12          15  0.10232115060808465     
          14          15   1.4323122740049983     
          11          16   1.3215482499373084     
          15          16   1.3835574710470104     
          16          17   1.0594836118637867     
          17          18  0.98344226305307303     
          10          19  0.94856391694382558     
          19          20   1.2158163929315151     
          20          21  0.95696168137956261     
          21          22   1.5269018134459220     
          22          23  0.95934928354587989     
          23          24  0.92937131176924359     
          23          25  0.96575450531763485     
          23          26  0.95476295207089901     
          22          27   1.1298418144381628     
          22          28  0.14552054510733065     
          27          28   1.1575909787781766     
          21          29   1.2751887809943154     
          28          29   1.5956998409145660     
          19          30  0.20103981327438358     
          20          30   1.7069575137200315     
          19          31  0.98525923279834193     
          31          32  0.90393210393062795     
          32          33   1.1831488089154805     
          32          34   1.7641783469664769     
          33          34  0.18788829392105072     
           9          35  0.94798486210887134     
          31          35  0.98963251420277898     
          35          36   1.2138156145060111     
          36          37  0.95895626275980494     
          37          38   1.5217617619507109     
          38          39  0.95946878693301563     
          39          40  0.96274316416966932     
          39          41  0.95270023852843733     
          39          42  0.93308778510062063     
          38          43   1.1245683314345114     
          38          44  0.14511922511951578     
          43          44   1.1569359968619897     
          37          45   1.2737956560067940     
          44          45   1.5992404590218012     
          35          46  0.19882815312058755     
          36          46   1.7083066288374948     
           3          47  0.97941554793233387     
           3          48  0.97584146334668131     
           3          49  0.97616140724262501     
           4          50  0.96554980635276644     
           5          51  0.97087485836593546     
           6          52  0.97049878913349374     
           7          53  0.96704347343549391     
           9          54  0.94633818530655611     
          10          55  0.94632850127918988     
          12          56  0.96556091585337200     
          13          57  0.97055459107766251     
          14          58  0.97086555418956832     
          15          59  0.96551414296271376     
          18          60  0.97620086614449930     
          18          61  0.97938948492976441     
          18          62  0.97579546270881490     
          28          63  0.96088840381733720     
          29          64  0.97077562245624327     
          31          65  0.94375317021336147     
          33          66  0.84862621478762623     
          44          67  0.96077885225223003     
          45          68  0.97143401033550358     
