    0.13482163
   -0.28128462
    0.03909031
   -0.06697585
   -0.03268910
   -0.03867690
   -0.03750239
   -0.01886595
    0.04829314
    0.04560884
   -0.01873813
   -0.02947529
   -0.04039291
   -0.03070795
   -0.06544804
    0.14221402
   -0.27767639
    0.04369074
   -0.09978981
    0.27105389
   -0.01148395
   -0.03262686
   -0.02770938
   -0.03491368
    0.01876782
   -0.05964763
   -0.09922267
   -0.02803864
   -0.46897495
    0.08052273
    0.35155575
   -0.37242400
   -0.36982025
   -0.10762446
    0.27281686
   -0.02092864
   -0.04254555
    0.01938064
   -0.05993883
   -0.09835921
   -0.03642489
   -0.03138219
   -0.03045621
   -0.41835629
    0.05930942
    0.04512563
    0.03876271
    0.03614042
    0.03643707
    0.04220525
    0.07338317
    0.08706488
    0.05294671
    0.04117403
    0.03914291
    0.04108770
    0.04080000
    0.06187148
    0.04476884
    0.03932627
    0.03362903
    0.04068760
    0.04030681
    0.04246932
    0.04191681
    0.04092819
    0.03709878
    0.03567904
    0.04222165
    0.06442505
    0.36489632
    0.05134417
    0.04673145
    0.03838696
    0.03557680
    0.03886911
    0.04048632
    0.03590067
    0.03374429
    0.03644040
