           1           2   1.0507253245700396     
           2           3  0.98458887517354676     
           1           4   1.3912267477782256     
           4           5   1.4255354731211141     
           5           6   1.4533784336293822     
           4           7  0.10247218073997326     
           6           7   1.4160331185957060     
           1           8   1.3186934229071141     
           5           8  0.10646492671071070     
           7           8   1.4470542038140359     
           8           9  0.98788985716275701     
           9          10  0.94638482317627359     
          10          11  0.99265948845628638     
          11          12   1.4351008819078170     
          12          13   1.4248083837944274     
          11          14  0.10621193483471240     
          13          14   1.4439587049591911     
          12          15  0.10126011492627864     
          14          15   1.4317139425796577     
          11          16   1.3208255792575492     
          15          16   1.3826245380793234     
          16          17   1.0605736342922740     
          17          18  0.98139146351160478     
          10          19  0.95895125247364377     
          19          20   1.2773688561107845     
          20          21  0.98368650480104958     
          21          22   1.3920505681720843     
          22          23   1.4447724425698818     
          21          24  0.10578715134336351     
          23          24   1.4403392280315959     
          22          25  0.10685359981794922     
          24          25   1.4092945137595128     
          25          26   1.0126642839205036     
          26          27   1.0003871051802653     
          21          28   1.4053765298816865     
          23          28  0.10690876817968982     
          25          28   1.4143274792769844     
          19          29  0.18257498454690210     
          20          29   1.5744151541932878     
          19          30  0.96099611280924568     
          30          31  0.89416481332671482     
          31          32   1.2094359026355421     
          31          33   1.7641307680540748     
          32          33  0.18214993862958520     
           9          34  0.96939580747773624     
          30          34   1.0039859198291454     
          34          35   1.1843923184705132     
          35          36  0.97263376465529927     
          36          37   1.4072125481824953     
          37          38   1.4132144536274769     
          38          39   1.0130512875172626     
          39          40  0.99960030769398678     
          36          41  0.10587550436272368     
          38          41   1.4096146636324947     
          37          42  0.10830000199809257     
          41          42   1.4419130514645142     
          36          43   1.3968134946016575     
          38          43  0.10730810383237417     
          42          43   1.4424849163868791     
          34          44  0.18170163722515734     
          35          44   1.7013042720802767     
           3          45  0.97948871702113816     
           3          46  0.97657015779186451     
           3          47  0.97632959729875934     
           4          48  0.96574480293203779     
           5          49  0.97098913198027237     
           6          50  0.97039442296101441     
           7          51  0.95565367767354803     
           9          52  0.94118264500719184     
          10          53  0.95392934972851129     
          12          54  0.96700262873736609     
          13          55  0.97050246763672665     
          14          56  0.97048890380064678     
          15          57  0.96488404374327430     
          18          58  0.97677833431280803     
          18          59  0.97648184622307721     
          18          60  0.97640619182617139     
          22          61  0.96889431737622700     
          23          62  0.96957853142727357     
          24          63  0.96884488064703578     
          26          64  0.97283434755637999     
          26          65  0.97393137220635628     
          27          66  0.98587977396615889     
          27          67  0.98796544203754766     
          27          68  0.98622814313458829     
          28          69  0.96738403665730344     
          30          70  0.93508567507385720     
          32          71  0.75853887978833512     
          37          72  0.96411291581072067     
          39          73  0.97276911902082341     
          39          74  0.97411419842629632     
          40          75  0.98845577873875878     
          40          76  0.98599808727194260     
          40          77  0.98795451902672538     
          41          78  0.96912747590039439     
          42          79  0.97013731292656136     
          43          80  0.96807123595076316     
