   -0.03339814
   -0.02850450
   -0.02769063
   -0.03438169
    0.01158131
    0.01718917
   -0.03429836
   -0.02822598
   -0.02840029
    0.00593429
    0.04480123
    0.04682954
    0.00783217
   -0.02901933
   -0.02671588
   -0.03349448
    0.01674142
    0.01506727
   -0.04449903
   -0.03064616
   -0.02984304
   -0.03301011
   -0.10186281
    0.28434464
   -0.00580449
    0.00597548
    0.54645066
   -0.40109070
   -0.36723622
   -0.01647864
   -0.01832483
   -0.01336527
   -0.02135848
   -0.39600293
    0.08574967
    0.35603415
   -0.33467616
   -0.41312534
   -0.10591404
    0.28199293
   -0.00290999
   -0.02104730
   -0.01296389
   -0.01882348
   -0.01460029
    0.01498969
    0.55355818
   -0.36736147
   -0.40707621
   -0.39949550
    0.03643144
    0.03469778
    0.03338600
    0.02989824
    0.03856978
    0.03675761
    0.02559975
    0.06876924
    0.05773739
    0.03436330
    0.03858937
    0.03819219
    0.04573276
    0.02761008
    0.03151494
    0.03424172
    0.08587240
    0.06491726
    0.06322432
    0.06508121
    0.07069863
    0.35401167
    0.05774446
    0.06472954
    0.06370807
    0.08449472
