           1           2   1.5578280141016687     
           2           3   1.3216334685192281     
           1           4  0.11854987800358316     
           3           4   1.5552096269173816     
           4           5   1.2829745378700457     
           1           6   1.2788820616291587     
           5           6   1.2516646282717483     
           6           7   1.2809212569475041     
           7           8   1.5508167127453796     
           8           9   1.3287216952006211     
           5          10   1.2536981482808227     
           7          10  0.11461411815194851     
           9          10   1.5212664026855554     
          10          11  0.99196072215773168     
          11          12  0.94658284391953584     
          12          13  0.99657903366348055     
          13          14   1.5191938899773048     
          14          15   1.3279699160931557     
          13          16  0.11461295998630330     
          15          16   1.5524842345240237     
          16          17   1.2790944877412211     
          13          18   1.2518275995925450     
          17          18   1.2510900290747953     
          18          19   1.2851537354331797     
          19          20   1.5518657355651662     
          20          21   1.3239814130673484     
          17          22   1.2811285915428481     
          19          22  0.11815122965536347     
          21          22   1.5554619990134195     
          12          23  0.94604232538760480     
          23          24   1.2107799355891149     
          24          25  0.93958896871207942     
          25          26   1.3557997094029159     
          26          27  0.96906429346023182     
          27          28   1.4274143730755782     
          27          29   1.4654169759233815     
          28          29  0.35410342642542403     
          26          30   1.3761539842786199     
          25          31  0.10389580777697745     
          30          31   1.4555440980701073     
          31          32   1.4243428550630386     
          25          33   1.4098832054020949     
          30          33  0.10547740364869458     
          32          33   1.4388354165227990     
          23          34  0.19168807834032472     
          24          34   1.7079056871182114     
          23          35  0.98648767337306686     
          35          36  0.91247361482478218     
          36          37   1.1846621380431845     
          36          38   1.7505111609849715     
          37          38  0.18339006297747396     
          11          39  0.95085609804021809     
          35          39  0.97927658628261349     
          39          40   1.2119965362537841     
          40          41  0.94547539762745580     
          41          42   1.4139219210163616     
          42          43   1.4358094534262922     
          41          44  0.10456942217485597     
          43          44   1.4275401729720423     
          42          45  0.10457765414338281     
          44          45   1.4513118739155850     
          41          46   1.3527159058303657     
          45          46   1.3800110538380244     
          46          47  0.97072124461468512     
          47          48   1.4684309547686041     
          47          49   1.4277120774256478     
          48          49  0.35353032427518433     
          39          50  0.19185470982778718     
          40          50   1.6997184695106260     
           1          51  0.96787857598986582     
           2          52  0.97060847198898315     
           3          53  0.97094383800186690     
           4          54  0.96092852440280341     
           7          55  0.96777845727556144     
           8          56  0.97024784045048951     
           9          57  0.96584405194009215     
          11          58  0.94434169263471368     
          12          59  0.95014203388047291     
          14          60  0.96710892510869351     
          15          61  0.96998725650882300     
          16          62  0.96776598678245174     
          19          63  0.95750562781031257     
          20          64  0.97127803122539236     
          21          65  0.97084527255581932     
          22          66  0.96805721682849211     
          30          67  0.95929715902077628     
          31          68  0.96750891074192258     
          32          69  0.96756774425851644     
          33          70  0.96597977156403692     
          35          71  0.93490026376293711     
          37          72  0.84477232917551537     
          42          73  0.96501124094423940     
          43          74  0.96747403957995637     
          44          75  0.96757620149390033     
          45          76  0.95970876205792466     
