   -0.02899304
   -0.03272110
    0.01469104
   -0.03329406
   -0.02819703
   -0.02775053
   -0.03284586
    0.01743178
   -0.03726990
    0.00490891
    0.04372469
    0.03690426
   -0.00812066
   -0.03764030
    0.01795270
   -0.03074314
   -0.02695900
   -0.02780803
   -0.03414465
    0.01329344
   -0.03409007
   -0.04235315
   -0.12402848
    0.27240487
   -0.02185606
   -0.04177898
   -0.02909202
   -0.03559173
    0.01438364
   -0.01380819
   -0.10363577
   -0.10337849
   -0.02654791
   -0.41972933
    0.07661849
    0.34998467
   -0.34947375
   -0.35625433
   -0.15418156
    0.27191011
   -0.02603161
   -0.03204695
    0.01500816
   -0.01406632
   -0.10318970
   -0.10082364
   -0.03601571
   -0.02593549
   -0.03715885
   -0.41114079
    0.01776095
    0.03453924
    0.03349325
    0.03329708
    0.03381648
    0.03490224
    0.03394202
    0.05717713
    0.08780378
    0.03969257
    0.04120679
    0.03518192
    0.03346245
    0.03351619
    0.03746639
    0.02909247
    0.05602248
    0.03921529
    0.03455224
    0.03319397
    0.04319851
    0.03969368
    0.03519663
    0.04012250
    0.03763620
    0.03291123
    0.05232959
    0.06582130
    0.33663455
    0.03913460
    0.03534817
    0.04110571
    0.03657337
    0.04073654
    0.03291573
    0.03885689
    0.03457635
    0.03823469
    0.04365044
    0.03546779
