           1           2   1.5616679828128566     
           2           3   1.2780959387867268     
           3           4   1.2810092219020079     
           4           5   1.5568734041359529     
           5           6   1.3203624164640098     
           4           7  0.11833123968691413     
           6           7   1.5583396441277027     
           3           8   1.2502192524160949     
           7           8   1.2780266211524061     
           2           9  0.11478506866724690     
           8           9   1.2833558778787497     
           1          10   1.2955480337057039     
           9          10   1.5243721931147090     
          10          11  0.98855926180412457     
          11          12  0.95004392916859404     
          12          13  0.98730083221118736     
          13          14   1.5271748070543500     
          14          15   1.2789660378539078     
          15          16   1.2789326072047937     
          16          17   1.5574817876869960     
          17          18   1.3211960043573308     
          16          19  0.11850455909636835     
          18          19   1.5563014870175407     
          15          20   1.2523721898779956     
          19          20   1.2812420624297367     
          14          21  0.11356233328520958     
          20          21   1.2755804507643764     
          13          22   1.2908823406579142     
          21          22   1.5644658004616105     
          12          23  0.96714072288151154     
          23          24   1.1639494647960646     
          24          25  0.99131054682107533     
          25          26   1.3908153630009954     
          26          27   1.4405385392055108     
          25          28  0.10270702418522525     
          27          28   1.4419368860266653     
          26          29  0.10577623868313681     
          28          29   1.4040998641090876     
          29          30  0.99853107674892183     
          30          31  0.99267158189021387     
          30          32   1.0012032277654215     
          25          33   1.3949811614565895     
          27          33  0.10772127123146032     
          29          33   1.4199430255822594     
          23          34  0.17555544760631489     
          24          34   1.6965605710093805     
          23          35  0.99239060043103822     
          35          36  0.89693611223482339     
          36          37   1.1667114600103063     
          36          38   1.7906277147700043     
          37          38  0.17213226227750775     
          11          39  0.95252473372113533     
          35          39  0.97771838237534570     
          39          40   1.1718984207704091     
          40          41  0.95959939902378355     
          41          42   1.4080659645528257     
          42          43   1.4109671061375302     
          43          44  0.99866708951528638     
          44          45  0.99316803729914349     
          44          46   1.0001752757190330     
          41          47  0.10720627108099799     
          43          47   1.4112398537830046     
          42          48  0.10975196777331050     
          47          48   1.4439526789303470     
          41          49   1.4041769733323668     
          43          49  0.10844187592480524     
          48          49   1.4388926336993244     
          39          50  0.18231562756254954     
          40          50   1.7215109178154149     
           1          51  0.96607290836171500     
           2          52  0.96734926358236684     
           4          53  0.96835635746886473     
           5          54  0.97096426483996523     
           6          55  0.97088751203839685     
           7          56  0.96823009996462028     
           9          57  0.96572754751096435     
          11          58  0.95405513597409708     
          12          59  0.93717659109089957     
          14          60  0.96254528411994700     
          16          61  0.96776343621126049     
          17          62  0.97077432584696455     
          18          63  0.97094790568661438     
          19          64  0.96837987071584308     
          21          65  0.96776340501962677     
          22          66  0.96624999913091525     
          26          67  0.96210699919289533     
          27          68  0.96986085223067897     
          28          69  0.96809341794651216     
          30          70  0.96727739338760899     
          31          71  0.98586039351717092     
          31          72  0.98479138960593260     
          31          73  0.98740062199397127     
          32          74  0.98373058527349411     
          32          75  0.98598774275393952     
          32          76  0.98550205265664592     
          33          77  0.96306360446323636     
          35          78  0.93482220992930987     
          37          79  0.84128613208940251     
          42          80  0.96438848820530776     
          44          81  0.96707406645751282     
          45          82  0.98593664916010293     
          45          83  0.98727885690437645     
          45          84  0.98481583748512125     
          46          85  0.98383517033780943     
          46          86  0.98582496343439219     
          46          87  0.98295530396596476     
          47          88  0.96807382968017985     
          48          89  0.96940248552383657     
          49          90  0.96901893872130618     
