   -0.03580757
   -0.02836479
   -0.03133393
   -0.02918379
   -0.03378316
   -0.00237875
    0.03374768
    0.03862243
    0.00704750
   -0.03297189
   -0.02479884
   -0.02835523
   -0.02623397
   -0.02812931
   -0.12323630
    0.27999618
   -0.05514286
    0.06093833
   -0.17735438
    0.05270413
    0.00437083
   -0.11326931
   -0.41977708
    0.08649723
    0.35149179
   -0.36517498
   -0.37957640
   -0.11701200
    0.27654869
   -0.05903816
    0.06305740
   -0.16981552
    0.05311156
   -0.00128942
   -0.11184595
   -0.42001509
    0.04506009
    0.04004226
    0.03576970
    0.03753172
    0.04650550
    0.08582125
    0.07686487
    0.03519781
    0.03886412
    0.03689584
    0.03137012
    0.02004757
    0.03908881
    0.05274312
    0.04278743
    0.07052788
    0.06830771
    0.06907434
    0.34495970
    0.05771828
    0.05566114
    0.04619931
    0.07559576
    0.05312059
