           1           2   1.4336897159055750     
           2           3   1.4472425258162691     
           1           4  0.10943376454838337     
           3           4   1.4302061466697695     
           2           5  0.11308546470308121     
           4           5   1.4545826624263498     
           1           6   1.4215696282553252     
           3           6  0.10912968123277302     
           5           6   1.4018315078778814     
           6           7  0.98512904806500745     
           7           8  0.96035595863507583     
           8           9  0.98564687304207310     
           9          10   1.4063251840087372     
          10          11   1.4510402835187892     
           9          12  0.10955561472653579     
          11          12   1.4335498162179605     
          10          13  0.11232634423261284     
          12          13   1.4435736713048071     
           9          14   1.4190086783556066     
          11          14  0.11014435103112460     
          13          14   1.4384732072837645     
           8          15  0.96257759594045089     
          15          16   1.1921031143006029     
          16          17  0.98743426550345659     
          17          18   1.5595085065354286     
          18          19   1.1464043185374218     
          18          20  0.14708465815696203     
          19          20   1.1153329497225934     
          17          21   1.2243185640421164     
          20          21   1.5918430521227809     
          21          22   1.0369566264842445     
          15          23  0.18508277720129918     
          16          23   1.6885384996005097     
          15          24  0.98178508986359248     
          24          25  0.91232675258628038     
          25          26   1.1497770829078098     
          25          27   1.7843968085927120     
          26          27  0.17933734320007114     
           7          28  0.94916682083633797     
          24          28  0.99996925173172291     
          28          29   1.1805874290117442     
          29          30   1.0015034447505569     
          30          31   1.5431770158758167     
          31          32   1.1584771996701726     
          31          33  0.14301222244574238     
          32          33   1.1158607447206443     
          30          34   1.2215653811266003     
          33          34   1.5935742855770521     
          34          35   1.0363369972499792     
          28          36  0.18151850447004139     
          29          36   1.6848278105831582     
           1          37  0.96393702862316866     
           2          38  0.97060262863290292     
           3          39  0.97104402225633546     
           4          40  0.97045847232998883     
           5          41  0.96831603665015709     
           7          42  0.94718720370203369     
           8          43  0.94597430996342380     
          10          44  0.96916229458426950     
          11          45  0.97053052911376647     
          12          46  0.97112867641414868     
          13          47  0.97012983918999929     
          14          48  0.96791801063312000     
          18          49  0.96485202121415070     
          20          50  0.96596303613860224     
          22          51  0.98476013339038182     
          22          52  0.97048439221135996     
          22          53  0.96447689829225181     
          24          54  0.92458020972623922     
          26          55  0.85481511627506046     
          31          56  0.96206369381302659     
          33          57  0.96573693347637934     
          35          58  0.98350722850664285     
          35          59  0.97041105340665301     
          35          60  0.96525661300878851     
