   -0.02065018
    0.48630454
   -0.19718753
   -0.20975529
   -0.22254832
   -0.01687012
   -0.01959215
   -0.01546778
   -0.02154063
    0.02862345
    0.04801676
    0.04666683
    0.02368551
   -0.02135058
    0.48569616
   -0.20230516
   -0.19957556
   -0.22540390
   -0.01803753
   -0.02044597
   -0.01583903
   -0.02261810
   -0.12309171
    0.27161092
   -0.00627369
   -0.03255997
    0.01237316
   -0.10843860
   -0.02062559
   -0.04194946
   -0.42149978
    0.06757235
    0.34710952
   -0.34609088
   -0.34724185
   -0.13384239
    0.26024905
   -0.02539948
   -0.03532693
    0.01176953
   -0.11047934
   -0.02049714
   -0.03240658
   -0.42796782
    0.06988517
    0.05932121
    0.05694013
    0.04807350
    0.05620024
    0.07287197
    0.06977788
    0.05900134
    0.05890894
    0.04498886
    0.06271168
    0.04587661
    0.05590925
    0.05742239
    0.05122689
    0.09292659
    0.33610158
    0.07048044
    0.05844596
    0.05997115
    0.04943701
    0.05672247
