           1           2  0.95264133211956414     
           2           3  0.96034701353637231     
           2           4  0.93987023132757319     
           2           5  0.92883624655095554     
           1           6   1.4122696164318216     
           6           7   1.4440418164711493     
           1           8  0.10415544309235450     
           7           8   1.4313974496243311     
           6           9  0.10897759777842472     
           8           9   1.4502073304084981     
           1          10   1.3854218430310052     
           7          10  0.10847918818001374     
           9          10   1.4066010103180207     
          10          11  0.99516178787036369     
          11          12  0.95280090027703657     
          12          13  0.99002319514103765     
          13          14   1.3832801986379022     
          14          15  0.95165753162339828     
          15          16  0.94751974265672156     
          15          17  0.95674278554514591     
          15          18  0.92649302881095130     
          14          19   1.4153886099500164     
          13          20  0.10836691417199583     
          19          20   1.4415170723058275     
          14          21  0.10555720116470592     
          20          21   1.4351572345176236     
          13          22   1.4125942236835207     
          19          22  0.10873818236144148     
          21          22   1.4452968582086607     
          12          23  0.96109106706155634     
          23          24   1.1690512709437628     
          24          25   1.0322063205838929     
          25          26   1.5594478106509393     
          26          27   1.2610108773848634     
          27          28   1.0232878997069996     
          25          29  0.10868417607945180     
          27          29   1.5849563182845792     
          25          30   1.1368795486179140     
          29          30   1.1843148613461061     
          23          31  0.17556198857536853     
          24          31   1.6618564348102638     
          23          32  0.98405856829573202     
          32          33  0.88569764838027532     
          33          34   1.1605614753183995     
          33          35   1.8014614579380848     
          34          35  0.17364590360173529     
          11          36  0.95299985129050246     
          32          36  0.99912104019596937     
          36          37   1.1653642058110090     
          37          38   1.0438701667507349     
          38          39   1.5330893562831014     
          39          40   1.2781354102483262     
          40          41   1.0243330546243790     
          38          42  0.10756259075453289     
          40          42   1.5660713270102669     
          38          43   1.1390593022736062     
          39          43  0.10870599115278409     
          42          43   1.2039924309105010     
          36          44  0.17764325737425621     
          37          44   1.6475800832268406     
           6          45  0.96531373783210350     
           7          46  0.96862586922750737     
           8          47  0.96884898435163047     
           9          48  0.96709499544361943     
          11          49  0.95389628972118812     
          12          50  0.95135927870309112     
          19          51  0.96519834909174662     
          20          52  0.96857058436559540     
          21          53  0.96862791236942902     
          22          54  0.96385163490959558     
          26          55  0.96131729013328082     
          28          56  0.98549877364705096     
          28          57  0.97076347444559397     
          28          58  0.97037304258182921     
          29          59  0.96832591128372336     
          32          60  0.91876925968140177     
          34          61  0.84813256369533951     
          39          62  0.96023648351520519     
          41          63  0.96971198541037062     
          41          64  0.96969469466667491     
          41          65  0.98509123921612207     
          42          66  0.96737227275371307     
