   -0.03452007
   -0.02921204
   -0.02825748
   -0.03701639
    0.00454767
    0.01354323
   -0.03557397
   -0.02623142
   -0.03085032
   -0.01169505
    0.03778346
    0.05258248
    0.00499687
   -0.03098262
   -0.02873166
   -0.03381320
    0.01597811
    0.01389967
   -0.03639556
   -0.02489847
   -0.02809625
   -0.03408899
   -0.11682188
    0.28443509
   -0.03627392
    0.17493739
   -0.21104445
   -0.04831685
   -0.02763577
   -0.03034023
   -0.02441795
   -0.40174069
    0.09876396
    0.36742310
   -0.35892375
   -0.38635435
   -0.11286238
    0.28491929
   -0.02636171
   -0.02549157
   -0.03096789
   -0.02593152
   -0.04623512
    0.17460131
   -0.21758517
   -0.42025901
    0.03781102
    0.03701711
    0.03681805
    0.03050180
    0.03972893
    0.04385731
    0.03759070
    0.05880032
    0.04694571
    0.02883718
    0.03505797
    0.03597703
    0.04566361
    0.04082573
    0.03148553
    0.03174191
    0.06544651
    0.05204366
    0.05315555
    0.04712977
    0.06125220
    0.34765299
    0.05487837
    0.05263848
    0.05214428
    0.06451431
