           1           2   1.5573650663502423     
           2           3   1.3220312899378102     
           1           4  0.11840197446156799     
           3           4   1.5543038191707366     
           4           5   1.2835093377130651     
           1           6   1.2788389565880907     
           5           6   1.2518388732058596     
           6           7   1.2802276318110692     
           7           8   1.5502132047653041     
           8           9   1.3293016025552291     
           5          10   1.2534507272769171     
           7          10  0.11415968021283088     
           9          10   1.5195370266615074     
          10          11  0.99071092659978410     
          11          12  0.95222958272120117     
          12          13  0.99345362083658950     
          13          14   1.5214462466142717     
          14          15   1.3268483148659909     
          13          16  0.11403191974805535     
          15          16   1.5526880693956524     
          16          17   1.2794261810547374     
          13          18   1.2518410996749654     
          17          18   1.2509459776124963     
          18          19   1.2853791414857871     
          19          20   1.5507352619463950     
          20          21   1.3246675692285774     
          17          22   1.2807222528095610     
          19          22  0.11852537575263732     
          21          22   1.5552655688765846     
          12          23  0.94889652332823016     
          23          24   1.2076293617452052     
          24          25  0.94870764557339859     
          25          26   1.3631218964619154     
          26          27  0.97123505492925766     
          26          28   1.3950181864625453     
          25          29  0.10890231129228835     
          28          29   1.4424996156764627     
          29          30   1.4351053819519215     
          25          31   1.4072568614046608     
          28          31  0.11040585266372104     
          30          31   1.4429621415814120     
          23          32  0.19500412982118373     
          24          32   1.7112545517945779     
          23          33  0.98600234723315849     
          33          34  0.90953365327449220     
          34          35   1.1592392973723524     
          34          36   1.7691454028458931     
          35          36  0.17794951217780483     
          11          37  0.95360092550713960     
          33          37  0.97324458635825795     
          37          38   1.2288189228418660     
          38          39  0.95439345363263528     
          39          40   1.4064753615981593     
          40          41   1.4411200114478082     
          39          42  0.10944951806386016     
          41          42   1.4373877101866614     
          40          43  0.11001194696863081     
          42          43   1.4390123139460860     
          39          44   1.3656317464571692     
          43          44   1.3992908298486735     
          44          45  0.96455464318036088     
          37          46  0.19304314237893155     
          38          46   1.6771788623479322     
           1          47  0.96775237862719399     
           2          48  0.97044293436148665     
           3          49  0.97067263755369948     
           4          50  0.96086227556743720     
           7          51  0.96764073809401929     
           8          52  0.96966117363192272     
           9          53  0.96724144654743771     
          11          54  0.94363092960098482     
          12          55  0.95197890298435350     
          14          56  0.96745474229683448     
          15          57  0.97026704862705726     
          16          58  0.96789878512844929     
          19          59  0.95998458910412543     
          20          60  0.97043082006250525     
          21          61  0.97074465791938636     
          22          62  0.96814606920447055     
          28          63  0.96545597767476687     
          29          64  0.96974326231053321     
          30          65  0.96884486641843526     
          31          66  0.96907354504831322     
          33          67  0.94481486306400542     
          35          68  0.85318574358759336     
          40          69  0.96783752553156255     
          41          70  0.96875299199219977     
          42          71  0.96970616387028996     
          43          72  0.96550097949433700     
