   -0.03127920
   -0.02798169
   -0.02730207
   -0.03734834
    0.01009977
    0.01962919
   -0.03080516
   -0.02588117
   -0.03367084
   -0.00448648
    0.04049095
    0.03615020
   -0.00981119
   -0.04254425
   -0.03543549
   -0.03454616
    0.01700327
    0.01321735
   -0.03626794
   -0.02462722
   -0.02631100
   -0.03329049
   -0.10884743
    0.27302005
    0.07437965
    0.07091444
   -0.10498458
   -0.06477449
    0.08178320
   -0.17525018
   -0.40905964
    0.08560015
    0.35344948
   -0.36794341
   -0.37512836
   -0.11178422
    0.27540013
    0.07900712
    0.04490273
   -0.15252755
   -0.06762384
    0.07350817
   -0.14369037
   -0.40324371
    0.03774634
    0.03445111
    0.03323783
    0.02721795
    0.04180371
    0.03998762
    0.02111765
    0.08052447
    0.09229730
    0.03673046
    0.03332755
    0.03656510
    0.05460735
    0.03831918
    0.03483348
    0.03435242
    0.07466131
    0.07453563
    0.09068073
    0.34538035
    0.06431217
    0.07120093
