           1           2   1.5561021628470302     
           2           3   1.3238402786060550     
           1           4  0.11840160376582237     
           3           4   1.5530313877582655     
           4           5   1.2850528976710425     
           1           6   1.2805213922409651     
           5           6   1.2559137326683865     
           6           7   1.2754153283899612     
           7           8   1.5592525251632925     
           8           9   1.3182955190827237     
           5          10   1.2462793290731127     
           7          10  0.11376042670156415     
           9          10   1.5311979809711294     
          10          11  0.98414723023210415     
          11          12  0.95738906201017471     
          12          13  0.98787097104272492     
          13          14   1.5264471853199089     
          14          15   1.3178066163890176     
          13          16  0.11244934557215196     
          15          16   1.5591178230725289     
          16          17   1.2755063369749502     
          13          18   1.2444986021391991     
          17          18   1.2555052375010454     
          18          19   1.2869386170151482     
          19          20   1.5513901986985770     
          20          21   1.3251820878996361     
          17          22   1.2804984623661502     
          19          22  0.11889644012452694     
          21          22   1.5549912463457050     
          12          23  0.94395384167080543     
          23          24   1.1809330617639373     
          24          25   1.0250450164429965     
          25          26   1.4775411636885210     
          26          27   1.0289355571814520     
          26          28   1.2839788949963125     
          25          29  0.13429765208946776     
          28          29   1.5894250370277427     
          25          30   1.0964280568929581     
          29          30   1.1465619697682787     
          23          31  0.17950594031279676     
          24          31   1.6605044798148840     
          23          32  0.99888690142625591     
          32          33  0.91508300517587549     
          33          34   1.1441102577711908     
          33          35   1.7882026749186883     
          34          35  0.17919215500548813     
          11          36  0.95456732045443882     
          32          36  0.97320798218489279     
          36          37   1.2296545954924953     
          37          38  0.96300216652317439     
          38          39   1.5011819399328221     
          39          40  0.99714269167685909     
          39          41   1.2772338518381492     
          38          42  0.13876861858130604     
          41          42   1.5934545762099743     
          38          43   1.1330662352471121     
          42          43   1.1530886726069070     
          36          44  0.20319540468172237     
          37          44   1.6811198625704349     
           1          45  0.96787521360413742     
           2          46  0.97067802482036303     
           3          47  0.97099149386206540     
           4          48  0.96576377610509589     
           7          49  0.96753437673504150     
           8          50  0.96981970649821925     
           9          51  0.96301679259080719     
          11          52  0.94143543030916721     
          12          53  0.94282750075104593     
          14          54  0.96364980245100462     
          15          55  0.97055188281177540     
          16          56  0.96777120857963062     
          19          57  0.96003846812954896     
          20          58  0.97064997335697489     
          21          59  0.97057829896970593     
          22          60  0.96804063770138482     
          28          61  0.97040896734081095     
          29          62  0.96214468942666442     
          32          63  0.91613145088451942     
          34          64  0.85396218756100650     
          41          65  0.97205889826598058     
          42          66  0.96258954542395159     
