   -0.04319633
   -0.03249758
    0.01454836
   -0.03222475
   -0.02508426
   -0.02461495
   -0.03339907
    0.01668474
   -0.04445414
   -0.01016185
    0.02653989
    0.04242889
    0.00234146
   -0.04214010
    0.01539842
   -0.03332932
   -0.02588113
   -0.02642662
   -0.03312221
    0.01493684
   -0.03113617
   -0.03202792
   -0.11223582
    0.27589391
    0.11019194
   -0.03680515
   -0.03440240
    0.12123415
    0.54517289
   -0.37772091
   -0.36341234
   -0.15648748
   -0.38973755
    0.07022655
    0.36448922
   -0.35699419
   -0.39894354
   -0.09677552
    0.27205850
    0.10339608
   -0.05711211
   -0.04197934
    0.11595544
    0.54567197
   -0.37655734
   -0.34763000
   -0.11722143
   -0.40034618
    0.02836229
    0.04495752
    0.04062319
    0.04116772
    0.04121234
    0.03930279
    0.03823608
    0.05920964
    0.06359999
    0.02827368
    0.04073321
    0.04011569
    0.03743722
    0.03678068
    0.04273649
    0.03740929
    0.08764757
    0.09594163
    0.07794057
    0.38565208
    0.07434942
    0.09519936
