           1           2   1.5513982592063242     
           2           3   1.2833178851990454     
           3           4   1.2782970003064809     
           4           5   1.5594919500101752     
           5           6   1.3178709032552052     
           4           7  0.11860391533933792     
           6           7   1.5608589488861495     
           3           8   1.2476051514907505     
           7           8   1.2751553698359839     
           2           9  0.11600403295889047     
           8           9   1.2885791065683487     
           1          10   1.3005489583355478     
           9          10   1.5168475124315759     
          10          11  0.98421216797417188     
          11          12  0.94397652164647561     
          12          13  0.98982301161880848     
          13          14   1.5192871940628376     
          14          15   1.2871108890125911     
          15          16   1.2768902194049188     
          16          17   1.5591521620113757     
          17          18   1.3193583012691676     
          16          19  0.11847719485863469     
          18          19   1.5578558261615563     
          15          20   1.2480744918723006     
          19          20   1.2801023156490654     
          14          21  0.11555949459609763     
          20          21   1.2804926396484253     
          13          22   1.2999055873503167     
          21          22   1.5571782544103692     
          12          23  0.95680913651312693     
          23          24   1.1959963545816359     
          24          25  0.99012550758432649     
          25          26   1.5057791816252630     
          26          27   1.3476167239258934     
          25          28  0.11962554188355143     
          27          28   1.4815734372924425     
          28          29   1.0044568365993107     
          29          30   1.4269242822678794     
          29          31   1.4396927935020507     
          30          31  0.36244309474144787     
          25          32   1.1301045807019241     
          28          32   1.1099544973964230     
          23          33  0.19274929092032217     
          24          33   1.6904425864947616     
          23          34  0.97401706038663627     
          34          35  0.89793961056347515     
          35          36   1.2651840325672095     
          35          37   1.7274541952246674     
          36          37  0.18951054635625203     
          11          38  0.96187491854976226     
          34          38  0.95446324226226209     
          38          39   1.2858754248654383     
          39          40  0.97329540985976171     
          40          41   1.4951748052447640     
          41          42   1.3536801181264748     
          40          43  0.12225214159679432     
          42          43   1.4799849905176232     
          43          44  0.99140210197852530     
          44          45   1.4270279067166214     
          44          46   1.4554114756343928     
          45          46  0.37081140382334565     
          40          47   1.1539239116445237     
          43          47   1.1317157826115007     
          38          48  0.20145171323732605     
          39          48   1.6051236783355882     
           1          49  0.96634651931946880     
           2          50  0.96719800964340163     
           4          51  0.96783791631639082     
           5          52  0.97036738262457334     
           6          53  0.97032315665172153     
           7          54  0.96788253568928584     
           9          55  0.96540631078219941     
          11          56  0.94811979419980175     
          12          57  0.95368073256359065     
          14          58  0.96631730741810518     
          16          59  0.96776585400404613     
          17          60  0.97044807026167090     
          18          61  0.97064278693218098     
          19          62  0.96811501972108827     
          21          63  0.96734236831978226     
          22          64  0.96735582769824280     
          26          65  0.96857808736785111     
          27          66  0.96625559542703876     
          34          67  0.92779083128545581     
          36          68  0.70684786303397373     
          48          68  0.12082619409388656     
          41          69  0.96664632052764121     
          42          70  0.96629645444029566     
