   -0.02777748
   -0.02464538
   -0.02727991
   -0.02819877
   -0.03427231
    0.00224825
    0.03581556
    0.03329648
   -0.00360517
   -0.03426850
   -0.02715635
   -0.02948770
   -0.02911807
   -0.03895913
   -0.10210695
    0.27364469
   -0.00555244
   -0.02644826
   -0.02160550
   -0.02096499
    0.48608263
   -0.20288451
   -0.20581937
   -0.20527076
   -0.01988279
   -0.01613972
   -0.40729877
    0.08634394
    0.34944873
   -0.36280708
   -0.37916756
   -0.11556192
    0.27560543
   -0.00442931
   -0.03048345
   -0.02376805
   -0.02191241
    0.48555381
   -0.21087480
   -0.20252069
   -0.20380539
   -0.01940603
   -0.00896302
   -0.40479385
    0.04844623
    0.04265417
    0.03962541
    0.03692056
    0.02434156
    0.07601216
    0.08284801
    0.05635483
    0.04109660
    0.03839497
    0.04006804
    0.03927765
    0.05111273
    0.06639436
    0.07030222
    0.06634062
    0.07077303
    0.34904324
    0.04575654
    0.06440878
    0.07066752
    0.07835763
