           1           2   1.4413117844997454     
           2           3   1.4418590175134449     
           1           4  0.11098777486420365     
           3           4   1.4360525880598167     
           2           5  0.11182544827432056     
           4           5   1.4473408473870422     
           1           6   1.4166283986323145     
           3           6  0.10966209190958404     
           5           6   1.4115957014817984     
           6           7  0.98480373972638402     
           7           8  0.97210255464210871     
           8           9  0.98276332870423833     
           9          10   1.4065078702067919     
          10          11   1.4504305553294499     
           9          12  0.10913882216272822     
          11          12   1.4336593750141600     
          10          13  0.11275908037457662     
          12          13   1.4446437488689230     
           9          14   1.4192155546926597     
          11          14  0.11010892396247469     
          13          14   1.4360889591830941     
           8          15  0.94159058915718941     
          15          16   1.2160709955488653     
          16          17  0.95323499881674167     
          17          18   1.4016407125021151     
          18          19   1.4469815705328286     
          17          20  0.10563436894544787     
          19          20   1.4096348076119221     
          20          21  0.94986127976911983     
          21          22  0.95266411054556499     
          21          23  0.94159739949171439     
          21          24  0.94746104432141642     
          18          25  0.10993814599249979     
          20          25   1.4166889139832495     
          17          26   1.4101309865854035     
          19          26  0.11139923644441085     
          25          26   1.4413682828403156     
          15          27  0.19600885374854449     
          16          27   1.6964649607719240     
          15          28  0.99880047524047666     
          28          29  0.90322613261278351     
          29          30   1.1582638265320415     
          29          31   1.7839876755601585     
          30          31  0.18215351285676212     
           7          32  0.94506812799684614     
          28          32  0.99115759052362984     
          32          33   1.2013258572898111     
          33          34  0.96338871229943523     
          34          35   1.4002639847062373     
          35          36   1.4487950855426113     
          34          37  0.10469674245755486     
          36          37   1.4085581069304920     
          37          38  0.95074445665171392     
          38          39  0.93630287066838647     
          38          40  0.95276001331303428     
          38          41  0.95012678310749366     
          35          42  0.10879450754781875     
          37          42   1.4144644774747004     
          34          43   1.4071329952059051     
          36          43  0.11078710606357149     
          42          43   1.4432545910990520     
          32          44  0.19047432762843747     
          33          44   1.7018896977337707     
           1          45  0.96693013109327519     
           2          46  0.97019874216700597     
           3          47  0.97086120021900868     
           4          48  0.97079787128436468     
           5          49  0.96691425893488481     
           7          50  0.94963508644454753     
           8          51  0.95212896976797257     
          10          52  0.96596519692838156     
          11          53  0.97022279390830135     
          12          54  0.97082828358155004     
          13          55  0.97060318185387939     
          14          56  0.96459143005211390     
          18          57  0.96609834777456038     
          19          58  0.96596980105159336     
          25          59  0.96506192266772595     
          26          60  0.96668853406286770     
          28          61  0.92281555658152625     
          30          62  0.85200128376864259     
          35          63  0.96675875090171459     
          36          64  0.96613683550422458     
          42          65  0.96518538857277658     
          43          66  0.96468596127869355     
