   -0.44826899
    0.26933157
    0.00363075
   -0.02205057
   -0.01845002
    0.00723145
    0.54916946
   -0.37659659
   -0.37536133
   -0.01721475
   -0.01533990
   -0.10206158
    0.07621766
    0.34760687
   -0.36346692
   -0.36598897
   -0.12179193
    0.28124199
   -0.00382677
   -0.02905207
   -0.02163336
    0.00570107
    0.54738777
   -0.37747500
   -0.38334221
   -0.01655443
   -0.01091657
   -0.39043328
    0.04836020
    0.01028415
   -0.02756885
   -0.02340927
   -0.02641674
   -0.02632709
   -0.03213963
    0.03424768
   -0.00717222
   -0.03776669
   -0.02715910
   -0.02659317
   -0.02574071
   -0.03394903
    0.05766248
    0.09074041
    0.09141471
    0.06670918
    0.06518956
    0.36840335
    0.04925813
    0.08474684
    0.09073487
    0.08313497
    0.06318494
    0.03952313
    0.04386920
    0.04213177
    0.03959180
    0.02630863
    0.05433877
    0.03279439
    0.04664231
    0.05004601
    0.04968798
    0.03754372
