           1           2   1.5996910647248850     
           2           3  0.96703595800252995     
           3           4   1.3982808567908145     
           4           5   1.4532751991984478     
           5           6   1.3852515267927226     
           6           7  0.95640568208925658     
           7           8   1.4569022346285656     
           7           9   1.4587883348422119     
           8           9  0.36850335601060885     
           4          10  0.10527644832408636     
           6          10   1.3850006780713453     
           3          11   1.3959933342564756     
           5          11  0.10658520690202589     
          10          11   1.4531168667401761     
           1          12  0.19239326710164942     
           2          12   1.2802352157389310     
          12          13  0.96802340564079670     
          13          14  0.88076300853484424     
          14          15   1.2125106550848210     
          14          16   1.7762087376418316     
          15          16  0.18396923294740894     
          13          17   1.0015948474031877     
          17          18   1.1700440398095924     
          18          19  0.96463306642325786     
          19          20   1.3936102572276907     
          20          21   1.4580767967231727     
          21          22   1.3803753013529261     
          22          23  0.95978972670094942     
          23          24   1.4580186981239125     
          23          25   1.4520664172558750     
          24          25  0.36514685318905582     
          20          26  0.10379451325524860     
          22          26   1.3843039668520563     
          19          27   1.3984611350061469     
          21          27  0.10613200035611407     
          26          27   1.4525479453795216     
          17          28  0.18155736418867352     
          18          28   1.7252710705986392     
          17          29  0.95498278742219833     
          29          30  0.98986367729260361     
          30          31   1.4162577630903779     
          31          32   1.4416531875134735     
          30          33  0.10948697713789950     
          32          33   1.4414980475106951     
          31          34  0.11080983141711231     
          33          34   1.4359395527145820     
          30          35   1.4094097129791370     
          32          35  0.11166767803834628     
          34          35   1.4477347151661297     
          12          36  0.95157567852011138     
          29          36  0.95437179922605031     
          36          37  0.98956208448608907     
          37          38   1.4126681167363873     
          38          39   1.4432217810984513     
          37          40  0.10909185929568149     
          39          40   1.4393888482963064     
          38          41  0.11004176376451369     
          40          41   1.4364008744560675     
          37          42   1.4088640147862312     
          39          42  0.11103124650585229     
          41          42   1.4469727315425354     
           4          43  0.96680427690327031     
           5          44  0.95813744843175674     
          10          45  0.95788524967301991     
          11          46  0.96628067618334001     
          13          47  0.93875249188911081     
          15          48  0.76406645657054106     
          20          49  0.96712261530826227     
          21          50  0.95928575947616590     
          26          51  0.95830718043316510     
          27          52  0.96338982020448682     
          29          53  0.95279104561205008     
          31          54  0.96825976717687579     
          32          55  0.97018109383516293     
          33          56  0.97071700078375600     
          34          57  0.97058045156606143     
          35          58  0.96893218814753423     
          36          59  0.95163881508832660     
          38          60  0.96820768759924003     
          39          61  0.96978457805669016     
          40          62  0.96995976792345329     
          41          63  0.96966619281172539     
          42          64  0.96769625166720641     
