   -0.42113528
    0.27356991
   -0.02154193
   -0.03230780
   -0.03855830
    0.02098822
   -0.11157254
   -0.03757326
   -0.02356431
   -0.10791050
    0.08930011
    0.34910540
   -0.36417793
   -0.38245553
   -0.11967116
    0.27531843
   -0.02146789
   -0.01811860
   -0.03718969
    0.01980886
   -0.11101473
   -0.04033223
   -0.03614484
   -0.41823678
    0.03875343
    0.00539746
   -0.03159200
   -0.02809525
   -0.02857276
   -0.02542168
   -0.02746246
    0.03550274
   -0.00166484
   -0.03323455
   -0.02773920
   -0.03074816
   -0.02992806
   -0.03866906
    0.02958708
    0.03715949
    0.04760995
    0.05362136
    0.04483333
    0.03884340
    0.04399026
    0.07513200
    0.34336691
    0.05508562
    0.03971277
    0.05271552
    0.04362544
    0.04608082
    0.03351806
    0.02664875
    0.06878320
    0.02544869
    0.03396297
    0.03552074
    0.03863251
    0.04300127
    0.07697342
    0.05633755
    0.03779292
    0.03431214
    0.03660988
    0.03945070
