           1           2   1.6927266624121446     
           2           3  0.95905627356860690     
           3           4   1.4010438742767286     
           4           5   1.4448804111307039     
           3           6  0.10658036278437753     
           5           6   1.4106944078821750     
           6           7   1.0273163940662644     
           4           8  0.10933869514310171     
           6           8   1.4059802314470640     
           3           9   1.4019020826422537     
           5           9  0.10742633548421827     
           8           9   1.4518485002356214     
           1          10  0.19000895421091879     
           2          10   1.2067095651375879     
          10          11  0.99843308392873520     
          11          12  0.90718838159036252     
          12          13   1.1524580551601094     
          12          14   1.7827156933375898     
          13          14  0.18063848665577958     
          11          15  0.99085657061370336     
          15          16   1.1938807622354159     
          16          17  0.96697428086102533     
          17          18   1.4048289418340436     
          18          19   1.4486586088909232     
          17          20  0.10588413726337544     
          19          20   1.4100124067045463     
          20          21   1.0267504026499525     
          18          22  0.10711317375956630     
          20          22   1.4057408010552481     
          17          23   1.3954373944056817     
          19          23  0.10856256628960860     
          22          23   1.4511978573873923     
          15          24  0.18597505004545112     
          16          24   1.6986457263927204     
          15          25  0.95106618760443828     
          25          26  0.98638628245755466     
          26          27   1.4106671465074609     
          27          28   1.4482527389683295     
          26          29  0.10970777960893108     
          28          29   1.4355456515685652     
          27          30  0.11183352102251244     
          29          30   1.4419621782738450     
          26          31   1.4169868246092054     
          28          31  0.11084940094253898     
          30          31   1.4412101400482606     
          10          32  0.94609558951213535     
          25          32  0.96841704508446014     
          32          33  0.98368748587389310     
          33          34   1.4065601651888555     
          34          35   1.4504744356878889     
          33          36  0.10919756218786521     
          35          36   1.4335981951232231     
          34          37  0.11268772803241799     
          36          37   1.4444711057653448     
          33          38   1.4191684807309386     
          35          38  0.11013834284400946     
          37          38   1.4363478935441487     
           4          39  0.96689174069089878     
           5          40  0.96804132415366517     
           7          41  0.97713827747288573     
           7          42  0.96682113181153462     
           7          43  0.98440699140890175     
           8          44  0.96865823634415149     
           9          45  0.96919747880591856     
          11          46  0.91888298074226216     
          13          47  0.85593697662565582     
          18          48  0.96792867538373817     
          19          49  0.96846116553095285     
          21          50  0.96608286157349688     
          21          51  0.98273386379887806     
          21          52  0.98057215538539766     
          22          53  0.96847263364541281     
          23          54  0.96805092735101161     
          25          55  0.95109070356739556     
          27          56  0.96648366398783703     
          28          57  0.97099346879489701     
          29          58  0.97118400071519639     
          30          59  0.97054864069501634     
          31          60  0.96750045234474036     
          32          61  0.95326180861102872     
          34          62  0.96587166366674770     
          35          63  0.97048369169437243     
          36          64  0.97111398102300217     
          37          65  0.97086448899469058     
          38          66  0.96449898883623775     
