   -0.02613907
    0.48517283
   -0.20246717
   -0.19672427
   -0.22928237
   -0.02168543
   -0.02348121
   -0.01791938
   -0.03033423
    0.02051407
    0.05109830
    0.04159132
    0.01001207
   -0.02710750
    0.48805115
   -0.20254272
   -0.20973510
   -0.21193316
   -0.02228410
   -0.02082039
   -0.01517275
   -0.02532051
   -0.11902915
    0.28046011
   -0.02331596
    0.01480448
   -0.05595145
   -0.09913062
   -0.03750277
   -0.03021812
   -0.03280865
   -0.02967774
   -0.41585869
    0.09678132
    0.36943202
   -0.34734214
   -0.40961787
   -0.11495698
    0.27650492
   -0.02849355
   -0.02841676
   -0.02857213
   -0.02857962
   -0.03777672
    0.01754574
   -0.05445751
   -0.10271880
   -0.41920452
    0.06584414
    0.05542771
    0.05678232
    0.07150307
    0.07165372
    0.05748213
    0.07171350
    0.06183642
    0.06096096
    0.05007737
    0.04045058
    0.03558266
    0.03618076
    0.04280414
    0.05258515
    0.04055266
    0.03878592
    0.03797786
    0.04046673
    0.07948090
    0.34850769
    0.03915307
    0.04110720
    0.03775550
    0.03726238
    0.03672760
    0.03530961
    0.03612826
    0.03464377
    0.05986695
