           1           2  0.95069379376813878     
           2           3  0.95380306802924575     
           2           4  0.95469155849699971     
           2           5  0.92201020129011069     
           1           6   1.4121127388096042     
           6           7   1.4439124827772896     
           1           8  0.10463546569798325     
           7           8   1.4323665316233853     
           6           9  0.10951661136525627     
           8           9   1.4483733307525803     
           1          10   1.3865955700816883     
           7          10  0.10788070456683231     
           9          10   1.4077964240600109     
          10          11  0.98995622772244674     
          11          12  0.95069947986276959     
          12          13  0.99103710219184238     
          13          14   1.3865847104522462     
          14          15  0.95039755123445757     
          15          16  0.95250625995135185     
          15          17  0.94375595826989045     
          15          18  0.93726083795083759     
          14          19   1.4111790155483004     
          13          20  0.10829978742064769     
          19          20   1.4446347722209039     
          14          21  0.10539020994267885     
          20          21   1.4321621353566807     
          13          22   1.4079545249169156     
          19          22  0.10861270945228164     
          21          22   1.4487460159385968     
          12          23  0.96828841806996202     
          23          24   1.2021249260192433     
          24          25  0.95930739608074911     
          25          26   1.3775924679074678     
          26          27   1.0143113757612270     
          27          28  0.99645776023894705     
          26          29   1.4100440547901048     
          25          30  0.10793826947179713     
          29          30   1.4462062311886723     
          26          31  0.10780626736813768     
          30          31   1.4347451808948672     
          25          32   1.4094189358706046     
          29          32  0.10979543679933396     
          31          32   1.4404435596281400     
          23          33  0.18284998601436184     
          24          33   1.6827656015356645     
          23          34  0.97394972326595686     
          34          35  0.90770245715007569     
          35          36   1.1769932517957320     
          35          37   1.7381538063784305     
          36          37  0.17634696717837328     
          11          38  0.96088475215323377     
          34          38  0.98732925002089711     
          38          39   1.1955735101821150     
          39          40  0.96070936703486154     
          40          41   1.4044163938371728     
          41          42   1.4439853881166540     
          40          43  0.10761014078818874     
          42          43   1.4319197587748733     
          41          44  0.10944898782759292     
          43          44   1.4478108392969469     
          40          45   1.3795489251934017     
          42          45  0.10731175908556570     
          44          45   1.4096337099074185     
          45          46   1.0144603213724308     
          46          47  0.99821195967413112     
          38          48  0.18670238357341731     
          39          48   1.6942649559440097     
           6          49  0.96574790851084613     
           7          50  0.96896382965361938     
           8          51  0.96879019956516310     
           9          52  0.95592365608693586     
          11          53  0.95288780063038292     
          12          54  0.94822222912787657     
          19          55  0.96484877918302869     
          20          56  0.96814296092832808     
          21          57  0.96805109716845328     
          22          58  0.96550162568720577     
          27          59  0.96637569949032398     
          27          60  0.97442234173490927     
          28          61  0.98838771864868380     
          28          62  0.98526779847691071     
          28          63  0.98596243139940787     
          29          64  0.96764219346572289     
          30          65  0.97058424363585094     
          31          66  0.96996437391277301     
          32          67  0.96884175944206330     
          34          68  0.94153078396059831     
          36          69  0.85201721705149136     
          41          70  0.96856331561904596     
          42          71  0.96977256401478873     
          43          72  0.97068589896455992     
          44          73  0.96785511390455492     
          46          74  0.97463619190856243     
          46          75  0.96827295123369794     
          47          76  0.98838375187361893     
          47          77  0.98618954670733738     
          47          78  0.98219699691857698     
