   -0.03352143
   -0.02855842
   -0.02706300
   -0.03408090
    0.01249001
    0.01619442
   -0.03353936
   -0.02668428
   -0.02655438
    0.00755847
    0.04836289
    0.04402008
   -0.00172063
   -0.02670074
   -0.02640437
   -0.03505518
    0.01625838
    0.00945604
   -0.03557400
   -0.02809969
   -0.02891196
   -0.03389387
   -0.11958439
    0.27568226
   -0.00862745
    0.02344238
    0.11687641
   -0.23379741
   -0.01818098
   -0.02491399
   -0.01927725
   -0.02447516
   -0.39979429
    0.09719017
    0.34852729
   -0.37218472
   -0.37080953
   -0.11918206
    0.27682392
   -0.01167752
   -0.01807313
   -0.01856043
   -0.02405443
   -0.01921605
    0.01365327
    0.11072335
   -0.23296783
   -0.39971076
    0.03340641
    0.03268555
    0.04253214
    0.02613194
    0.03680296
    0.03728907
    0.03449456
    0.05911391
    0.07498019
    0.02495324
    0.04369594
    0.03791868
    0.02910358
    0.03246375
    0.03345229
    0.03530030
    0.04878034
    0.04679157
    0.05206844
    0.06219081
    0.05807655
    0.35040484
    0.06099680
    0.05245924
    0.04925338
    0.04884378
