           1           2   1.5561536648857413     
           2           3   1.3233937010378645     
           1           4  0.11811098922791101     
           3           4   1.5522025815542506     
           4           5   1.2849816965894574     
           1           6   1.2804520687940284     
           5           6   1.2509965894592092     
           6           7   1.2796170251601811     
           7           8   1.5517143444969457     
           8           9   1.3285067313962462     
           5          10   1.2520734974508443     
           7          10  0.11430800214256444     
           9          10   1.5175417993252125     
          10          11  0.99536364495595253     
          11          12  0.94945428313846814     
          12          13  0.98896004551896566     
          13          14   1.5305410236587140     
          14          15   1.3209214816004144     
          13          16  0.11391647498603652     
          15          16   1.5575989669747792     
          16          17   1.2766969028038195     
          13          18   1.2484178363263432     
          17          18   1.2543591233270035     
          18          19   1.2854184897599343     
          19          20   1.5522265748851405     
          20          21   1.3241400760563602     
          17          22   1.2806773872446799     
          19          22  0.11841673221201181     
          21          22   1.5555636733466294     
          12          23  0.95189093362057631     
          23          24   1.2002415617590387     
          24          25  0.95199713439165912     
          25          26   1.3332569433147268     
          26          27   1.0925449087374368     
          27          28   2.8011616799196064     
          26          29   1.3625077104793819     
          25          30  0.10378280907283940     
          29          30   1.4544847093203614     
          26          31  0.10047733061165851     
          30          31   1.4300989945921270     
          25          32   1.4196258465208851     
          29          32  0.10580943879936412     
          31          32   1.4333365805436329     
          23          33  0.19207768149545493     
          24          33   1.7121362314125566     
          23          34  0.98623989922671673     
          34          35  0.90181599292412995     
          35          36   1.1510572126611929     
          35          37   1.7932398938092791     
          36          37  0.18361814226770412     
          11          38  0.94256985154013329     
          34          38  0.99089481057672990     
          38          39   1.2015340007080537     
          39          40  0.95658894235196357     
          40          41   1.4180453174083660     
          41          42   1.4367538258121613     
          40          43  0.10288252856203829     
          42          43   1.4274171420546427     
          41          44  0.10468715301282706     
          43          44   1.4549629047444661     
          40          45   1.3311923469944116     
          44          45   1.3588729589321755     
          45          46   1.0956592400247718     
          46          47   2.7919191881994587     
          38          48  0.19013465847913197     
          39          48   1.7086919795940554     
           1          49  0.96810058908851904     
           2          50  0.97074820994016986     
           3          51  0.96984078631712323     
           4          52  0.96325256034771223     
           7          53  0.96790729177382562     
           8          54  0.97009701206369958     
           9          55  0.96721530879563311     
          11          56  0.95215218004136093     
          12          57  0.94371735692970682     
          14          58  0.96388527352234998     
          15          59  0.96969297220714012     
          16          60  0.96774731246538825     
          19          61  0.96177452053363588     
          20          62  0.97098724685455262     
          21          63  0.97069535728485901     
          22          64  0.96800522408895839     
          29          65  0.96891707094472745     
          30          66  0.96898512402950088     
          31          67  0.96897170844168967     
          32          68  0.96381642554432179     
          34          69  0.93825107353490544     
          36          70  0.85003288616103445     
          41          71  0.96631536403666762     
          42          72  0.96892257456622000     
          43          73  0.96864383922417963     
          44          74  0.96896415311931849     
