   -0.03289533
   -0.02594827
   -0.02856226
   -0.02668944
   -0.03087896
    0.00575114
    0.03685850
    0.03613923
   -0.00335220
   -0.03481546
   -0.02857124
   -0.03068829
   -0.02871778
   -0.03722101
   -0.10366084
    0.27311222
   -0.01269645
   -0.03134608
   -0.04116941
   -0.01639973
   -0.02087130
   -0.42166298
    0.08444505
    0.35364179
   -0.36397287
   -0.38123911
   -0.11338457
    0.27285970
   -0.00368423
   -0.02453648
   -0.03869164
   -0.01092536
   -0.04520142
   -0.42868886
    0.03639651
    0.03816775
    0.03642692
    0.03634106
    0.02954328
    0.08119274
    0.07848774
    0.05767271
    0.03734143
    0.03465539
    0.03861995
    0.04242959
    0.05586506
    0.04725993
    0.05326026
    0.08951034
    0.34468274
    0.06616589
    0.04782623
    0.05181841
