           1           2   1.4474379956841754     
           2           3   1.4364306710166022     
           1           4  0.11193519720115347     
           3           4   1.4413028797733232     
           2           5  0.11105823733300654     
           4           5   1.4417636617646163     
           1           6   1.4099756433452506     
           3           6  0.10945309349511083     
           5           6   1.4164083584675471     
           6           7  0.98524601241648679     
           7           8  0.96384926003323590     
           8           9  0.98184727548773643     
           9          10   1.4054387199297873     
          10          11   1.4510554153470956     
           9          12  0.10905089047643476     
          11          12   1.4330244695184713     
          10          13  0.11296990883457406     
          12          13   1.4452456589545983     
           9          14   1.4199513705341245     
          11          14  0.11011542788325900     
          13          14   1.4355745564954501     
           8          15  0.94641446980500921     
          15          16   1.2088494330749429     
          16          17  0.99667373134981530     
          17          18   1.5798614274668812     
          18          19   1.2788861411546961     
          17          20  0.11538746789422710     
          19          20   1.6238083262615901     
          17          21   1.1454168462091525     
          20          21   1.1941107779588507     
          15          22  0.18783049132445817     
          16          22   1.6641693458397460     
          15          23  0.99464724902857793     
          23          24  0.90677028575918595     
          24          25   1.1542539217389181     
          24          26   1.7829963676920852     
          25          26  0.18073828674079048     
           7          27  0.95793137938934370     
          23          27  0.99147437495067492     
          27          28   1.1896813146759966     
          28          29   1.0269393932905375     
          29          30   1.5578594619253283     
          30          31   1.2904975204677651     
          29          32  0.11288708459196459     
          31          32   1.6133120427608141     
          29          33   1.1402914146024987     
          32          33   1.1971721863395852     
          27          34  0.17976624510918143     
          28          34   1.6530267774326843     
           1          35  0.96875318310578340     
           2          36  0.97056971187642127     
           3          37  0.97110244673336465     
           4          38  0.97083418680577793     
           5          39  0.96712903315823429     
           7          40  0.94739321742520022     
           8          41  0.95270330123100333     
          10          42  0.96524297428175732     
          11          43  0.97046231228873703     
          12          44  0.97106925314738612     
          13          45  0.97071627932275739     
          14          46  0.96497874514962723     
          18          47  0.96272840737467980     
          19          48  0.96353176250371386     
          20          49  0.96924486221609618     
          23          50  0.91076025493517032     
          25          51  0.85516931580013056     
          30          52  0.96095424853257605     
          31          53  0.96354003208976380     
          32          54  0.96911801442951806     
