   -0.03272659
   -0.02975987
   -0.02767907
   -0.03298454
    0.00909196
    0.01598206
   -0.03471785
   -0.02980867
   -0.03540708
   -0.00604156
    0.04178936
    0.03884546
   -0.00999653
   -0.03376287
   -0.02827107
   -0.03432027
    0.01552459
    0.00760137
   -0.03460605
   -0.02734025
   -0.02855247
   -0.03417230
   -0.11454391
    0.26999725
   -0.01947348
   -0.03374047
    0.01283828
   -0.10958097
    0.01248020
   -0.10991413
   -0.03846472
   -0.03441392
   -0.45728793
    0.08427158
    0.35506930
   -0.36873169
   -0.37851424
   -0.11981493
    0.27768131
   -0.01941567
   -0.02949506
   -0.04021339
    0.00914122
   -0.10784366
    0.01053212
   -0.10879880
   -0.04073357
   -0.42375732
    0.03688313
    0.03345178
    0.03491714
    0.03197306
    0.03921186
    0.03872040
    0.03438006
    0.05743484
    0.05439217
    0.03804556
    0.04273503
    0.03922303
    0.02749617
    0.03545617
    0.03562602
    0.03439982
    0.03961732
    0.04919568
    0.05297434
    0.04556916
    0.04380862
    0.04899765
    0.05270907
    0.03751403
    0.03067848
    0.08145853
    0.36570805
    0.03633914
    0.03290014
    0.04955305
    0.04464534
    0.04102977
    0.04554727
    0.04468213
    0.04964172
    0.04712307
