           1           2   1.5584520847394618     
           2           3   1.3199845133435020     
           1           4  0.11852759080033309     
           3           4   1.5550468132129802     
           4           5   1.2824375367561061     
           1           6   1.2777507866287914     
           5           6   1.2507356097041198     
           6           7   1.2821912542486853     
           7           8   1.5467822176783075     
           8           9   1.3327625798695415     
           5          10   1.2566485235802913     
           7          10  0.11519060281615842     
           9          10   1.5154880548652807     
          10          11  0.99370603460010776     
          11          12  0.94786756097107649     
          12          13  0.99161969367786051     
          13          14   1.5191103765059657     
          14          15   1.3298618084107001     
          13          16  0.11473766564054474     
          15          16   1.5495611739316613     
          16          17   1.2805088315386226     
          13          18   1.2541894317553206     
          17          18   1.2513488931587387     
          18          19   1.2833993923849254     
          19          20   1.5546193025607387     
          20          21   1.3214210384634195     
          17          22   1.2785499721183884     
          19          22  0.11815581324678731     
          21          22   1.5570913020333257     
          12          23  0.95580474295643325     
          23          24   1.2645048474452365     
          24          25  0.97277137659318980     
          25          26   1.3973338028693201     
          26          27   1.4246375149710704     
          27          28   1.0294790718791615     
          25          29  0.10340775035311031     
          27          29   1.3690531041118008     
          29          30   1.0308793155247749     
          26          31  0.10306828092744078     
          29          31   1.4176566207711103     
          25          32   1.4002689435974567     
          27          32  0.10404592232992269     
          31          32   1.4411484823117779     
          23          33  0.18581217054436860     
          24          33   1.6016662800554180     
          23          34  0.96478017049998588     
          34          35  0.88924127382857254     
          35          36   1.2069408813371207     
          35          37   1.7694225421800001     
          36          37  0.18110780621279637     
          11          38  0.96551347437519319     
          34          38  0.99501592581164522     
          38          39   1.1809510562896770     
          39          40  0.96917813677743725     
          40          41   1.4023637857852265     
          41          42   1.4425084237167751     
          40          43  0.10357080107046210     
          42          43   1.4178587431303704     
          43          44   1.0291253374248142     
          41          45  0.10424751279476760     
          43          45   1.3704898849607108     
          45          46   1.0282286605205284     
          40          47   1.3958757415008642     
          42          47  0.10363703980399487     
          45          47   1.4257483383162934     
          38          48  0.18096840717946097     
          39          48   1.7001975504567088     
           1          49  0.96782243651916633     
           2          50  0.97066208011122646     
           3          51  0.97057089746679903     
           4          52  0.96075420789133348     
           7          53  0.96772461058859993     
           8          54  0.97004171845289289     
           9          55  0.96707619317652516     
          11          56  0.94494641424624493     
          12          57  0.94539577960720012     
          14          58  0.96596664102931395     
          15          59  0.96978238416960116     
          16          60  0.96758447927164348     
          19          61  0.96107995647192945     
          20          62  0.97077513703708462     
          21          63  0.97051066270295716     
          22          64  0.96784243041163043     
          26          65  0.96679848813840508     
          28          66  0.96888351915235427     
          28          67  0.96817901749723401     
          28          68  0.98498108066504220     
          30          69  0.98513207418305693     
          30          70  0.96720552515323310     
          30          71  0.96888211790754986     
          31          72  0.96728991375792017     
          32          73  0.96933615278139085     
          34          74  0.94021524972362858     
          36          75  0.76783220162182564     
          41          76  0.96954929210740715     
          42          77  0.96761892972576247     
          44          78  0.96938543453009629     
          44          79  0.96963561658301711     
          44          80  0.98542213299512638     
          46          81  0.98503552886387513     
          46          82  0.96840740284294669     
          46          83  0.96957194917895384     
          47          84  0.96466873214173088     
