   -0.02982298
   -0.02373557
   -0.02661435
   -0.02543579
   -0.02686156
    0.00713272
    0.03991359
    0.03470348
   -0.00140123
   -0.03798495
   -0.02905934
   -0.03006388
   -0.02706452
   -0.03239628
   -0.11456630
    0.27473146
   -0.01781794
   -0.02059130
   -0.03102109
    0.05967807
   -0.11242589
   -0.03238334
   -0.03436983
   -0.40786611
    0.09128483
    0.35081699
   -0.36098589
   -0.38076166
   -0.12092603
    0.27750982
   -0.01733404
   -0.03163466
   -0.03408758
    0.05790609
   -0.11927230
   -0.03074001
   -0.02047267
   -0.40495136
    0.03759942
    0.04143667
    0.03973389
    0.03448196
    0.01289524
    0.06885109
    0.08292543
    0.04057678
    0.04056380
    0.03841351
    0.04079618
    0.04922826
    0.05967115
    0.06034836
    0.05761537
    0.05315654
    0.06388037
    0.34625272
    0.03729529
    0.05588434
    0.06025604
    0.06710897
