           1           2   1.4448162802402873     
           2           3   1.4390324665771628     
           1           4  0.11134058174986707     
           3           4   1.4383115275619540     
           2           5  0.11112542305128713     
           4           5   1.4450898336130884     
           1           6   1.4125507558372004     
           3           6  0.10952869016159812     
           5           6   1.4127488749999340     
           6           7  0.98753372178605925     
           7           8  0.95960602844847520     
           8           9  0.98528250092694725     
           9          10   1.4206061866726882     
          10          11   1.4334957454767381     
           9          12  0.10916055317386698     
          11          12   1.4469979031752465     
          10          13  0.10948317850668289     
          12          13   1.4308220499035267     
           9          14   1.4032302170208641     
          11          14  0.11293702292686075     
          13          14   1.4536031503679672     
           8          15  0.94721968299889869     
          15          16   1.1864987141107226     
          16          17  0.96889663197740050     
          17          18   1.3986032139372011     
          18          19   1.4415434380611627     
          19          20   1.4183507461615039     
          20          21  0.98170512729395898     
          18          22  0.10750745788667278     
          20          22   1.4171199932942049     
          17          23   1.3937628773589350     
          19          23  0.10762827711912082     
          22          23   1.4427804011607295     
          15          24  0.18650586006764569     
          16          24   1.7069704680290048     
          15          25  0.99919845189869672     
          25          26  0.91180190360323732     
          26          27   1.1535592180865630     
          26          28   1.7824129353794564     
          27          28  0.18094967202435272     
           7          29  0.95496854372188145     
          25          29  0.98304882417661621     
          29          30   1.2026877390677790     
          30          31  0.95051203008679652     
          31          32   1.3970847040790055     
          32          33   1.4421460812941393     
          31          34  0.10156835699825113     
          33          34   1.4175096373569054     
          34          35  0.97456320070719704     
          32          36  0.10949933063906934     
          34          36   1.4252278907035174     
          31          37   1.4123411071547707     
          33          37  0.10891025556458354     
          36          37   1.4341689089863465     
          29          38  0.19329093307789819     
          30          38   1.7127776890919648     
           1          39  0.96839994422834597     
           2          40  0.97033555947826688     
           3          41  0.97091081601759943     
           4          42  0.97092435272444910     
           5          43  0.96577365547334093     
           7          44  0.95008589411945454     
           8          45  0.94999789682133129     
          10          46  0.96409617997663821     
          11          47  0.97056205310035926     
          12          48  0.97084788648155340     
          13          49  0.97022841240441315     
          14          50  0.96781751198380261     
          18          51  0.96481825870715865     
          19          52  0.96693995464653537     
          22          53  0.96751484429743029     
          23          54  0.96384331546085289     
          25          55  0.91958192328927857     
          27          56  0.85367204970593169     
          32          57  0.96583203658771377     
          33          58  0.96721589720369017     
          36          59  0.96721304125732388     
          37          60  0.96445140010074581     
