   -0.02050157
    0.48615491
   -0.19651533
   -0.20288701
   -0.22494374
   -0.01668745
   -0.01840077
   -0.01579099
   -0.02411811
    0.02081936
    0.04694673
    0.04779312
    0.02486618
   -0.01983680
    0.48638987
   -0.22334138
   -0.19668255
   -0.20349717
   -0.01579581
   -0.01805525
   -0.01532952
   -0.02209261
   -0.12908183
    0.28148292
   -0.04310351
   -0.02479186
    0.07824375
   -0.03088699
    0.06504287
   -0.14969131
   -0.39617091
    0.07619174
    0.35002915
   -0.34013405
   -0.36438152
   -0.13781576
    0.28016674
   -0.04556952
   -0.03168646
    0.07475250
   -0.03266784
    0.06837061
   -0.13920098
   -0.38914264
    0.07264584
    0.06241073
    0.06008264
    0.04629276
    0.06672974
    0.06879803
    0.07330767
    0.06296727
    0.05991708
    0.03598013
    0.06697248
    0.07551040
    0.06872072
    0.34395089
    0.06161000
    0.07565436
