           1           2  0.95140672915529878     
           2           3  0.96023981357953225     
           2           4  0.94616446379282326     
           2           5  0.92635650417280757     
           1           6   1.4149879787709141     
           6           7   1.4416521415785457     
           1           8  0.10549883250683650     
           7           8   1.4351200629809284     
           6           9  0.10866687488578380     
           8           9   1.4455398817342919     
           1          10   1.3851987355320348     
           7          10  0.10887351215552968     
           9          10   1.4128640182594920     
          10          11  0.99137717476937148     
          11          12  0.95319982410970405     
          12          13  0.99496794366778851     
          13          14   1.3847033025811293     
          14          15  0.95138461262815732     
          15          16  0.92780231001456293     
          15          17  0.95987114531005124     
          15          18  0.94569511209969126     
          14          19   1.4149347953533036     
          13          20  0.10904998419113142     
          19          20   1.4423923640720069     
          14          21  0.10500021738142411     
          20          21   1.4332313716785512     
          13          22   1.4103017292322797     
          19          22  0.10842289936375424     
          21          22   1.4477456541289497     
          12          23  0.95158363856258243     
          23          24   1.1877630068107923     
          24          25  0.95733128997755990     
          25          26   1.5784005177323976     
          26          27   1.2210513171364394     
          26          28  0.10397797219802604     
          27          28   1.2095239780689873     
          25          29   1.2196821527170689     
          28          29   1.5862029488800109     
          29          30  0.98168498519290115     
          23          31  0.19100969973558407     
          24          31   1.7182758310604234     
          23          32  0.98284363439922451     
          32          33  0.90222275601145263     
          33          34   1.1664422095986988     
          33          35   1.7819665984708648     
          34          35  0.17194016384067776     
          11          36  0.95239502437134615     
          32          36  0.98124166755898068     
          36          37   1.1840630690475351     
          37          38  0.95332535312541122     
          38          39   1.5808665555710404     
          39          40   1.2172800586231378     
          39          41  0.10643883193341724     
          40          41   1.2096622410490248     
          38          42   1.2169939252367725     
          41          42   1.5828889914433504     
          42          43  0.99222150265628428     
          36          44  0.19217512480065474     
          37          44   1.7262422266492683     
           6          45  0.96481259720858037     
           7          46  0.96820343145241505     
           8          47  0.96848803775191850     
           9          48  0.96671487431868020     
          11          49  0.95377011130976763     
          12          50  0.95196075121385759     
          19          51  0.96471942635077457     
          20          52  0.96816085627640447     
          21          53  0.96849936035728457     
          22          54  0.96357889994268020     
          26          55  0.96802077284928645     
          28          56  0.96730232918493919     
          32          57  0.93531619095992180     
          34          58  0.84911516540145304     
          39          59  0.96847757270237866     
          41          60  0.96704662570707900     
