   -0.43622884
    0.27627443
   -0.08051863
   -0.05376127
   -0.05963697
   -0.05119859
   -0.10262705
   -0.11246870
    0.09919716
    0.36838184
   -0.36081152
   -0.40362409
   -0.12152846
    0.27217050
   -0.08694513
   -0.05482506
   -0.05783921
   -0.05361571
   -0.10179612
   -0.42394173
    0.04848592
    0.01085140
   -0.03145265
   -0.02762634
   -0.02894752
   -0.02520000
   -0.02828071
    0.04053825
   -0.00228893
   -0.03722745
   -0.02820587
   -0.02936358
   -0.02604857
   -0.03730889
    0.04942755
    0.06257325
    0.05471353
    0.04034002
    0.03639966
    0.03542653
    0.03037610
    0.02217355
    0.03649847
    0.03421361
    0.03178797
    0.05976475
    0.34438439
    0.04470679
    0.05655858
    0.05720760
    0.03449359
    0.02536703
    0.03648423
    0.02882408
    0.03391827
    0.03369814
    0.03441699
    0.03201466
    0.06404407
    0.02970750
    0.03530071
    0.03608941
    0.03839490
    0.03713197
    0.04388851
    0.02916646
    0.03712552
    0.03752239
    0.04189345
    0.06138392
