           1           2   1.6459456827753105     
           2           3  0.97967624791184371     
           3           4  0.99538786436836257     
           4           5   1.0081896184816364     
           5           6   1.0075952011234341     
           6           7   1.0197996286288760     
           1           8  0.17955222056025080     
           2           8   1.2314863118534849     
           8           9  0.97502036807700943     
           9          10  0.90600850449833248     
          10          11   1.1512736245417705     
          10          12   1.7517896532038710     
          11          12  0.17028601155978570     
           9          13  0.99129223025856794     
          13          14   1.1973338761297003     
          14          15  0.97180555968656546     
          15          16  0.99718399784800815     
          16          17   1.0084152264876660     
          17          18   1.0080067296806183     
          18          19   1.0191700211679153     
          13          20  0.18246501088239084     
          14          20   1.6994379489441291     
          13          21  0.95898842477433677     
          21          22  0.98772005414610009     
          22          23   1.4106694846377092     
          23          24   1.4464259473512577     
          22          25  0.10960738666174441     
          24          25   1.4369625044609817     
          23          26  0.11143759310287754     
          25          26   1.4401056115760591     
          22          27   1.4149193134090148     
          24          27  0.11087238089988626     
          26          27   1.4431323290843114     
           8          28  0.96509800615450303     
          21          28  0.94997230658381748     
          28          29  0.98824466474103567     
          29          30   1.4147050831445305     
          30          31   1.4409106043007476     
          29          32  0.10888964047113087     
          31          32   1.4410653899338903     
          30          33  0.11013882809971405     
          32          33   1.4362100423332431     
          29          34   1.4080350812805067     
          31          34  0.11220485888878326     
          33          34   1.4473599045389522     
           3          35  0.96713160478091575     
           3          36  0.94852103197913940     
           4          37  0.97492852536551855     
           4          38  0.97536447014508421     
           5          39  0.97679248165664367     
           5          40  0.97665883556607569     
           6          41  0.97820297304915571     
           6          42  0.97615581894056713     
           7          43  0.98750295276556643     
           7          44  0.98626337977493583     
           7          45  0.98751913655241497     
           9          46  0.94306724326995051     
          11          47  0.85563971372166370     
          15          48  0.96984961064453834     
          15          49  0.95353780724473847     
          16          50  0.97438553977263076     
          16          51  0.97708376202052927     
          17          52  0.97746577393507506     
          17          53  0.97454608430975931     
          18          54  0.97860290175067011     
          18          55  0.97836392411082840     
          19          56  0.98753056089058744     
          19          57  0.98782703085125390     
          19          58  0.98811360112145930     
          21          59  0.95338596409920584     
          23          60  0.96853875954596336     
          24          61  0.97077490998585469     
          25          62  0.97117351332428392     
          26          63  0.97058906069950357     
          27          64  0.96846188530619859     
          28          65  0.95286565209869822     
          30          66  0.96852856826122680     
          31          67  0.97067776419713281     
          32          68  0.97099657759733915     
          33          69  0.97037337364514531     
          34          70  0.96178918561319637     
