   -0.03528302
   -0.02781798
   -0.02688937
   -0.04024827
    0.01142304
    0.01315203
   -0.03706190
   -0.03191866
   -0.04241764
   -0.00679070
    0.03778149
    0.03177985
   -0.00892981
   -0.03782151
   -0.02858008
   -0.03564189
    0.01447952
    0.00491824
   -0.03802491
   -0.03009371
   -0.02926084
   -0.03230788
   -0.10034177
    0.28111135
   -0.04203904
   -0.01859957
    0.01541276
   -0.06892850
    0.13384636
   -0.27302946
    0.03549164
   -0.44579705
    0.07522540
    0.36554995
   -0.38416221
   -0.40029373
   -0.10912705
    0.28258933
   -0.04680554
   -0.01083589
    0.01976075
   -0.06636048
    0.13107672
   -0.28616399
    0.04036373
   -0.41660638
    0.03225012
    0.03336064
    0.04189654
    0.05229706
    0.03476829
    0.03266326
    0.02948402
    0.08497251
    0.06163962
    0.05036370
    0.03961646
    0.03972411
    0.03109415
    0.02956650
    0.03573712
    0.03862353
    0.05936122
    0.05527650
    0.04445267
    0.04695804
    0.06845654
    0.07045450
    0.37742814
    0.06730968
    0.05427051
    0.04087981
    0.05291399
    0.05839747
