           1           2   1.5576454979539216     
           2           3   1.3217042928709009     
           1           4  0.11865852183024847     
           3           4   1.5543863066474854     
           4           5   1.2797562077806945     
           1           6   1.2782756178451777     
           5           6   1.2437571637029037     
           6           7   1.2868291202557840     
           7           8   1.5426816645575019     
           8           9   1.3375804844704966     
           5          10   1.2644542932865932     
           7          10  0.11626106900892735     
           9          10   1.5087247540899245     
          10          11  0.98595055234376550     
          11          12  0.93565942991519790     
          12          13  0.99603466199405621     
          13          14   1.5134135709502199     
          14          15   1.3338009211529127     
          13          16  0.11460933362635528     
          15          16   1.5467566987436692     
          16          17   1.2812024964561357     
          13          18   1.2529120730878487     
          17          18   1.2516415627449320     
          18          19   1.2819190099019782     
          19          20   1.5544242501821215     
          20          21   1.3209228727283961     
          17          22   1.2778068639838767     
          19          22  0.11815147875645074     
          21          22   1.5583554885492179     
          12          23  0.95070740724635927     
          23          24   1.3175375948846781     
          24          25  0.97595784620268666     
          25          26   1.5833664596062804     
          25          27  0.10114859484518358     
          26          27   1.2172281051268081     
          26          28  0.10862264703639965     
          27          28   1.1707555020315006     
          25          29   1.1749790160947691     
          28          29   1.5529880842270372     
          29          30   1.0573205844915019     
          30          31  0.97696592163165508     
          23          32  0.18904883893642282     
          24          32   1.5529415632498775     
          23          33  0.94238002788519581     
          33          34  0.90276027480812171     
          34          35   1.2548142140939049     
          34          36   1.7286508132061018     
          35          36  0.18626736115674586     
          11          37  0.97425945446090023     
          33          37  0.99143103310162273     
          37          38   1.1798845071857189     
          38          39  0.98046120796741443     
          39          40   1.5855675777126708     
          40          41   1.2183122481162849     
          40          42  0.10860359964503410     
          41          42   1.1730593859552256     
          39          43   1.1772638788970864     
          42          43   1.5561984438261196     
          43          44   1.0434002578893862     
          44          45  0.97788493620831862     
          37          46  0.17923186073475622     
          38          46   1.6953000991902809     
           1          47  0.96784771568449379     
           2          48  0.97051667515437967     
           3          49  0.97020589220932152     
           4          50  0.95818070282610668     
           7          51  0.96773053816108889     
           8          52  0.97018695053461235     
           9          53  0.96665391401118439     
          11          54  0.94337334958649333     
          12          55  0.94544210920477956     
          14          56  0.96248680005213905     
          15          57  0.96993374700894708     
          16          58  0.96763407360057352     
          19          59  0.95885228148418111     
          20          60  0.97095045867238317     
          21          61  0.97054229846735263     
          22          62  0.96769022634559931     
          26          63  0.96922581451516998     
          28          64  0.96822612822482190     
          31          65  0.97613649318755202     
          31          66  0.97759444001765305     
          31          67  0.97981414810934297     
          33          68  0.92424042306700982     
          32          69  0.15440232083675934     
          35          69  0.67867295838931396     
          40          70  0.96887029152675264     
          42          71  0.96834758249825303     
          45          72  0.97785073417626767     
          45          73  0.97602075861523407     
          45          74  0.97969070677761461     
