   -0.03349608
   -0.02742497
   -0.02651663
   -0.03362788
    0.01153869
    0.01697045
   -0.03467925
   -0.03002494
   -0.03264068
    0.00264298
    0.04600947
    0.05065111
    0.00576263
   -0.02956984
   -0.02805881
   -0.03270955
    0.01684485
    0.01407303
   -0.03816107
   -0.02522375
   -0.02702224
   -0.03306427
   -0.11305555
    0.28074930
   -0.06075106
    0.18094689
   -0.08351357
   -0.16875936
    0.06914651
   -0.05943476
   -0.39637816
    0.09495741
    0.34839805
   -0.38134913
   -0.36411476
   -0.11909260
    0.27890564
   -0.06097708
    0.18558616
   -0.07803454
   -0.16681153
    0.06947040
   -0.06124645
   -0.39605404
    0.03639956
    0.03579403
    0.03567551
    0.03249587
    0.03817553
    0.03445896
    0.02257828
    0.07309337
    0.04666894
    0.02825672
    0.03594779
    0.03750420
    0.04000559
    0.04377694
    0.03477044
    0.03381902
    0.07244088
    0.05668041
    0.05611360
    0.34800750
    0.07266340
    0.05381247
