           1           2   1.5570244365218708     
           2           3   1.3226997900500246     
           1           4  0.11867136062681782     
           3           4   1.5540367228921399     
           4           5   1.2837348320056099     
           1           6   1.2793356009231287     
           5           6   1.2526213121469685     
           6           7   1.2795895138591924     
           7           8   1.5532458915146956     
           8           9   1.3257793334896115     
           5          10   1.2524745810823330     
           7          10  0.11428944248362009     
           9          10   1.5249261531688847     
          10          11  0.98868461558461906     
          11          12  0.95184698478980245     
          12          13  0.99313214169247810     
          13          14   1.5192564157917929     
          14          15   1.3271874813983640     
          13          16  0.11387899375938398     
          15          16   1.5523684662904969     
          16          17   1.2796038184196505     
          13          18   1.2506841259046575     
          17          18   1.2502369351278761     
          18          19   1.2864662374128861     
          19          20   1.5499933226078482     
          20          21   1.3246629313137321     
          17          22   1.2808659158552302     
          19          22  0.11816669780164282     
          21          22   1.5552757142048319     
          12          23  0.94488881447994322     
          23          24   1.2119407223640850     
          24          25  0.95891562145836839     
          25          26   1.5149675376423724     
          26          27   1.0281698694800934     
          26          28   1.1306833202883986     
          26          29  0.13242441399477667     
          28          29   1.1188143617979278     
          25          30   1.2507280670463830     
          29          30   1.6174696747097326     
          23          31  0.19937640953975305     
          24          31   1.7070409041847627     
          23          32  0.98372595955609166     
          32          33  0.91252788229435833     
          33          34   1.1354751746944030     
          33          35   1.7907604596640438     
          34          35  0.17869305599308064     
          11          36  0.95228641716977269     
          32          36  0.98372040280358575     
          36          37   1.1919166948995266     
          37          38  0.97859329715647436     
          38          39   1.5073412128282568     
          39          40   1.0314685765456555     
          39          41   1.1361142648169811     
          39          42  0.12923425013633755     
          41          42   1.1171309366210900     
          38          43   1.2453298165390760     
          42          43   1.6222373979488003     
          36          44  0.19107706094740334     
          37          44   1.7069238044888195     
           1          45  0.96790826373987882     
           2          46  0.97053037468250458     
           3          47  0.97079405653788631     
           4          48  0.96137557625603032     
           7          49  0.96782651048945567     
           8          50  0.97042968248246397     
           9          51  0.96787599507995969     
          11          52  0.94360671156399079     
          12          53  0.95211068253763198     
          14          54  0.96740605769229604     
          15          55  0.97020003644848174     
          16          56  0.96780091915304101     
          19          57  0.96030916033771319     
          20          58  0.96975638171197620     
          21          59  0.97054530183758525     
          22          60  0.96801704764680252     
          29          61  0.96271526943874064     
          30          62  0.97195318433875055     
          32          63  0.94404744332927848     
          34          64  0.85291184375658857     
          42          65  0.96282668439374630     
          43          66  0.97135940361463735     
