   -0.01846829
    0.48634482
   -0.19814942
   -0.22791690
   -0.19645810
   -0.01664425
   -0.01912258
   -0.01639837
   -0.02517845
    0.02421548
    0.05097081
    0.03545199
    0.00597262
   -0.03124248
    0.48509464
   -0.19312862
   -0.21277279
   -0.22147302
   -0.01898661
   -0.01751122
   -0.01161782
   -0.02312391
   -0.10073114
    0.27919468
   -0.04047967
    0.08467853
   -0.10822132
    0.07052249
    0.09596488
   -0.09214214
   -0.05903319
   -0.43507258
    0.07138638
    0.34811497
   -0.36114691
   -0.36215841
   -0.12043196
    0.28944786
   -0.04809174
    0.09994503
   -0.07000245
    0.06517135
    0.08826763
   -0.11237793
   -0.06939782
   -0.38886121
    0.07294737
    0.06181379
    0.05809426
    0.04695851
    0.07277380
    0.06826465
    0.07408560
    0.06633659
    0.06715396
    0.05505859
    0.08030010
    0.07518668
    0.36831908
    0.06830412
