           1           2  0.95109053291990642     
           2           3  0.95776954631007405     
           2           4  0.92295395518094780     
           2           5  0.95347832547401890     
           1           6   1.4151685290453926     
           6           7   1.4420256966172589     
           1           8  0.10533543762391451     
           7           8   1.4340407658627097     
           6           9  0.10869508791467665     
           8           9   1.4473789024962531     
           1          10   1.3866506992105339     
           7          10  0.10915692405922379     
           9          10   1.4104143897091728     
          10          11  0.99463967251613639     
          11          12  0.94977887475995015     
          12          13  0.99164930687962527     
          13          14   1.3817339301539524     
          14          15  0.95081245024292704     
          15          16  0.96315450349036780     
          15          17  0.93989146829450521     
          15          18  0.92806306051551946     
          14          19   1.4139484396781199     
          13          20  0.10766966993602313     
          19          20   1.4407956432859610     
          14          21  0.10562224198210553     
          20          21   1.4360909704909801     
          13          22   1.4146184170010245     
          19          22  0.10773735302972917     
          21          22   1.4424823962920179     
          12          23  0.95804742503728735     
          23          24   1.2689868881388016     
          24          25  0.96412615327460571     
          25          26   1.5290234832657170     
          26          27   1.0228825600904894     
          26          28   1.1551994827392884     
          28          29   1.1490417610894768     
          29          30   1.0332920727418606     
          25          31   1.2297820718044521     
          29          31   1.5718784499236162     
          23          32  0.19180911230887859     
          24          32   1.6139461709526883     
          23          33  0.96731101504336048     
          33          34  0.87931470285149560     
          34          35   1.2106694968930254     
          34          36   1.7793280634009692     
          35          36  0.18537104524090037     
          11          37  0.95712329445426092     
          33          37   1.0007725216908558     
          37          38   1.1625272885396023     
          38          39  0.97029333170070786     
          39          40   1.5198140680756340     
          40          41   1.0535430274109303     
          40          42   1.1517678937259124     
          42          43   1.1465654247457953     
          43          44   1.0179554541924076     
          39          45   1.2253331953919311     
          43          45   1.5781062910181629     
          37          46  0.17905929262476711     
          38          46   1.7240318874056262     
           6          47  0.96482560367008108     
           7          48  0.96832805756037166     
           8          49  0.96867400344368904     
           9          50  0.96698557128298601     
          11          51  0.95193690552973875     
          12          52  0.95192248796613832     
          19          53  0.96448053836670478     
          20          54  0.96759719228446195     
          21          55  0.96749603531756123     
          22          56  0.96375849597740559     
          31          57  0.95838403105832959     
          33          58  0.93602391370549065     
          35          59  0.76768395758558328     
          45          60  0.95853954593799462     
