    0.13651255
   -0.27639660
    0.03647902
   -0.06610896
   -0.03160635
   -0.03915693
   -0.03410420
   -0.02177271
    0.04365880
    0.05124921
   -0.00542254
   -0.02324143
   -0.03817052
   -0.02966206
   -0.06349340
    0.14235185
   -0.28402145
    0.04177069
   -0.13243319
    0.27349857
   -0.06390276
    0.06727346
   -0.16804184
    0.05653124
   -0.01007690
   -0.11449848
   -0.41594115
    0.06897458
    0.34637098
   -0.35253800
   -0.35621039
   -0.10471587
    0.27894350
   -0.05693499
    0.06220716
   -0.17526314
    0.05635670
    0.00108489
   -0.11286010
   -0.41462976
    0.06355761
    0.04549048
    0.04180305
    0.03995110
    0.03980368
    0.04251523
    0.04550349
    0.09182076
    0.04776980
    0.04393811
    0.04025516
    0.04024928
    0.04069215
    0.03805752
    0.05673199
    0.04771670
    0.05215868
    0.05791208
    0.05618723
    0.05219932
    0.05970741
    0.07391387
    0.33834035
    0.04131531
    0.05529989
    0.06930892
    0.05860255
    0.04713882
