           1           2   1.0589213173039513     
           2           3  0.98248851796365211     
           1           4   1.3890172625609405     
           4           5   1.4269705573750457     
           5           6   1.4522680150091984     
           4           7  0.10149922962349850     
           6           7   1.4155109095551470     
           1           8   1.3149172216888296     
           5           8  0.10618459477335504     
           7           8   1.4478082345226242     
           8           9  0.98896718710009479     
           9          10  0.94844293370266564     
          10          11  0.99588006878871127     
          11          12   1.4348496630694252     
          12          13   1.4265383447764601     
          11          14  0.10655080577094568     
          13          14   1.4440992940366664     
          12          15  0.10279965543958072     
          14          15   1.4336270012254131     
          11          16   1.3266543270809463     
          15          16   1.3858783322455424     
          16          17   1.0505563636418587     
          17          18  0.98303817390032222     
          10          19  0.94712489647625620     
          19          20   1.1882722563985524     
          20          21  0.96990706623465994     
          21          22   1.5625172217984078     
          22          23   1.1487917586551628     
          22          24  0.14831078396623573     
          23          24   1.1283188589050630     
          21          25   1.2321176073578628     
          24          25   1.5831110923627016     
          25          26   1.0337258513782968     
          19          27  0.18812438302932327     
          20          27   1.7020868588143117     
          19          28  0.98953410197864944     
          28          29  0.89531508828828754     
          29          30   1.1637594590708813     
          29          31   1.7935916345549865     
          30          31  0.17298803252233280     
           9          32  0.96859384584455999     
          28          32  0.99098718321016821     
          32          33   1.1932525914467051     
          33          34  0.97119611751377599     
          34          35   1.5686752588705186     
          35          36   1.1415422449850203     
          35          37  0.14924311560028924     
          36          37   1.1231201766718730     
          34          38   1.2265150230898745     
          37          38   1.5865863846412953     
          38          39   1.0354304583830889     
          32          40  0.18726194375006389     
          33          40   1.7010576866956273     
           3          41  0.97898513619485428     
           3          42  0.97651561092459926     
           3          43  0.97636841828021392     
           4          44  0.96551811829212730     
           5          45  0.97079104044295006     
           6          46  0.97043703885883981     
           7          47  0.96397244185327136     
           9          48  0.94102809750783312     
          10          49  0.95727955304676038     
          12          50  0.96691980368049835     
          13          51  0.97047763538890397     
          14          52  0.97078825113987932     
          15          53  0.96543607882438010     
          18          54  0.97657809308997279     
          18          55  0.97702137241991216     
          18          56  0.97659852149721749     
          22          57  0.96527684190957275     
          24          58  0.96528233205924763     
          26          59  0.96605788344287147     
          26          60  0.98238830884273920     
          26          61  0.97632587044223651     
          28          62  0.92927309987212281     
          30          63  0.84070872257914908     
          35          64  0.96364283144385599     
          37          65  0.96547533420613818     
          39          66  0.96155411581335781     
          39          67  0.97648369248460942     
          39          68  0.98305990650386388     
