   -0.02759696
   -0.02493261
   -0.02771770
   -0.02845380
   -0.03421784
    0.00193140
    0.03730729
    0.03441588
   -0.00367952
   -0.03384486
   -0.02699831
   -0.02936372
   -0.02864451
   -0.03815787
   -0.10528271
    0.27495284
   -0.01334192
   -0.03159553
   -0.02623940
   -0.03399063
    0.08583374
   -0.15392407
   -0.03067036
   -0.40939118
    0.09075594
    0.34956047
   -0.36153899
   -0.37973982
   -0.11955070
    0.27644768
   -0.01194757
   -0.02005369
    0.08680549
   -0.14963081
   -0.03414026
   -0.02833192
   -0.03743519
   -0.40863502
    0.04997785
    0.04176680
    0.03809692
    0.03537406
    0.02546612
    0.07406057
    0.08170996
    0.05341792
    0.04066397
    0.03828751
    0.04064949
    0.03963004
    0.04439197
    0.05260479
    0.06164360
    0.06588307
    0.06698672
    0.34955435
    0.07781973
    0.06055659
    0.04718687
    0.03530779
