           1           2   1.4421414228466123     
           2           3   1.4411016294837060     
           1           4  0.11115066014322732     
           3           4   1.4368966239693990     
           2           5  0.11173447281203717     
           4           5   1.4462337606249782     
           1           6   1.4157229111929066     
           3           6  0.10965812972707091     
           5           6   1.4127550628511536     
           6           7  0.98477464641598400     
           7           8  0.97248665297542347     
           8           9  0.98299124585644104     
           9          10   1.4059648763124897     
          10          11   1.4511409486909184     
           9          12  0.10916935500674305     
          11          12   1.4330705848610477     
          10          13  0.11282144224901079     
          12          13   1.4451461531286296     
           9          14   1.4196304036274312     
          11          14  0.10998471576497258     
          13          14   1.4355690888916217     
           8          15  0.94207596741193456     
          15          16   1.2144508253367021     
          16          17  0.94830293141512467     
          17          18   1.4017621584031703     
          18          19   1.4383455737647384     
          17          20  0.10786455004578195     
          19          20   1.4379570875870766     
          18          21  0.10070034012547111     
          20          21   1.4094650734271099     
          21          22  0.98723859226409660     
          17          23   1.4095052074091148     
          19          23  0.10918422092547281     
          21          23   1.4115897700418880     
          15          24  0.19551859108230218     
          16          24   1.6994532229633430     
          15          25  0.99905285282657197     
          25          26  0.90412717421582334     
          26          27   1.1590219177726997     
          26          28   1.7833511312101293     
          27          28  0.18227447932118132     
           7          29  0.94484125432388044     
          25          29  0.98945768870882078     
          29          30   1.2008076303337225     
          30          31  0.96212818156192459     
          31          32   1.4068008191518186     
          32          33   1.4146355816898308     
          33          34  0.98757735769962240     
          31          35  0.10703423486856992     
          33          35   1.4087962358721575     
          32          36  0.10799376622448108     
          35          36   1.4361333264458267     
          31          37   1.3982684223643047     
          36          37   1.4412798335794621     
          29          38  0.18927985151005730     
          30          38   1.7008476703763808     
           1          39  0.96673877262739127     
           2          40  0.97026690567041363     
           3          41  0.97095230586407699     
           4          42  0.97091710213052940     
           5          43  0.96638085946982855     
           7          44  0.94974332935303685     
           8          45  0.95184710909916070     
          10          46  0.96672131177944065     
          11          47  0.97026272513564638     
          12          48  0.97084480884704338     
          13          49  0.97055911272874251     
          14          50  0.96445518602613911     
          18          51  0.96758479409795739     
          19          52  0.96744039805697257     
          20          53  0.96744507653424006     
          23          54  0.96545751484952280     
          25          55  0.92366199726169806     
          27          56  0.85156161524456164     
          32          57  0.96381461182926564     
          35          58  0.96772540021838149     
          36          59  0.96803091127805097     
          37          60  0.96759694713886679     
