   -0.02261615
    0.48579931
   -0.22553945
   -0.20336195
   -0.19698809
   -0.01755908
   -0.01864900
   -0.01477931
   -0.02292459
    0.01881480
    0.04573880
    0.04713457
    0.02371865
   -0.02076550
    0.48677081
   -0.22127717
   -0.19377162
   -0.21199251
   -0.01566932
   -0.01715486
   -0.01413459
   -0.02051133
   -0.13577422
    0.26753018
   -0.02099847
   -0.03173107
   -0.02408637
   -0.02919460
    0.06299071
   -0.10084046
   -0.03062948
   -0.40179675
    0.07240047
    0.34328782
   -0.34242090
   -0.34880628
   -0.12338208
    0.27561478
   -0.01051196
   -0.01524301
    0.06693556
   -0.10775825
   -0.02968168
   -0.02676677
   -0.03470019
   -0.40020821
    0.07229834
    0.06304097
    0.06287280
    0.04490876
    0.07406872
    0.05528818
    0.07302696
    0.06349822
    0.05971594
    0.04458406
    0.04136437
    0.05504780
    0.06392653
    0.06072417
    0.07330205
    0.33875031
    0.06915398
    0.05990090
    0.04727179
    0.03274397
