           1           2  0.95136595740629615     
           2           3  0.92607160348072637     
           2           4  0.94608796680225349     
           2           5  0.95956661749987970     
           1           6   1.4158296478611834     
           6           7   1.4407728302118916     
           1           8  0.10594606840288466     
           7           8   1.4363163906080765     
           6           9  0.10834602367805256     
           8           9   1.4435209571502929     
           1          10   1.3833143320189640     
           7          10  0.10863738182767343     
           9          10   1.4148934949098313     
          10          11  0.99104703692255869     
          11          12  0.95055577893901910     
          12          13  0.99721508557942684     
          13          14   1.3854937437555528     
          14          15  0.95234178575045192     
          15          16  0.92961687090373246     
          15          17  0.96409895813992241     
          15          18  0.93697013339675828     
          14          19   1.4136991650125830     
          13          20  0.10899852433987790     
          19          20   1.4426489534103213     
          14          21  0.10470764267394587     
          20          21   1.4331916344111766     
          13          22   1.4098949260927616     
          19          22  0.10849165801561206     
          21          22   1.4478879826720548     
          12          23  0.94903421556400458     
          23          24   1.1831566099686737     
          24          25  0.95387028194637768     
          25          26   1.3961262132219918     
          26          27   1.4412154947941136     
          25          28  0.10747369086288762     
          27          28   1.4337670126769881     
          26          29  0.10207928105768377     
          28          29   1.4218748668523717     
          29          30  0.98369811458343392     
          25          31   1.4099312857177773     
          27          31  0.10812855591581216     
          29          31   1.4195140790413181     
          23          32  0.19251175090768946     
          24          32   1.7152494046410744     
          23          33  0.99577361090944683     
          33          34  0.88585401421837895     
          34          35   1.1663571481432278     
          34          36   1.7997331632385325     
          35          36  0.17577541749964329     
          11          37  0.95771697199806627     
          33          37  0.98725453475054814     
          37          38   1.1810148038317598     
          38          39  0.96277729951973390     
          39          40   1.4032271590151744     
          40          41   1.4270818387308448     
          41          42  0.97530030225656927     
          39          43  0.10746282807173252     
          41          43   1.4214969561529132     
          40          44  0.10866312693847631     
          43          44   1.4344858549056296     
          39          45   1.3988918073124499     
          41          45  0.10112549964348888     
          44          45   1.4399944318610636     
          37          46  0.18747336248215718     
          38          46   1.7152190808927152     
           6          47  0.96482237500065338     
           7          48  0.96806109329674173     
           8          49  0.96813967251819966     
           9          50  0.96338014863524180     
          11          51  0.95155875758828024     
          12          52  0.95348977701585413     
          19          53  0.96486298299674222     
          20          54  0.96812319475845421     
          21          55  0.96854807508669716     
          22          56  0.96700794865581252     
          26          57  0.96847991400817834     
          27          58  0.96674837712615225     
          28          59  0.96748068030006706     
          31          60  0.96671913854979963     
          33          61  0.92852094618654002     
          35          62  0.84748335426909871     
          40          63  0.96598854927846833     
          43          64  0.96828093777546687     
          44          65  0.96766498680347790     
          45          66  0.96761630155573397     
