   -0.03591930
   -0.02607378
   -0.03015130
   -0.02868858
   -0.03534666
    0.00604059
    0.04546237
    0.03747096
    0.00125388
   -0.03056511
   -0.02644012
   -0.02923714
   -0.02601393
   -0.03347413
   -0.11316942
    0.27216290
   -0.05969013
    0.11117684
   -0.11413583
   -0.19429287
    0.11346517
   -0.11786976
   -0.07307773
   -0.46696424
    0.08068772
    0.35167929
   -0.37445509
   -0.36571582
   -0.11622913
    0.27120580
   -0.07026503
    0.12757196
   -0.12180486
   -0.19493634
    0.11256946
   -0.11778498
   -0.08582025
   -0.43565527
    0.06772501
    0.03932321
    0.03361685
    0.03295170
    0.02654284
    0.06691740
    0.05019178
    0.03422589
    0.04046666
    0.03913754
    0.03985188
    0.03317723
    0.05305146
    0.06219769
    0.07156119
    0.06756302
    0.05932015
    0.06349949
    0.04396836
    0.06515777
    0.36384894
    0.06743453
    0.05919843
    0.08317141
    0.06293315
    0.06027931
    0.06457153
    0.04114538
