           1           2   1.4375216536980815     
           2           3   1.4447188390139170     
           1           4  0.11121784241500732     
           3           4   1.4336954246863984     
           2           5  0.11252154350245935     
           4           5   1.4498434525459876     
           1           6   1.4207618331230771     
           3           6  0.10913851884399814     
           5           6   1.4071393886571557     
           6           7  0.98621927198123638     
           7           8  0.94776173459388813     
           8           9  0.99169388212344356     
           9          10   1.4058096990548554     
          10          11   1.4497049418738395     
           9          12  0.10928147914513740     
          11          12   1.4341741606173599     
          10          13  0.11125366043258769     
          12          13   1.4411168591494858     
           9          14   1.4145822745312735     
          11          14  0.10933686445415321     
          13          14   1.4413415505613920     
           8          15  0.96059362855456742     
          15          16   1.2637011076487354     
          16          17  0.99326308693474630     
          17          18   1.5329556261416795     
          18          19   1.0302125743246762     
          18          20   1.1195217358150491     
          18          21  0.12569927994843058     
          20          21   1.1047327523125148     
          21          22   1.0295734613007437     
          17          23   1.2345030470302951     
          21          23   1.5945601307643549     
          15          24  0.18393935352273821     
          16          24   1.5840358662961904     
          15          25  0.95893838606021442     
          25          26  0.89212315827813471     
          26          27   1.1961638044232861     
          26          28   1.7722023741467610     
          27          28  0.18029414609867842     
           7          29  0.96559096339205241     
          25          29   1.0052142761572089     
          29          30   1.1708082568680620     
          30          31   1.0232906517942912     
          31          32   1.5085525069542340     
          32          33   1.0342448414456520     
          32          34   1.1336382053044087     
          32          35  0.11907592975831269     
          34          35   1.0956078361891486     
          35          36   1.0298041233858963     
          31          37   1.2272536160396430     
          35          37   1.6058370082625020     
          29          38  0.17342266730671840     
          30          38   1.6689605119964890     
           1          39  0.95856360484947156     
           2          40  0.97059307972806752     
           3          41  0.97123469113607253     
           4          42  0.97094255947806585     
           5          43  0.96926654854691519     
           7          44  0.94817995694156965     
           8          45  0.95243521408083565     
          10          46  0.96874262272840350     
          11          47  0.97047560034286917     
          12          48  0.97094593031715593     
          13          49  0.97045517622811428     
          14          50  0.96768219285520507     
          19          51  0.98279726430056236     
          19          52  0.96507764047511935     
          19          53  0.96860658634970720     
          22          54  0.96969762772685431     
          22          55  0.98324724355399606     
          22          56  0.96762807905611847     
          23          57  0.97413106633775626     
          25          58  0.93982372240643230     
          27          59  0.77110471697180438     
          33          60  0.96947723769090210     
          33          61  0.96367077782479083     
          33          62  0.97459670512598551     
          36          63  0.96935236776391720     
          36          64  0.98309297645028548     
          36          65  0.96864612730447230     
          37          66  0.96821190743036389     
