   -0.03078577
   -0.02579527
   -0.02700835
   -0.02419850
   -0.02804426
    0.01041686
    0.04612212
    0.04602937
    0.01286879
   -0.03047060
   -0.02541587
   -0.02674091
   -0.02406538
   -0.02800771
   -0.10772432
    0.27870061
   -0.03367169
    0.06726143
   -0.14750219
   -0.04336181
   -0.02049524
    0.04006161
   -0.39977077
    0.08994863
    0.35102025
   -0.34883796
   -0.39717436
   -0.11429003
    0.27805655
   -0.03410812
    0.07334974
   -0.14149079
   -0.04462280
   -0.01725036
    0.02851570
   -0.39637387
    0.03089519
    0.03925695
    0.03931809
    0.04096785
    0.03754980
    0.06285117
    0.05779912
    0.03532560
    0.03765126
    0.03861921
    0.04017302
    0.03577533
    0.06795956
    0.06893338
    0.07290364
    0.35277962
    0.06733512
    0.06876137
