           1           2   1.4465029049311506     
           2           3   1.4371200480310145     
           1           4  0.11171488728655048     
           3           4   1.4404824092886523     
           2           5  0.11104856046817936     
           4           5   1.4427144711351974     
           1           6   1.4110077100756873     
           3           6  0.10926865316332934     
           5           6   1.4145072830926859     
           6           7  0.98883805529362978     
           7           8  0.95450168502645905     
           8           9  0.99035517589972677     
           9          10   1.4084839199806529     
          10          11   1.4486093984483093     
           9          12  0.10925175482586627     
          11          12   1.4353672586343773     
          10          13  0.11198074684094736     
          12          13   1.4418911813740223     
           9          14   1.4158890933213208     
          11          14  0.11042886743388400     
          13          14   1.4410356142444880     
           8          15  0.94843802239647890     
          15          16   1.2158608591790048     
          16          17  0.96399706965642296     
          17          18   1.5435748306169648     
          18          19  0.98448782271231572     
          18          20   1.2517042793584525     
          17          21  0.10931157240038564     
          20          21   1.6270878531907702     
          17          22   1.1607424328396330     
          21          22   1.2022473969122187     
          15          23  0.20037448492262785     
          16          23   1.6974016201520667     
          15          24  0.98670038720515163     
          24          25  0.90670178539509261     
          25          26   1.1731806536693303     
          25          27   1.7648552061751308     
          26          27  0.18508877362661666     
           7          28  0.95130432995419378     
          24          28  0.98311845935628384     
          28          29   1.2011968718079744     
          29          30  0.97575634197751704     
          30          31   1.5425842160269352     
          31          32  0.98886524711908319     
          31          33   1.2514867488028802     
          30          34  0.10902298418524754     
          33          34   1.6286059092038392     
          30          35   1.1562164818137728     
          34          35   1.1997298392896540     
          28          36  0.19368731282364801     
          29          36   1.6997910501327740     
           1          37  0.96897083528645178     
           2          38  0.97064084051975397     
           3          39  0.97092574348317229     
           4          40  0.97038737492917748     
           5          41  0.96839266948549363     
           7          42  0.95149325090477399     
           8          43  0.95265030859174016     
          10          44  0.96685106996730164     
          11          45  0.97075443062824163     
          12          46  0.97097625843872126     
          13          47  0.97046587993261246     
          14          48  0.96838741081847068     
          20          49  0.96150971270874752     
          21          50  0.96613733614332697     
          24          51  0.93705440134976359     
          26          52  0.84833008169474045     
          33          53  0.96149987549138871     
          34          54  0.96620454322878757     
