   -0.03392450
   -0.02614232
   -0.02869542
   -0.02610978
   -0.02819197
   -0.00102905
    0.03485613
    0.03860842
   -0.00180060
   -0.03807721
   -0.02977894
   -0.03058770
   -0.02751439
   -0.03299921
   -0.11483675
    0.27490226
   -0.02328173
   -0.04242551
    0.01091082
    0.02665193
   -0.10550252
   -0.10735246
   -0.10596378
   -0.04575964
    0.00980070
    0.02612530
   -0.10740851
   -0.10674585
   -0.10760856
   -0.03524210
   -0.42597687
    0.09423345
    0.35381925
   -0.36522427
   -0.38251656
   -0.12340266
    0.27587036
   -0.01950306
   -0.03958739
    0.00862298
    0.02602231
   -0.10726240
   -0.10248174
   -0.10668277
   -0.04521446
    0.00908762
    0.02537359
   -0.10705122
   -0.10578319
   -0.10872586
   -0.03589545
   -0.43384403
    0.03129707
    0.03616865
    0.03646806
    0.03812319
    0.03174940
    0.05697708
    0.07410373
    0.03747118
    0.03616507
    0.03445578
    0.03788247
    0.05519189
    0.03411720
    0.03767919
    0.03610437
    0.03454570
    0.03510987
    0.04319877
    0.03836483
    0.03409407
    0.03640095
    0.03877736
    0.04335274
    0.03692260
    0.03658214
    0.03614557
    0.03743185
    0.03916455
    0.03621158
    0.03678109
    0.03320038
    0.03804909
    0.03749885
    0.09488858
    0.34100975
    0.03474005
    0.03665431
    0.03744009
    0.03495104
    0.03311961
    0.03879095
    0.02990020
    0.04056662
    0.03808765
    0.03602863
    0.04302859
    0.03807383
    0.03465560
    0.03579401
    0.03676254
    0.03855041
    0.03632599
    0.03965645
    0.03719792
    0.03490809
    0.04432808
