           1           2   1.4424578272749140     
           2           3   1.4393876929983047     
           1           4  0.11007288689962401     
           3           4   1.4350073133525352     
           2           5  0.11122107905040557     
           4           5   1.4482115430998797     
           1           6   1.4138361462968405     
           3           6  0.10925730644616539     
           5           6   1.4089420978098655     
           6           7  0.98925568065915581     
           7           8  0.95901561509371702     
           8           9  0.98385685327328398     
           9          10   1.4197923445626270     
          10          11   1.4366499299268525     
           9          12  0.10938789983382728     
          11          12   1.4442749921548448     
          10          13  0.10999960527870042     
          12          13   1.4334973006137328     
           9          14   1.4058444847876173     
          11          14  0.11272487268810967     
          13          14   1.4509834453483978     
           8          15  0.95320640015932867     
          15          16   1.2012093010773799     
          16          17  0.95668899041120603     
          17          18   1.3867935628474330     
          18          19   1.4262018449394125     
          19          20  0.98345824301680229     
          20          21  0.98751995855447927     
          20          22  0.98606684387101495     
          20          23  0.99983852638869863     
          17          24  0.10502183707334703     
          19          24   1.3972594769517299     
          18          25  0.10485454629245639     
          24          25   1.4349513088738883     
          25          26  0.98272602579020707     
          26          27   1.0000396428429892     
          26          28  0.98732839360259061     
          26          29  0.98701735341140184     
          17          30   1.4270792984973537     
          19          30  0.10752042454676394     
          25          30   1.3930311764591565     
          15          31  0.18735938542026132     
          16          31   1.6954610736962825     
          15          32  0.99274812107722044     
          32          33  0.91696767740796048     
          33          34   1.1486322594812088     
          33          35   1.7827197479005414     
          34          35  0.17984311116371163     
           7          36  0.96245207879217820     
          32          36  0.98317997247833122     
          36          37   1.1892748259909938     
          37          38  0.97595205397951468     
          38          39   1.4111682526367477     
          39          40   1.4026905141130848     
          40          41  0.98251172038884049     
          41          42  0.99999854734259164     
          41          43  0.98724220264967333     
          41          44  0.98729203075691596     
          38          45  0.10309700654678361     
          40          45   1.4274597326532719     
          39          46  0.10634240701874885     
          45          46   1.3998241198640873     
          46          47  0.98314922082283429     
          47          48  0.98814208934651082     
          47          49  0.98614793758035302     
          47          50  0.99993399319531773     
          38          51   1.3905460875912299     
          40          51  0.10306828600273479     
          46          51   1.4270372754531444     
          36          52  0.18004738515396365     
          37          52   1.6886643154365770     
           1          53  0.96775324972315713     
           2          54  0.97012302181702004     
           3          55  0.97078831943239863     
           4          56  0.97061681783281317     
           5          57  0.96480971937002391     
           7          58  0.95014941579004275     
           8          59  0.95255227560705003     
          10          60  0.96391049225697634     
          11          61  0.97089699105606764     
          12          62  0.97112567019464646     
          13          63  0.97045827114506156     
          14          64  0.96624933630039811     
          18          65  0.96075162782222823     
          21          66  0.98448103509714957     
          21          67  0.98324548945758672     
          21          68  0.98683338724830405     
          22          69  0.98362785554299648     
          22          70  0.98597041839411936     
          22          71  0.98421541450054684     
          23          72  0.98474071086014958     
          23          73  0.98439623478156135     
          23          74  0.98425929522936950     
          24          75  0.95834596894304580     
          27          76  0.98422595536181123     
          27          77  0.98446395739388781     
          27          78  0.98453365991289787     
          28          79  0.98447999127463337     
          28          80  0.98340023283587574     
          28          81  0.98660508830923987     
          29          82  0.98310939868483804     
          29          83  0.98696199806004314     
          29          84  0.98453016691172357     
          30          85  0.96355919570583182     
          32          86  0.91833695898686563     
          34          87  0.85761616185746092     
          39          88  0.96233009647745926     
          42          89  0.98445221046523357     
          42          90  0.98418940161764024     
          42          91  0.98461696112962027     
          43          92  0.98336457918263331     
          43          93  0.98443939164381034     
          43          94  0.98644789832828716     
          44          95  0.98309498532239703     
          44          96  0.98435128168222275     
          44          97  0.98660830259003740     
          45          98  0.95833492164835510     
          48          99  0.98448817077688100     
          48         100  0.98430429206120507     
          48         101  0.98279375510583877     
          49         102  0.98659927922158686     
          49         103  0.98436865828202902     
          49         104  0.98397021315298372     
          50         105  0.98398989884155164     
          50         106  0.98442134384045377     
          50         107  0.98426990500518730     
          51         108  0.96362210014643412     
