    0.14502428
   -0.27004253
    0.03718060
   -0.06695433
   -0.02825113
   -0.03943162
   -0.02091949
   -0.03329618
    0.27613008
   -0.10478637
    0.09137024
    0.37317046
   -0.37061372
   -0.39540564
   -0.11463273
    0.28004816
   -0.04326039
   -0.02796143
   -0.04079245
   -0.02783776
   -0.05826564
    0.15324163
   -0.27552192
    0.03789093
   -0.41980385
    0.04541967
    0.03921906
   -0.06330850
   -0.06101546
   -0.06468698
   -0.06565246
   -0.43374862
    0.04200252
    0.04630297
    0.06541771
    0.04194120
    0.04228719
    0.04396927
    0.05522525
    0.06868797
    0.33731958
    0.03773470
    0.03854110
    0.04052455
    0.04569877
    0.04167421
    0.05736645
    0.05606839
    0.05572571
    0.05303435
    0.04401461
    0.04154904
    0.04229773
    0.03856691
    0.03983249
    0.04561618
    0.05086210
    0.07523317
