           1           2   1.0675714341477576     
           2           3  0.98107319541109339     
           1           4   1.3780013478711057     
           4           5   1.4356191853310274     
           5           6   1.4403035960588089     
           4           7  0.10228634556828241     
           6           7   1.4297656202357913     
           1           8   1.3069970929993862     
           5           8  0.10455406625774266     
           7           8   1.4232776686828368     
           8           9  0.98290861344449787     
           9          10   1.2460143994538497     
          10          11  0.96818509986666756     
          11          12  0.91102418838416999     
          12          13   1.1315046797435124     
          12          14   1.7638730568838805     
          13          14  0.16706008525600752     
          11          15  0.98674585494526312     
          15          16   1.2148592267501357     
          16          17  0.95248189828627627     
          17          18   1.4341616998841049     
          18          19   1.4219095819562144     
          17          20  0.10667946032422222     
          19          20   1.4434524737775611     
          18          21  0.10325369363958055     
          20          21   1.4378789048579421     
          17          22   1.3184814856377653     
          21          22   1.3765192938652828     
          22          23   1.0659643855445262     
          23          24  0.97984907629052065     
          15          25  0.19190820805626640     
          16          25   1.6933710658885688     
          15          26  0.95878817389386461     
          10          27  0.96320600200305639     
          26          27  0.96757321096812543     
          27          28  0.99699397550510571     
          28          29   1.0017280183801147     
          29          30   1.0094438821566298     
          26          31  0.99837704589282539     
          30          31   1.0024791689606936     
           9          32   1.6269196106522121     
          10          32  0.18721966981440005     
           3          33  0.97632002683254060     
           3          34  0.97651083637749969     
           3          35  0.97912944383748535     
           4          36  0.96485773014747789     
           5          37  0.97062973534607599     
           6          38  0.96981484135926022     
           7          39  0.96753591330611299     
          11          40  0.94749006898009946     
          13          41  0.86123345960729014     
          18          42  0.96970964823991923     
          19          43  0.97024513072140739     
          20          44  0.97078913269973843     
          21          45  0.96464499833432549     
          24          46  0.97666641611228777     
          24          47  0.98051001398564530     
          24          48  0.97422042350885618     
          26          49  0.95103055069217701     
          27          50  0.95160087834645113     
          28          51  0.97493152699964614     
          28          52  0.97006733482259233     
          29          53  0.97632455539208352     
          29          54  0.97738634191395812     
          30          55  0.97712753297428967     
          30          56  0.97590245535347919     
          31          57  0.97462563264725799     
          31          58  0.96905605517243210     
