    0.14361623
   -0.26902244
    0.03631872
   -0.06361872
   -0.03014997
   -0.04003625
   -0.03180550
   -0.01446587
    0.03970275
    0.04350831
   -0.01459187
   -0.03770494
   -0.03801169
   -0.03164583
   -0.06510993
    0.14549244
   -0.28609668
    0.04042516
   -0.09414214
    0.27548529
   -0.01436348
   -0.02890473
   -0.03788229
    0.10280015
   -0.16822352
   -0.03328652
   -0.01435246
   -0.41282334
    0.08322098
    0.35751684
   -0.35277471
   -0.39870818
   -0.10492556
    0.27150352
   -0.02203757
   -0.02930237
   -0.03686732
    0.10237043
   -0.16436886
   -0.03657912
   -0.02268720
   -0.41144344
    0.04776913
    0.06406741
    0.04098197
    0.04232221
    0.04046741
    0.03817500
    0.02894600
    0.08609318
    0.08082363
    0.05147971
    0.04104282
    0.03986284
    0.04045757
    0.03615946
    0.04489254
    0.07234671
    0.04179014
    0.06131685
    0.06437732
    0.05980017
    0.06965417
    0.34134016
    0.04594304
    0.06395638
    0.06390480
    0.05600104
