           1           2   1.0640757807902801     
           2           3  0.98107511491017330     
           1           4   1.3776106591075779     
           4           5   1.4389012162247978     
           5           6   1.4399745236692549     
           4           7  0.10264539401822145     
           6           7   1.4289049026338614     
           1           8   1.3257725656935166     
           5           8  0.10622565718054003     
           7           8   1.4356804341013403     
           8           9  0.98997043750873592     
           9          10  0.95180142034273441     
          10          11  0.98536999617561105     
          11          12   1.4219922496097637     
          12          13   1.4393113927601491     
          11          14  0.10755219840313771     
          13          14   1.4332572864337916     
          12          15  0.10480025218783402     
          14          15   1.4451700016475482     
          11          16   1.3414992159232153     
          15          16   1.3718036866566843     
          16          17   1.0455340974355378     
          17          18  0.97975294012534453     
          10          19  0.96790388678713901     
          19          20   1.2036347136153902     
          20          21  0.96049319759939122     
          21          22   1.3977768646230226     
          22          23   1.4461600409715625     
          23          24   1.3989089173265021     
          24          25  0.98024946879977126     
          22          26  0.10811490404411662     
          24          26   1.4043250131615890     
          21          27   1.4063553072364059     
          23          27  0.10780115428973915     
          26          27   1.4423530822593493     
          19          28  0.18973860825061997     
          20          28   1.6981538421822355     
          19          29  0.98999381310932610     
          29          30  0.90278582069510804     
          30          31   1.1605020604788523     
          30          32   1.7653411222456061     
          31          32  0.17833503101237122     
           9          33  0.95543322138432385     
          29          33  0.99139967300811438     
          33          34   1.2122709722294100     
          34          35  0.95606978626375461     
          35          36   1.3980165022148321     
          36          37   1.4487590250643427     
          37          38   1.3975059572667163     
          38          39  0.98317431861350713     
          36          40  0.10840855285953510     
          38          40   1.4038331589039126     
          35          41   1.4075715115226701     
          37          41  0.10734205175218875     
          40          41   1.4419881768364193     
          33          42  0.19395827735965887     
          34          42   1.6987728640238815     
           3          43  0.97687860626777911     
           3          44  0.97923481820949854     
           3          45  0.97624340210198102     
           4          46  0.96531264489236990     
           5          47  0.97080320741567672     
           6          48  0.97075843850541854     
           7          49  0.96809553903867718     
           9          50  0.94929525696083372     
          10          51  0.94463510203636214     
          12          52  0.96557566904811276     
          13          53  0.97024348084518885     
          14          54  0.97065816861419907     
          15          55  0.96458406382943274     
          18          56  0.97561471504137565     
          18          57  0.97633419279204503     
          18          58  0.97308902339859382     
          22          59  0.96683217292542567     
          23          60  0.96646598054217714     
          26          61  0.96598703892380144     
          27          62  0.96562377689356726     
          29          63  0.93379232158158754     
          31          64  0.85711322862042894     
          36          65  0.96712929914831158     
          37          66  0.96608026559234306     
          40          67  0.96610535166213096     
          41          68  0.96733888059462114     
