   -0.02719488
    0.48490386
   -0.22941274
   -0.19814793
   -0.20201435
   -0.02173488
   -0.02327795
   -0.01750476
   -0.02929112
    0.02124294
    0.04997292
    0.04142777
    0.01032209
   -0.02743352
    0.48773084
   -0.20238967
   -0.20861796
   -0.21242888
   -0.02254572
   -0.02095761
   -0.01471634
   -0.02515703
   -0.11822705
    0.27694719
   -0.01608433
   -0.02828328
   -0.03328045
    0.01234428
    0.00923679
   -0.03243729
   -0.02814759
   -0.02933495
   -0.02868185
   -0.03464936
   -0.03366141
   -0.02944493
   -0.41187479
    0.09544583
    0.36786995
   -0.34795215
   -0.40481628
   -0.11300884
    0.27342483
   -0.02195302
   -0.02740361
   -0.02883593
    0.01418298
    0.01057523
   -0.03249794
   -0.02831799
   -0.02973118
   -0.02896700
   -0.03374063
   -0.03366375
   -0.02421279
   -0.41479764
    0.06564451
    0.05562908
    0.05694837
    0.07329188
    0.07273040
    0.05815423
    0.07149179
    0.06043353
    0.06108180
    0.05046037
    0.04690749
    0.04252268
    0.03506260
    0.03466240
    0.03435439
    0.03304772
    0.02894204
    0.04281274
    0.03893658
    0.07960951
    0.34819089
    0.04086151
    0.04510389
    0.03478778
    0.03290897
    0.03222647
    0.03180579
    0.02877240
    0.04140193
    0.04242015
