           1           2  0.95096265299900762     
           2           3  0.92202982234689801     
           2           4  0.95324608996280702     
           2           5  0.95436133997450057     
           1           6   1.4109590936123024     
           6           7   1.4446967475189689     
           1           8  0.10437341797987611     
           7           8   1.4316032505367435     
           6           9  0.10974773355643115     
           8           9   1.4493639228870754     
           1          10   1.3868872552445421     
           7          10  0.10772590715079004     
           9          10   1.4072952917414265     
          10          11  0.98996809160539734     
          11          12  0.95068225469759282     
          12          13  0.99151055975541358     
          13          14   1.3865905644502607     
          14          15  0.95029767473414684     
          15          16  0.95226067548360238     
          15          17  0.94523999875968834     
          15          18  0.93639162314392654     
          14          19   1.4112055152643828     
          13          20  0.10799590866818974     
          19          20   1.4444383428030965     
          14          21  0.10536716141305170     
          20          21   1.4318719138322842     
          13          22   1.4076810195497123     
          19          22  0.10844954535676468     
          21          22   1.4483291430216505     
          12          23  0.96688468602867517     
          23          24   1.2015319256324535     
          24          25  0.95957919076159692     
          25          26   1.3981146378771268     
          26          27   1.4545727504838419     
          25          28  0.10350896601660456     
          27          28   1.3860515912979656     
          28          29   1.0458937445596497     
          29          30   1.3909879041325266     
          30          31   1.4501572823047972     
          29          32  0.10585846328823845     
          31          32   1.4358730885134308     
          30          33  0.10857340653297798     
          32          33   1.4338890578699346     
          29          34   1.3879528125308678     
          31          34  0.10883220094569625     
          33          34   1.4523824250077615     
          26          35  0.10661329620193526     
          28          35   1.3878148459122825     
          25          36   1.4011884004948580     
          27          36  0.10628394997061541     
          35          36   1.4512349137882794     
          23          37  0.18563469181473549     
          24          37   1.6915851325054863     
          23          38  0.97348829840275608     
          38          39  0.90706355512733783     
          39          40   1.1745565309593640     
          39          41   1.7475682002487678     
          40          41  0.17773111860450555     
          11          42  0.96136328577274044     
          38          42  0.98797909867280953     
          42          43   1.1943926983983735     
          43          44  0.96266554415225036     
          44          45   1.3950807515472947     
          45          46   1.4576300143595142     
          44          47  0.10226756658489140     
          46          47   1.3834683913046135     
          47          48   1.0473113202770989     
          48          49   1.3890470350976873     
          49          50   1.4515987866313504     
          48          51  0.10564810292984073     
          50          51   1.4347941654168630     
          49          52  0.10863046458958846     
          51          52   1.4346375699399649     
          48          53   1.3886850582105386     
          50          53  0.10851468603495094     
          52          53   1.4515889296968070     
          45          54  0.10620319618889025     
          47          54   1.3880593761609512     
          44          55   1.3984957937196687     
          46          55  0.10562706249298220     
          54          55   1.4525928939359742     
          42          56  0.18916573685458085     
          43          56   1.7006472604251315     
           6          57  0.96578624094210885     
           7          58  0.96893829688896216     
           8          59  0.96878152160209807     
           9          60  0.95838952619714346     
          11          61  0.95266917162583331     
          12          62  0.94936420937181620     
          19          63  0.96492236059533742     
          20          64  0.96808714675759600     
          21          65  0.96786696163968189     
          22          66  0.96539619474203242     
          26          67  0.96796743536888796     
          27          68  0.96708356882696234     
          30          69  0.96862293998402316     
          31          70  0.97057884907526559     
          32          71  0.97134511095642229     
          33          72  0.97061354117334986     
          34          73  0.96812445010941062     
          35          74  0.96705546353016447     
          36          75  0.96841167039824172     
          38          76  0.94164814675753150     
          40          77  0.85216882001255456     
          45          78  0.96811853164591577     
          46          79  0.96670662449818412     
          49          80  0.96851336959192280     
          50          81  0.97068693746120815     
          51          82  0.97147921661683312     
          52          83  0.97074073743440858     
          53          84  0.96884058167359388     
          54          85  0.96719770260905102     
          55          86  0.96896835618795008     
