   -0.01932309
    0.48640372
   -0.22614691
   -0.19969235
   -0.19820594
   -0.01700597
   -0.01945018
   -0.01659821
   -0.02459428
    0.02332144
    0.05170914
    0.04127414
    0.00730959
   -0.03277154
    0.48496689
   -0.21782166
   -0.19397430
   -0.21539416
   -0.02121800
   -0.02090201
   -0.01638142
   -0.03122533
   -0.11397791
    0.27419845
   -0.01351405
   -0.02014421
   -0.03187230
    0.05993731
   -0.11088471
   -0.03043253
   -0.02772583
   -0.41814369
    0.09501839
    0.36866139
   -0.35951882
   -0.40358549
   -0.12146167
    0.27297794
   -0.01710658
   -0.01967953
   -0.02999269
    0.06208071
   -0.11818104
   -0.02803385
   -0.02532815
   -0.40443212
    0.07223862
    0.06126054
    0.05744845
    0.04616118
    0.07124746
    0.06217944
    0.07273358
    0.06422654
    0.06449523
    0.07786783
    0.06175338
    0.06192432
    0.06668514
    0.05380167
    0.07099230
    0.34990942
    0.05899412
    0.06088288
    0.06035084
    0.04170848
