           1           2  0.95128353315423453     
           2           3  0.92510631075221317     
           2           4  0.95014830358900104     
           2           5  0.95794247227333729     
           1           6   1.4147116310081662     
           6           7   1.4423014893852741     
           1           8  0.10527164827711409     
           7           8   1.4337967289811668     
           6           9  0.10876577291545055     
           8           9   1.4476534060509341     
           1          10   1.3865005883271195     
           7          10  0.10902136251360407     
           9          10   1.4100123531766333     
          10          11  0.99316214808078085     
          11          12  0.94838485269619033     
          12          13  0.99342648390779376     
          13          14   1.3856091808292585     
          14          15  0.95131470537926432     
          15          16  0.93053077401149098     
          15          17  0.96265917724991867     
          15          18  0.93733667178937796     
          14          19   1.4100857294379168     
          13          20  0.10796100481565796     
          19          20   1.4437675145119282     
          14          21  0.10399541991432380     
          20          21   1.4322288896483542     
          13          22   1.4086641605221530     
          19          22  0.10864086963757287     
          21          22   1.4469159306980433     
          12          23  0.96157037543419988     
          23          24   1.2156571417455362     
          24          25  0.98171169574288153     
          25          26   1.3909173149357266     
          26          27   1.4472796964574226     
          27          28   1.4157276571544204     
          28          29  0.97761091149509016     
          26          30  0.10806377363037438     
          28          30   1.4220219718243257     
          25          31   1.3993246835675293     
          27          31  0.10683210031305494     
          30          31   1.4401898250439833     
          23          32  0.18385485681280264     
          24          32   1.6523493636939230     
          23          33  0.97628273929234033     
          33          34  0.90211139784624450     
          34          35   1.1602018232565867     
          34          36   1.7474045274643886     
          35          36  0.17206916052672849     
          11          37  0.95603278877509112     
          33          37  0.98761217915902055     
          37          38   1.1883653599692039     
          38          39  0.96344458569420632     
          39          40   1.4023024430425028     
          40          41   1.4395394914907373     
          39          42  0.10061450333108059     
          41          42   1.4223791805862140     
          42          43  0.97448101526727282     
          40          44  0.10890842131243836     
          42          44   1.4194706681191720     
          39          45   1.4013052711728458     
          41          45  0.10866952256961164     
          44          45   1.4419749714301455     
          37          46  0.18848211013759686     
          38          46   1.7098485796438478     
           6          47  0.96490118580420836     
           7          48  0.96838800200063624     
           8          49  0.96873862780294018     
           9          50  0.96704645323296468     
          11          51  0.95173595117196896     
          12          52  0.95298099435451178     
          19          53  0.96466767167013479     
          20          54  0.96783642795364799     
          21          55  0.96780713947591934     
          22          56  0.95737518737773053     
          26          57  0.96515828327522613     
          27          58  0.96700185951869000     
          30          59  0.96645155688915863     
          31          60  0.96604872717324786     
          33          61  0.94485678331518008     
          35          62  0.85161408434026820     
          40          63  0.96600883315366470     
          41          64  0.96718339942602582     
          44          65  0.96745191149726795     
          45          66  0.96672588809387172     
