   -0.03567364
    0.48512633
   -0.20409666
   -0.20144277
   -0.22059119
   -0.02454545
   -0.02462427
   -0.01828283
   -0.02994635
    0.00872074
    0.04370646
    0.04055443
    0.00906023
   -0.02618850
    0.48796854
   -0.20989036
   -0.20530385
   -0.20381615
   -0.02260927
   -0.02227481
   -0.01570354
   -0.02576855
   -0.12234915
    0.27955172
   -0.05442869
    0.09983416
    0.00140843
   -0.03367948
   -0.02973791
   -0.03224959
   -0.02791425
   -0.04006187
   -0.19495209
    0.11743583
   -0.11934774
   -0.07417514
   -0.40533350
    0.10208437
    0.37834210
   -0.37822150
   -0.35740908
   -0.11691777
    0.27852586
   -0.06092352
    0.10823862
    0.00332228
   -0.02774399
   -0.02737688
   -0.02711042
   -0.02286595
   -0.03357298
   -0.18647580
    0.11360979
   -0.11787285
   -0.07633178
   -0.41430789
    0.06733305
    0.05893990
    0.05987990
    0.07450018
    0.06331053
    0.05684229
    0.07144628
    0.05998469
    0.05911673
    0.04746910
    0.04350405
    0.03542429
    0.03413058
    0.03837550
    0.04805712
    0.06163909
    0.06213463
    0.07089566
    0.05221229
    0.07797854
    0.34155346
    0.04909365
    0.03590093
    0.03738211
    0.04259684
    0.03860404
    0.05636868
    0.06264720
    0.06949642
    0.03781042
