           1           2  0.95004748057887167     
           2           3  0.94681481208418650     
           2           4  0.95345182556591679     
           2           5  0.93208294146706550     
           1           6   1.4064503128068688     
           6           7   1.4481763884975449     
           1           8  0.10289677621514037     
           7           8   1.4272051186312467     
           6           9  0.11018339220805565     
           8           9   1.4532324034081414     
           1          10   1.3900029128103064     
           7          10  0.10737230550552378     
           9          10   1.4013624995823231     
          10          11  0.99206567365377074     
          11          12  0.94257523317539482     
          12          13  0.99226188303304153     
          13          14   1.3908067748542510     
          14          15  0.94952304027985845     
          15          16  0.94408297000787933     
          15          17  0.94342614967415805     
          15          18  0.94964763551830544     
          14          19   1.4088709946532278     
          13          20  0.10857567856272805     
          19          20   1.4474492628949502     
          14          21  0.10428191229484725     
          20          21   1.4282074471358828     
          13          22   1.4026597014497468     
          19          22  0.10916425995728041     
          21          22   1.4531337062671064     
          12          23  0.97209223252765364     
          23          24   1.1896723043256265     
          24          25  0.97107841310682541     
          25          26   1.4823796398635374     
          26          27   1.0873378790332209     
          27          28   1.3668555181164102     
          28          29   1.4589814704903921     
          29          30   1.4295254582390335     
          28          31  0.10499520389951991     
          30          31   1.4296127945897492     
          27          32   1.3646862642690856     
          29          32  0.10511617434140935     
          31          32   1.4574180835362816     
          26          33   1.0960084802207863     
          26          34  0.12046124211889647     
          33          34   1.1195980768734564     
          34          35   1.0300940188725565     
          25          36   1.2690207840418917     
          34          36   1.5626842073710512     
          23          37  0.18736204798412065     
          24          37   1.6979394525236544     
          23          38  0.97443206417993855     
          38          39  0.90969776269196845     
          39          40   1.1188299957269154     
          39          41   1.8046985542273910     
          40          41  0.17017050030148081     
          11          42  0.97399049386931069     
          38          42  0.97624349461721149     
          42          43   1.1906318628812806     
          43          44  0.98238294281927940     
          44          45   1.4761855952683054     
          45          46   1.0831667413089929     
          46          47   1.3692392029881033     
          47          48   1.4589979537118265     
          48          49   1.4301231188651686     
          47          50  0.10621319519892053     
          49          50   1.4311735926683709     
          46          51   1.3717998799266375     
          48          51  0.10572891820779534     
          50          51   1.4569168856133505     
          45          52   1.1078336167790404     
          45          53  0.11727858821980593     
          52          53   1.1180807790113456     
          53          54   1.0292011795575442     
          44          55   1.2616612548775714     
          53          55   1.5684920007121219     
          42          56  0.18288028746374124     
          43          56   1.6780823898580888     
           6          57  0.96549820478758674     
           7          58  0.96854709976254272     
           8          59  0.96793198333071362     
           9          60  0.95962052361023653     
          11          61  0.95401126685552395     
          12          62  0.94235326776388550     
          19          63  0.96491541620913623     
          20          64  0.96835380042615982     
          21          65  0.96823825517934936     
          22          66  0.96471848088960988     
          28          67  0.96856877165368482     
          29          68  0.97053969327615697     
          30          69  0.97134282022487295     
          31          70  0.96993625144079276     
          32          71  0.96148994667041676     
          35          72  0.96749610286892018     
          35          73  0.98303771838291509     
          35          74  0.96792364755468585     
          36          75  0.97297527988662924     
          38          76  0.94018148929165224     
          40          77  0.85922019342967382     
          47          78  0.96830621714512954     
          48          79  0.97047187701617144     
          49          80  0.97114568447184235     
          50          81  0.97002774684351489     
          51          82  0.96340431566232565     
          54          83  0.98390281278800018     
          54          84  0.96954861461754838     
          54          85  0.96727713012088889     
          55          86  0.97375407580766071     
