   -0.03405165
   -0.02917613
   -0.02853595
   -0.03334700
    0.01037535
    0.01581375
   -0.03590782
   -0.02879168
   -0.02964660
    0.00598663
    0.05206898
    0.03943681
   -0.00664898
   -0.03227754
   -0.02992265
   -0.03495451
    0.01550893
    0.00858739
   -0.03320701
   -0.02660994
   -0.02744627
   -0.03350896
   -0.12236687
    0.27324343
   -0.01405402
   -0.02510960
   -0.03202781
    0.01443862
   -0.03306215
   -0.02864971
   -0.02835197
   -0.03368213
    0.01519407
   -0.03339322
   -0.41364398
    0.09536425
    0.35079439
   -0.34969951
   -0.39209119
   -0.13342706
    0.27979152
   -0.02161343
   -0.02421919
    0.01537789
   -0.03240631
   -0.02858143
   -0.02825291
   -0.03400262
    0.01448402
   -0.03421528
   -0.03481548
   -0.40623756
    0.03483708
    0.03271376
    0.03059859
    0.02710488
    0.03608581
    0.03576703
    0.03282713
    0.05850714
    0.04888466
    0.02890055
    0.03811417
    0.03888102
    0.02704178
    0.03434948
    0.03595826
    0.03740504
    0.03605510
    0.03810420
    0.03406951
    0.03436587
    0.03477136
    0.03460695
    0.03394669
    0.09003630
    0.34201819
    0.05654400
    0.03854565
    0.03369401
    0.03327032
    0.03448310
    0.03904037
    0.02994204
