           1           2   1.5569780960450141     
           2           3   1.3224575768133626     
           1           4  0.11845957848733535     
           3           4   1.5543379875810741     
           4           5   1.2834786693785514     
           1           6   1.2796165308464680     
           5           6   1.2531532605241220     
           6           7   1.2789267036478618     
           7           8   1.5536763706003962     
           8           9   1.3257350939781274     
           5          10   1.2519552868228003     
           7          10  0.11454344263906512     
           9          10   1.5250838959401545     
          10          11  0.99217380454317183     
          11          12  0.94831200891488787     
          12          13  0.99133759833616619     
          13          14   1.5183243382082765     
          14          15   1.3292952611409428     
          13          16  0.11441388804712257     
          15          16   1.5501362523599702     
          16          17   1.2797737021586937     
          13          18   1.2518282657180673     
          17          18   1.2522103369685023     
          18          19   1.2834392187344976     
          19          20   1.5537424418394343     
          20          21   1.3221613564660699     
          17          22   1.2786908460868254     
          19          22  0.11834649992853348     
          21          22   1.5570008558156581     
          12          23  0.95756230640073570     
          23          24   1.1967708975348514     
          24          25  0.95337289698681582     
          25          26   1.2837137714578430     
          26          27   1.5617977863189128     
          27          28   1.2756460184472225     
          28          29   1.2816665044537474     
          29          30   1.5556760116789212     
          30          31   1.3213939087584547     
          29          32  0.11800495056533918     
          31          32   1.5564701268096874     
          28          33   1.2514544197538555     
          32          33   1.2796708165083432     
          25          34   1.5272954015666733     
          27          34  0.11419009180344680     
          33          34   1.2765968996096984     
          23          35  0.18905090223459159     
          24          35   1.7088614095361914     
          23          36  0.97903812661277345     
          36          37  0.90712602139818743     
          37          38   1.1684239436744872     
          37          39   1.7706820901332052     
          38          39  0.18358171115345268     
          11          40  0.96149467361305319     
          36          40  0.99594993628236073     
          40          41   1.1567932794389550     
          41          42  0.97614630113206857     
          42          43   1.5152987348428555     
          43          44   1.2830202850496586     
          44          45   1.2779000356346801     
          45          46   1.5577230324562592     
          46          47   1.3211154690238427     
          45          48  0.11796818792025876     
          47          48   1.5552551765240736     
          44          49   1.2505181218646062     
          48          49   1.2828458629728843     
          43          50  0.11290149617453521     
          49          50   1.2738574790717401     
          42          51   1.2814117153799880     
          50          51   1.5659919132948734     
          40          52  0.17333539698957023     
          41          52   1.7199683192032382     
           1          53  0.96802562281817139     
           2          54  0.97075384174569646     
           3          55  0.97110798638545415     
           4          56  0.96223296459119911     
           7          57  0.96793864849570510     
           8          58  0.97031243049844984     
           9          59  0.96686757314572191     
          11          60  0.94761884888187864     
          12          61  0.94785637858453997     
          14          62  0.96583139348999869     
          15          63  0.97012402598212932     
          16          64  0.96772623200012453     
          19          65  0.96065805433734297     
          20          66  0.97075536098366766     
          21          67  0.97046891542613811     
          22          68  0.96776758821066111     
          26          69  0.96926107328865596     
          27          70  0.96680150784359553     
          29          71  0.96821624724479705     
          30          72  0.97084497957267513     
          31          73  0.97079758992337584     
          32          74  0.96821315412389886     
          34          75  0.96651763865272011     
          36          76  0.92872420290726709     
          38          77  0.85611201490034838     
          43          78  0.96484322034082459     
          45          79  0.96803520133826937     
          46          80  0.97083264671998304     
          47          81  0.97096098442637135     
          48          82  0.96824214001633035     
          50          83  0.96713710504892203     
          51          84  0.96777608940124926     
