   -0.42220976
    0.27540629
   -0.00933877
   -0.02666865
   -0.03253228
    0.08629535
   -0.15006640
   -0.03087775
   -0.01697946
   -0.11114119
    0.09711509
    0.37250754
   -0.36076477
   -0.40625207
   -0.11444902
    0.27349942
   -0.01799168
   -0.02565547
   -0.03219155
    0.08483654
   -0.15657394
   -0.03198699
   -0.01453045
   -0.41207312
    0.04176789
    0.00312050
   -0.03016176
   -0.02637849
   -0.02851217
   -0.02578944
   -0.03612916
    0.03769001
   -0.00636240
   -0.03520377
   -0.02558700
   -0.02849201
   -0.02798564
   -0.03793381
    0.04646530
    0.06249517
    0.06415446
    0.06281440
    0.06222845
    0.34878908
    0.04169221
    0.06219841
    0.06397673
    0.06618024
    0.08407716
    0.02783615
    0.03898446
    0.03986953
    0.04035103
    0.03385855
    0.05038746
    0.05618036
    0.04467701
    0.04197597
    0.04164146
    0.02774673
