           1           2   1.6453961266847386     
           2           3  0.97282670096764212     
           3           4   1.3990851884151241     
           4           5   1.4459023474840789     
           5           6   1.4059570285681811     
           6           7  0.99013258342012578     
           4           8  0.10695262311953721     
           6           8   1.4074079323127882     
           3           9   1.3962853449966619     
           5           9  0.10752140985160265     
           8           9   1.4455449071660931     
           1          10  0.18775535041833430     
           2          10   1.2356892923875129     
          10          11  0.96808670470548197     
          11          12  0.91015568151844339     
          12          13   1.1547930034585412     
          12          14   1.7444359940606904     
          13          14  0.16876371903024628     
          11          15  0.99062819717710715     
          15          16   1.1949466649674665     
          16          17  0.97124128159213641     
          17          18   1.3977577520958013     
          18          19   1.4440440234794996     
          19          20   1.4078843253316349     
          20          21  0.98738992997358010     
          18          22  0.10691343454649355     
          20          22   1.4062660856369273     
          17          23   1.3960907596268282     
          19          23  0.10804069846687246     
          22          23   1.4471982037321087     
          15          24  0.18860658219699325     
          16          24   1.6971077558043339     
          15          25  0.96733777695954393     
          25          26  0.98405850405065132     
          26          27   1.4235318429867427     
          27          28   1.4355174671979343     
          26          29  0.10983904620462549     
          28          29   1.4460805230212790     
          27          30  0.10976190130485122     
          29          30   1.4316749858331788     
          26          31   1.4031406450474559     
          28          31  0.11306707721173784     
          30          31   1.4531678925097158     
          10          32  0.95879614874703667     
          25          32  0.95064526127782156     
          32          33  0.98715128613851744     
          33          34   1.4094299762473932     
          34          35   1.4467826098474119     
          33          36  0.10897373386744913     
          35          36   1.4368075934007085     
          34          37  0.11174961929893813     
          36          37   1.4395482780127604     
          33          38   1.4132305457666070     
          35          38  0.10983100951749294     
          37          38   1.4425038868182913     
           4          39  0.96680585133882557     
           5          40  0.96675638446766321     
           8          41  0.96629796475737173     
           9          42  0.96556793531706742     
          11          43  0.94341929579349504     
          13          44  0.85282927563211886     
          18          45  0.96598533043665102     
          19          46  0.96671641396379915     
          22          47  0.96640305632099011     
          23          48  0.96529962731911456     
          25          49  0.94479528962059534     
          27          50  0.96636997290226501     
          28          51  0.97061891823463764     
          29          52  0.97086050440918914     
          30          53  0.97035672978894671     
          31          54  0.96923714195010002     
          32          55  0.95413698151125059     
          34          56  0.96336109558289729     
          35          57  0.97014143457783319     
          36          58  0.97064764583761032     
          37          59  0.97021853486522791     
          38          60  0.96820195970425171     
