   -0.03123167
   -0.03295830
    0.01414340
   -0.03372439
   -0.02944200
   -0.02893394
   -0.03319745
    0.01724604
   -0.03552055
    0.01313559
    0.04935752
    0.04456043
    0.00913337
   -0.03851398
    0.01724114
   -0.03331252
   -0.02843414
   -0.02903574
   -0.03349209
    0.01426512
   -0.03269016
   -0.02838533
   -0.11402460
    0.27314270
   -0.01546862
   -0.04908352
   -0.04451509
   -0.02567183
    0.03662523
   -0.41346223
    0.08652966
    0.35072087
   -0.36150042
   -0.38013742
   -0.12546883
    0.27814083
   -0.00936750
   -0.02481306
   -0.03894078
   -0.01199798
   -0.04382802
   -0.41079752
    0.03034930
    0.03670567
    0.03284563
    0.03168205
    0.03209935
    0.03438520
    0.03670744
    0.05211714
    0.06273028
    0.03509042
    0.03472384
    0.03299721
    0.03254996
    0.03335086
    0.03623605
    0.02261045
    0.03682321
    0.04507882
    0.05359544
    0.08493894
    0.34545304
    0.06805764
    0.04919941
    0.05338043
