           1           2   1.5651652198504939     
           2           3   1.2754543620954932     
           3           4   1.2823483790449453     
           4           5   1.5557445047885050     
           5           6   1.3211331406036007     
           4           7  0.11807288369864663     
           6           7   1.5575197409751302     
           3           8   1.2509349563390093     
           7           8   1.2788864712030870     
           2           9  0.11421344295198219     
           8           9   1.2819139952140255     
           1          10   1.2929320998011173     
           9          10   1.5257778968887976     
          10          11  0.99266474402688787     
          11          12  0.94987449313713268     
          12          13  0.98866877115286944     
          13          14   1.5202488437094521     
          14          15   1.2858658696319285     
          15          16   1.2768625161181626     
          16          17   1.5594454120198884     
          17          18   1.3194196700854266     
          16          19  0.11834975174294238     
          18          19   1.5577029554951143     
          15          20   1.2495859497532753     
          19          20   1.2803956334042204     
          14          21  0.11602725641361639     
          20          21   1.2792724827657611     
          13          22   1.2998323334039981     
          21          22   1.5588428791945264     
          12          23  0.95760811379574995     
          23          24   1.1950337585188571     
          24          25  0.98969120208186245     
          25          26   1.5691425625647424     
          26          27   1.2827814267266393     
          25          28  0.11208259970439666     
          27          28   1.6142826014280556     
          25          29   1.1701314726376548     
          28          29   1.2137653100795138     
          23          30  0.18976585618168512     
          24          30   1.6861005624736340     
          23          31  0.99045536932006983     
          31          32  0.90261782896849707     
          32          33   1.1553715798579791     
          32          34   1.7879786504219584     
          33          34  0.18169005650759637     
          11          35  0.95600076847666005     
          31          35  0.99661089459457564     
          35          36   1.1630790256388290     
          36          37   1.0239386927521235     
          37          38   1.5600845015751263     
          38          39   1.2892070488546405     
          37          40  0.11348128063059354     
          39          40   1.6157699277428199     
          37          41   1.1396851161999717     
          40          41   1.1944928630050680     
          35          42  0.17093598427199352     
          36          42   1.6791592031433027     
           1          43  0.96853658696655476     
           2          44  0.96787152094095541     
           4          45  0.96839609008332195     
           5          46  0.97107553603538488     
           6          47  0.97098508358062552     
           7          48  0.96825461040526417     
           9          49  0.96550594753339214     
          11          50  0.95376945459929163     
          12          51  0.95180515169248614     
          14          52  0.96584605410948909     
          16          53  0.96822651090559564     
          17          54  0.97092879697972490     
          18          55  0.97101364790122524     
          19          56  0.96836141621615179     
          21          57  0.96798073219471181     
          22          58  0.96697678574031565     
          26          59  0.96156293827918771     
          27          60  0.96458214660099761     
          28          61  0.96962931076979020     
          31          62  0.91753640993923680     
          33          63  0.85352069330540192     
          38          64  0.96059517001381489     
          39          65  0.96319083369329095     
          40          66  0.96907275584679431     
