   -0.41672244
    0.27082321
   -0.02790792
   -0.04625287
    0.00848088
    0.02525655
   -0.10600565
   -0.10356371
   -0.10606253
   -0.04580303
    0.01277197
    0.02640785
   -0.10806695
   -0.10797880
   -0.10545059
   -0.03356823
   -0.12355936
    0.09068657
    0.35085194
   -0.34979254
   -0.39587939
   -0.12078666
    0.26741909
   -0.02860568
   -0.03149001
    0.00971916
    0.02626374
   -0.10678894
   -0.10782196
   -0.10857687
   -0.04453469
    0.01119388
    0.02601601
   -0.10631633
   -0.11361478
   -0.10417599
   -0.04586649
   -0.42318379
    0.03843545
    0.00969767
   -0.03726449
   -0.02761796
   -0.03148310
   -0.02906941
   -0.02843260
    0.04368115
    0.01189345
   -0.02717325
   -0.02542047
   -0.02831658
   -0.02652509
   -0.02888941
    0.03446216
    0.03715027
    0.03797177
    0.03619133
    0.03657820
    0.03448561
    0.03556308
    0.03433173
    0.03795199
    0.03641002
    0.04402582
    0.03726543
    0.03847009
    0.03456292
    0.04652098
    0.03664057
    0.03405231
    0.03870388
    0.03792294
    0.03452838
    0.03228690
    0.07343275
    0.34102267
    0.04715349
    0.03843264
    0.03428871
    0.04220917
    0.03545044
    0.03751388
    0.03592809
    0.03986695
    0.03698349
    0.03706758
    0.04664837
    0.03540593
    0.03435379
    0.03785230
    0.03584296
    0.03134121
    0.05632898
    0.03428559
    0.03883083
    0.03887994
    0.03494923
    0.08237896
    0.03449854
    0.03592479
    0.03424598
    0.03383210
    0.02979871
    0.05758267
    0.03597755
    0.03685825
    0.03503307
    0.03479799
    0.02789604
