           1           2   1.7079345226815443     
           2           3  0.95767528964709003     
           3           4   1.3826409119694800     
           4           5   1.4305059336009469     
           5           6  0.98278217550449776     
           6           7  0.98721911928449513     
           6           8  0.98695984876887666     
           6           9  0.99992121326097938     
           3          10  0.10482489115537259     
           5          10   1.3953711264223840     
           4          11  0.10523715009188889     
          10          11   1.4353005850300879     
          11          12  0.98383191265634518     
          12          13  0.99963329784029120     
          12          14  0.98841289467245863     
          12          15  0.98504472220466943     
           3          16   1.4313023663317614     
           5          16  0.10612862638735476     
          11          16   1.3903708410449451     
           1          17  0.18537050930349175     
           2          17   1.1908247446787543     
          17          18  0.97563375408764041     
          18          19  0.90698110289756595     
          19          20   1.1683968041914405     
          19          21   1.7616122659718558     
          20          21  0.18261535345539107     
          18          22  0.99410819323033872     
          22          23   1.1691343312118705     
          23          24  0.99345858725876157     
          24          25   1.4041829861814121     
          25          26   1.4065004205033098     
          26          27  0.98313105116437283     
          27          28  0.98470254984697769     
          27          29  0.99979542744122518     
          27          30  0.98894931253175444     
          26          31   1.4218984454567696     
          25          32  0.10482501186537806     
          31          32   1.3995233120831923     
          32          33  0.98350050070392547     
          33          34  0.99117842537029988     
          33          35  0.99896090240124857     
          33          36  0.98275063320693057     
          24          37   1.3812380642054565     
          26          37  0.10197081187158226     
          32          37   1.4262486617305810     
          22          38  0.17683336045147807     
          23          38   1.6905729117211201     
          22          39  0.96665464349496399     
          39          40  0.98935682077409348     
          40          41   1.4049702873792880     
          41          42   1.4509818169508613     
          40          43  0.10980955435007095     
          42          43   1.4333073927495763     
          41          44  0.11215900934345613     
          43          44   1.4436649070229208     
          40          45   1.4189439998404019     
          42          45  0.11008740077051841     
          44          45   1.4385474556022191     
          17          46  0.95571368002332102     
          39          46  0.95299606007632387     
          46          47  0.99035631516588651     
          47          48   1.4170978058413295     
          48          49   1.4406269909463714     
          47          50  0.10958810728708719     
          49          50   1.4421625160694476     
          48          51  0.11031641925223952     
          50          51   1.4347155536955256     
          47          52   1.4081123693884192     
          49          52  0.11178298702495137     
          51          52   1.4495717853593111     
           4          53  0.96398754684763954     
           7          54  0.98327415960847975     
           7          55  0.98433946769618852     
           7          56  0.98669953761710594     
           8          57  0.98253988995020780     
           8          58  0.98376563898066660     
           8          59  0.98280523678665099     
           9          60  0.98346891301067030     
           9          61  0.98423296200388166     
           9          62  0.98342645400649542     
          10          63  0.95803396756049397     
          13          64  0.98409171326530387     
          13          65  0.98483924516120991     
          13          66  0.98360490157464586     
          14          67  0.98498333276589567     
          14          68  0.98455417106041376     
          14          69  0.98319561643657905     
          15          70  0.98436085030192377     
          15          71  0.98449849955629209     
          15          72  0.98655875255033609     
          16          73  0.96463347564119406     
          18          74  0.94269985160261627     
          20          75  0.85633124851821629     
          25          76  0.96208108970243100     
          28          77  0.98404894227839512     
          28          78  0.98668133026399252     
          28          79  0.98366439279828288     
          29          80  0.98432297414413272     
          29          81  0.98423258029700977     
          29          82  0.98422648033524029     
          30          83  0.98302601543803891     
          30          84  0.98291983024200014     
          30          85  0.98451660792528339     
          31          86  0.95786437606188379     
          34          87  0.98167487748503046     
          34          88  0.98714599254055491     
          34          89  0.98444064203264603     
          35          90  0.98404776378474335     
          35          91  0.98592593810739582     
          35          92  0.97507573299260231     
          36          93  0.98451775123067109     
          36          94  0.98400940160791572     
          36          95  0.98513221762962566     
          37          96  0.96175090305937561     
          39          97  0.93787033687247323     
          41          98  0.96809633538749895     
          42          99  0.97074398349603885     
          43         100  0.97127475845413347     
          44         101  0.97095057718594258     
          45         102  0.96761947003459647     
          46         103  0.95344617964954903     
          48         104  0.96769397747986041     
          49         105  0.97073336378951858     
          50         106  0.97125933757292116     
          51         107  0.97093074003813773     
          52         108  0.96904004164237201     
