   -0.03543192
   -0.02980645
   -0.02806928
   -0.03001540
    0.01760937
    0.01640981
   -0.03274686
   -0.02863657
   -0.03000126
   -0.02487351
    0.27424090
   -0.12626562
    0.09285377
    0.37227466
   -0.36248371
   -0.41350788
   -0.11528867
    0.27649763
   -0.01574510
   -0.03004341
   -0.03060259
   -0.03435886
    0.01502073
    0.01728724
   -0.03138306
   -0.02613913
   -0.02736921
   -0.03435221
   -0.43043195
    0.04074112
    0.05045326
   -0.06766319
   -0.06453999
   -0.06217097
   -0.06419266
   -0.42069472
    0.03463870
    0.03366002
    0.03713528
    0.04058511
    0.03801038
    0.03700715
    0.02939781
    0.06653184
    0.34404502
    0.03324171
    0.03808925
    0.03869172
    0.04966218
    0.03929309
    0.03551588
    0.03537967
    0.04727411
    0.05439283
    0.04456107
    0.07957848
    0.04695159
    0.04275833
    0.04505089
    0.03996251
    0.04458377
    0.04742733
