           1           2   1.5582840679459413     
           2           3   1.3205861547229332     
           1           4  0.11894152966685588     
           3           4   1.5571038421181440     
           4           5   1.2803697139642023     
           1           6   1.2782111848623043     
           5           6   1.2516310837999369     
           6           7   1.2804131562216048     
           7           8   1.5528411487173270     
           8           9   1.3245408366773954     
           5          10   1.2509322179897309     
           7          10  0.11581850499093700     
           9          10   1.5170726215626031     
          10          11  0.95664112115841171     
          11          12   1.2076374941010553     
          12          13  0.98171599438441659     
          13          14  0.90849731846898107     
          14          15   1.1518896273310550     
          14          16   1.7389628275249593     
          15          16  0.16813980431884185     
          13          17  0.96983717609660025     
          17          18   1.2474242646229219     
          18          19  0.96523905872256488     
          19          20   1.5143794813344540     
          20          21   1.3235840925040592     
          19          22  0.11529504460344793     
          21          22   1.5534817815691839     
          22          23   1.2796940876248966     
          19          24   1.2468135846715827     
          23          24   1.2528163269867814     
          24          25   1.2805785008401172     
          25          26   1.5563424473708689     
          26          27   1.3208395018157704     
          23          28   1.2778385717333967     
          25          28  0.11905472362604995     
          27          28   1.5583495263200611     
          17          29  0.18794514635440066     
          18          29   1.6295741854328831     
          17          30  0.95908117650792202     
          12          31  0.95653619574741067     
          30          31  0.97093912486845335     
          31          32  0.99647798855238567     
          32          33   1.0031119625515836     
          33          34   1.0095926040982444     
          30          35  0.99779163125520742     
          34          35   1.0005624670337205     
          11          36   1.6915210932251044     
          12          36  0.18907114994231472     
           1          37  0.96812238344518409     
           2          38  0.97082648946213512     
           3          39  0.97062491508464954     
           4          40  0.96628953673632489     
           7          41  0.96800239963054635     
           8          42  0.96981362967251972     
           9          43  0.96979830327858862     
          13          44  0.94889468853428238     
          15          45  0.85581335281372528     
          20          46  0.97003784476643840     
          21          47  0.96969374676719400     
          22          48  0.96797167525800343     
          25          49  0.96439771877012914     
          26          50  0.97046935148168822     
          27          51  0.97069497545693584     
          28          52  0.96808748030294123     
          30          53  0.95350243552034986     
          31          54  0.95229457622382796     
          32          55  0.97510467795720657     
          32          56  0.96712916843654484     
          33          57  0.97559702582653318     
          33          58  0.97692819837342615     
          34          59  0.97601123313152804     
          34          60  0.97723436596609403     
          35          61  0.97139536770455548     
          35          62  0.97387320692906887     
