   -0.03144882
   -0.02740889
   -0.02675765
   -0.03667597
    0.01061691
    0.01912509
   -0.03232080
   -0.02861275
   -0.03170635
   -0.00276236
    0.04040192
    0.03812327
   -0.01186340
   -0.04154696
   -0.03555481
   -0.03568863
    0.01563030
    0.01077633
   -0.03705141
   -0.02481613
   -0.02631379
   -0.03329968
   -0.12058869
    0.27656294
   -0.02488548
   -0.04948004
   -0.05116289
    0.07985778
   -0.11379689
    0.06783381
   -0.41671524
    0.09032181
    0.35486919
   -0.35788630
   -0.38441450
   -0.11413211
    0.27283864
   -0.01167279
   -0.02781099
   -0.04849232
    0.09000910
   -0.11495999
   -0.02240076
   -0.42744290
    0.03745262
    0.03553656
    0.03456874
    0.02883001
    0.03972974
    0.03536502
    0.01386313
    0.08340035
    0.08912684
    0.04004364
    0.03451405
    0.03703083
    0.05043606
    0.03800971
    0.03580262
    0.03523198
    0.07360650
    0.06790199
    0.07505001
    0.34805334
    0.08165464
    0.06749483
