           1           2   1.5562982967230550     
           2           3   1.3236336884393218     
           1           4  0.11845398425625329     
           3           4   1.5533532928380975     
           4           5   1.2848026936815737     
           1           6   1.2803543927439927     
           5           6   1.2558668593172413     
           6           7   1.2756731411710451     
           7           8   1.5590600207466239     
           8           9   1.3191251920796054     
           5          10   1.2471969748793055     
           7          10  0.11392400952768186     
           9          10   1.5312684412514961     
          10          11  0.98399882333593869     
          11          12  0.95954662993964779     
          12          13  0.98621570982186391     
          13          14   1.5290157857782345     
          14          15   1.3187311097287999     
          13          16  0.11280303630984460     
          15          16   1.5583138874479132     
          16          17   1.2761850599116400     
          13          18   1.2447563091061054     
          17          18   1.2552408558734183     
          18          19   1.2867369945483884     
          19          20   1.5518445842513893     
          20          21   1.3247956823350362     
          17          22   1.2802582572478960     
          19          22  0.11886742080347083     
          21          22   1.5553916235350340     
          12          23  0.94453610744641636     
          23          24   1.1729898286760048     
          24          25   1.0203761760386361     
          25          26   1.5353116888752936     
          26          27   1.2986806745465933     
          27          28   1.5458519521315628     
          28          29   1.0236550975506598     
          25          30   1.1556508764882119     
          28          30   1.1943517901471747     
          23          31  0.17776250385963419     
          24          31   1.6746471162389960     
          23          32  0.99288227518889649     
          32          33  0.91474212446130976     
          33          34   1.1597750895287202     
          33          35   1.7741287410030875     
          34          35  0.18066535380495813     
          11          36  0.95777702693621325     
          32          36  0.98162279106436534     
          36          37   1.2063408380284366     
          37          38   1.0229747456631062     
          38          39   1.5486841081026184     
          39          40   1.2957081556698200     
          38          41  0.10289738062777123     
          40          41   1.5537308381591384     
          41          42   1.0253752412865560     
          38          43   1.1342243459464494     
          41          43   1.1681117492414639     
          36          44  0.18599968154672436     
          37          44   1.6436469398959979     
           1          45  0.96788355895033407     
           2          46  0.97060433605189367     
           3          47  0.97090092911996173     
           4          48  0.96587138069650758     
           7          49  0.96773517779315643     
           8          50  0.97037815821927986     
           9          51  0.96694461486025785     
          11          52  0.93989586449793916     
          12          53  0.94325315770621776     
          14          54  0.96286007580591160     
          15          55  0.97045008289466450     
          16          56  0.96769268339298864     
          19          57  0.96141655311537721     
          20          58  0.97065750186617639     
          21          59  0.97052381889750150     
          22          60  0.96796467415828624     
          26          61  0.95349610008637797     
          27          62  0.96137829747045356     
          32          63  0.91722378873208477     
          34          64  0.85192699612664102     
          39          65  0.95618729482870890     
          40          66  0.96074697051683300     
