   -0.03224213
   -0.02710165
   -0.02856704
   -0.02550218
   -0.02674662
    0.01190982
    0.04351365
    0.03586732
    0.00421358
   -0.03332089
   -0.02649813
   -0.03051907
   -0.02801136
   -0.03722924
   -0.10311774
    0.26283230
    0.09384772
   -0.05205575
   -0.00945669
   -0.03243166
   -0.03568137
   -0.03042682
   -0.05023041
    0.12909651
   -0.21254405
   -0.42904988
    0.08898524
    0.35709668
   -0.36351412
   -0.38057479
   -0.10436446
    0.26462918
    0.09347648
   -0.05275732
   -0.00977373
    0.12972113
   -0.05050521
   -0.03085335
   -0.03595068
   -0.03325388
   -0.22136548
   -0.42992679
    0.02955410
    0.03562898
    0.03605082
    0.03823244
    0.03880370
    0.05844240
    0.06561817
    0.04732553
    0.03829530
    0.03539779
    0.03570784
    0.03151091
    0.06881868
    0.04574090
    0.04221549
    0.04410701
    0.04765339
    0.11720248
    0.34177010
    0.06707030
    0.05323233
    0.04466236
    0.04124119
    0.04410069
