           1           2   1.4486888388977968     
           2           3   1.4353839227238863     
           1           4  0.11172001454654916     
           3           4   1.4415940682797019     
           2           5  0.11051912221272227     
           4           5   1.4411885928127792     
           1           6   1.4088575577779603     
           3           6  0.10952843373984238     
           5           6   1.4166018793554860     
           6           7  0.98844465486881838     
           7           8  0.94936554422570674     
           8           9  0.98319724651081819     
           9          10   1.4233962661007775     
          10          11   1.4350485973124696     
           9          12  0.10959806383816523     
          11          12   1.4465878889468364     
          10          13  0.11012115013975037     
          12          13   1.4311883451058993     
           9          14   1.4030571357762676     
          11          14  0.11281801554079519     
          13          14   1.4531727874391078     
           8          15  0.97370043942663109     
          15          16   1.1922131970975878     
          16          17   1.0266789069046731     
          17          18   1.5750672364541385     
          18          19   1.2263373373574515     
          19          20   1.3205588259158390     
          20          21   1.5098864010844979     
          21          22   1.3742673240858927     
          20          23  0.11579223314651238     
          22          23   1.4872657050982245     
          19          24   1.2653563948803144     
          23          24   1.3490445848582895     
          17          25   1.0718366122855423     
          24          25   1.0902338756529946     
          15          26  0.18475676782828615     
          16          26   1.6465020640793184     
          15          27  0.98500332029290238     
          27          28  0.91250960695490901     
          28          29   1.1517996811133888     
          28          30   1.7826837105378710     
          29          30  0.18093583607010968     
           7          31  0.95897690755333453     
          27          31  0.99347969534755776     
          31          32   1.1985016741069145     
          32          33   1.0222807508669336     
          33          34   1.5811265801872558     
          34          35   1.2231128687104034     
          35          36   1.2672186029955319     
          36          37   1.3525476944220216     
          37          38   1.4846692419360785     
          38          39   1.3763839755002776     
          35          40   1.3221751243606727     
          37          40  0.11550663793239245     
          39          40   1.5080039815066695     
          33          41   1.0701469735375693     
          36          41   1.0832723983778609     
          31          42  0.18666235145117849     
          32          42   1.6455981738858450     
           1          43  0.96932659528449649     
           2          44  0.97086157449065014     
           3          45  0.97117310938318702     
           4          46  0.97062034031173550     
           5          47  0.96772523955362366     
           7          48  0.95451647333948131     
           8          49  0.94722886412609553     
          10          50  0.96424087141928194     
          11          51  0.97069653030230951     
          12          52  0.97115149767570652     
          13          53  0.97071362874353739     
          14          54  0.96900011938976549     
          18          55  0.96969752245831264     
          20          56  0.96874189580152947     
          21          57  0.97054590437489441     
          22          58  0.97088660288622564     
          23          59  0.96730676035053442     
          27          60  0.91326162983010284     
          29          61  0.85686209972184946     
          34          62  0.96983578411813154     
          37          63  0.96674016722284661     
          38          64  0.97085758769417574     
          39          65  0.97061464736378611     
          40          66  0.96887451556167581     
