   -0.03938158
   -0.03404220
    0.01316199
   -0.03320299
   -0.02589410
   -0.02531959
   -0.03062110
    0.01622238
   -0.03984067
   -0.00636157
    0.03986402
    0.04855528
    0.00371446
   -0.03435071
    0.01681195
   -0.03297022
   -0.02865049
   -0.02871541
   -0.03354493
    0.01471278
   -0.03233421
   -0.03709874
   -0.11409473
    0.28022880
   -0.03976750
    0.07441615
   -0.12663335
    0.03906910
   -0.02533125
   -0.04227576
   -0.40506319
    0.09859098
    0.36123883
   -0.35469351
   -0.38288781
   -0.11157342
    0.28157437
   -0.03302786
    0.07809772
   -0.11098307
    0.02974517
   -0.02635593
   -0.04338944
   -0.42333505
    0.03019444
    0.03874804
    0.03524308
    0.03667871
    0.03887995
    0.04148732
    0.03668538
    0.05704182
    0.06000848
    0.03695902
    0.03440673
    0.03262407
    0.03261677
    0.03477297
    0.04092917
    0.04612347
    0.06499962
    0.05538358
    0.07817482
    0.35153054
    0.06348741
    0.05876099
