           1           2   1.5591014228291302     
           2           3   1.2790905096042617     
           3           4   1.2798156206299351     
           4           5   1.5578665407120031     
           5           6   1.3191484450855500     
           4           7  0.11843350670749990     
           6           7   1.5593211908149609     
           3           8   1.2491683466718153     
           7           8   1.2762795025916895     
           2           9  0.11467450226052248     
           8           9   1.2853299767161757     
           1          10   1.2968816737007458     
           9          10   1.5207274451168453     
          10          11  0.99010497419351273     
          11          12  0.95504613699757512     
          12          13  0.98816640839173941     
          13          14   1.5273798482806136     
          14          15   1.2813574342609579     
          15          16   1.2785315471499030     
          16          17   1.5579337338894776     
          17          18   1.3206751271646575     
          16          19  0.11826326585366244     
          18          19   1.5566555577405743     
          15          20   1.2512684078377128     
          19          20   1.2812532803901731     
          14          21  0.11458340681681463     
          20          21   1.2768116539936274     
          13          22   1.2944351113151866     
          21          22   1.5630973070310161     
          12          23  0.94769061293843859     
          23          24   1.2145848759653792     
          24          25  0.94712701144069456     
          25          26   1.5457719587870988     
          26          27   1.0179852517088506     
          26          28   1.1675348837156345     
          26          29  0.10568121460634042     
          28          29   1.1963331731583651     
          25          30   1.2396801462694780     
          29          30   1.6278592211524632     
          23          31  0.19694894538365137     
          24          31   1.7032312303919355     
          23          32  0.98621199105576829     
          32          33  0.90207232734885323     
          33          34   1.1716155534295518     
          33          35   1.7775810919750641     
          34          35  0.18512643130776194     
          11          36  0.95731833550245038     
          32          36  0.98079406215325526     
          36          37   1.2152447407810174     
          37          38  0.95891250301971609     
          38          39   1.5417603788082230     
          39          40   1.0233942888517766     
          39          41   1.1709727688687992     
          39          42  0.10310740380742406     
          41          42   1.1909536220113703     
          38          43   1.2341348386995299     
          42          43   1.6323432210908870     
          36          44  0.19235429143959668     
          37          44   1.6862686297690872     
           1          45  0.96797507473345656     
           2          46  0.96758579157287150     
           4          47  0.96822051638030027     
           5          48  0.97069728363111885     
           6          49  0.97051406708233012     
           7          50  0.96745359369908202     
           9          51  0.96530293688273650     
          11          52  0.95090760610278879     
          12          53  0.95363794722105510     
          14          54  0.96518772413095666     
          16          55  0.96825932389088076     
          17          56  0.97094762146513813     
          18          57  0.97098477141334305     
          19          58  0.96827901957591922     
          21          59  0.96759616730829101     
          22          60  0.96279775576974491     
          29          61  0.96743526749595898     
          30          62  0.96188345965517041     
          32          63  0.94518210459582197     
          34          64  0.84933378828410333     
          42          65  0.96756758833775458     
          43          66  0.96054877070705824     
