   -0.02827503
   -0.02720269
   -0.02496397
   -0.02555123
   -0.01884401
   -0.01057734
    0.26999075
   -0.11549772
    0.09342494
    0.36723810
   -0.37479546
   -0.39199725
   -0.13188402
    0.27002303
   -0.01748676
   -0.02833351
   -0.02440471
   -0.02244688
   -0.02088186
   -0.01508393
   -0.41975630
    0.05146771
    0.04098217
   -0.06469906
   -0.06318322
   -0.06464528
   -0.06646468
   -0.42789188
    0.03541089
    0.03986174
    0.04097664
    0.04289588
    0.05128604
    0.06900688
    0.33898311
    0.02836901
    0.03805526
    0.03984030
    0.04206779
    0.04342513
    0.05360423
    0.04843918
    0.04422217
    0.04348454
    0.04373255
    0.04463782
    0.04674493
    0.03768736
    0.06985512
    0.04915353
