           1           2   1.4483945815425239     
           2           3   1.4349144074589908     
           1           4  0.10974538963242403     
           3           4   1.4377774085301285     
           2           5  0.10948359456784101     
           4           5   1.4465065927032938     
           1           6   1.3915887152790221     
           3           6  0.10728665165760451     
           5           6   1.4001322973409702     
           6           7  0.98640466798017223     
           7           8   1.2299656561694055     
           8           9  0.97520360979858089     
           9          10  0.91007786856568706     
          10          11   1.1268436252134502     
          10          12   1.7694326085613312     
          11          12  0.16725972481974063     
           9          13  0.97888768848713081     
          13          14   1.1854932211529616     
          14          15  0.97549756193991077     
          15          16   1.3969880740736671     
          16          17   1.4485804682030181     
          15          18  0.10902761047459643     
          17          18   1.4344565393491862     
          16          19  0.11091180786400458     
          18          19   1.4405818842842786     
          15          20   1.4047900261700759     
          17          20  0.11006060040784334     
          19          20   1.4428723245929160     
          13          21  0.18096994621742418     
          14          21   1.6974154109215680     
          13          22  0.96169647085280474     
           8          23  0.96255751024563363     
          22          23  0.97318894372811826     
          23          24  0.99458871131874571     
          24          25  0.99744527414853879     
          25          26   1.0105539512665014     
          22          27  0.99356820423046033     
          26          27  0.99887568453109410     
           7          28   1.6344835925596728     
           8          28  0.18422567736837098     
           1          29  0.96898181493195124     
           2          30  0.97002472737418022     
           3          31  0.97082972115493227     
           4          32  0.96988867278111746     
           5          33  0.96832583069860112     
           9          34  0.94627324940657509     
          11          35  0.86067921771534328     
          16          36  0.96891672292542863     
          17          37  0.97014591079303880     
          18          38  0.97091835660433112     
          19          39  0.96987069709262319     
          20          40  0.96940384312069772     
          22          41  0.95386495512677394     
          23          42  0.95496194484716401     
          24          43  0.97539922183107342     
          24          44  0.97635650628714687     
          25          45  0.97804482209119226     
          25          46  0.97867415702071381     
          26          47  0.97780961071506511     
          26          48  0.97932608320681802     
          27          49  0.97523061018277213     
          27          50  0.97652278396657799     
