    0.14878300
   -0.26949217
    0.03979349
   -0.06361408
   -0.03069402
   -0.03883820
   -0.02775916
   -0.00359057
    0.04833144
    0.04692847
   -0.00874272
   -0.02991975
   -0.03832128
   -0.03113828
   -0.06443486
    0.14336271
   -0.27536304
    0.04093376
   -0.10453259
    0.27851509
   -0.02521127
    0.07626063
   -0.16049510
   -0.03267799
   -0.02623533
   -0.02770282
   -0.02422107
   -0.40510595
    0.09013415
    0.34829364
   -0.37563089
   -0.36656121
   -0.11065507
    0.27972158
   -0.02337465
   -0.02692759
   -0.02719775
   -0.02565446
   -0.03329385
    0.08464445
   -0.15801889
   -0.40070916
    0.03662482
    0.04591297
    0.06337943
    0.03911994
    0.03775611
    0.03832045
    0.03337622
    0.07678464
    0.07853534
    0.05220696
    0.03886854
    0.03711713
    0.03763551
    0.06113920
    0.04448072
    0.03725490
    0.06028044
    0.05131670
    0.05138192
    0.05473299
    0.06724901
    0.34998262
    0.05165891
    0.05399745
    0.05076413
    0.06053432
