           1           2   1.0633594758941569     
           2           3  0.98345843956827361     
           1           4   1.3786952357629354     
           4           5   1.4363128358434114     
           5           6   1.4419309410318657     
           4           7  0.10216518574752718     
           6           7   1.4270644870007314     
           1           8   1.3244830195177384     
           5           8  0.10646874962120939     
           7           8   1.4364739093622021     
           8           9  0.99340298083603440     
           9          10  0.94922544426782629     
          10          11  0.99172899125183844     
          11          12   1.4432458089797562     
          12          13   1.4205030721120300     
          11          14  0.10640442909457437     
          13          14   1.4484648603711974     
          12          15  0.10228415168968492     
          14          15   1.4303372569324699     
          11          16   1.3203258013788985     
          15          16   1.3857697376855524     
          16          17   1.0570203215839644     
          17          18  0.98432077312742228     
          10          19  0.95252256123025258     
          19          20   1.2206653740133133     
          20          21  0.94406567712138034     
          21          22   1.3859902862716800     
          22          23  0.97603446077734468     
          22          24   1.4134441570707437     
          21          25  0.10801813277557994     
          24          25   1.4374306375753523     
          22          26  0.10110736645607271     
          25          26   1.4356061002158791     
          21          27   1.4049212720681474     
          24          27  0.10948104915413237     
          26          27   1.4402683351819219     
          19          28  0.19921565124575141     
          20          28   1.7023617831977877     
          19          29  0.98989094729125982     
          29          30  0.90305829908779334     
          30          31   1.1458108541807921     
          30          32   1.7943539014428480     
          31          32  0.18287605646999563     
           9          33  0.95018312923414483     
          29          33  0.98515582025258452     
          33          34   1.2073785719174397     
          34          35  0.94963173735743156     
          35          36   1.3978414488050184     
          36          37   1.4440478412336069     
          35          38  0.10750228312761012     
          37          38   1.4308673439903221     
          36          39  0.10952264167382712     
          38          39   1.4426392173173133     
          35          40   1.3895378494083623     
          37          40  0.10024153432414951     
          39          40   1.4071613141105301     
          40          41  0.98340142986454204     
          33          42  0.19325916088254191     
          34          42   1.7066273240357512     
           3          43  0.97608190645740989     
           3          44  0.97626132245357111     
           3          45  0.97933663058146392     
           4          46  0.96557929112375529     
           5          47  0.97102933033431482     
           6          48  0.97080271735571966     
           7          49  0.96767835384954981     
           9          50  0.94972173970480178     
          10          51  0.94623909671599504     
          12          52  0.96247535787520255     
          13          53  0.97075770068166622     
          14          54  0.97101723527163519     
          15          55  0.96565461517704876     
          18          56  0.97950117415064419     
          18          57  0.97613643476719669     
          18          58  0.97621273828872079     
          24          59  0.96678680414192697     
          25          60  0.96816962068280521     
          26          61  0.96870784752380401     
          27          62  0.96670089482765942     
          29          63  0.93926299804558799     
          31          64  0.85055009241318713     
          36          65  0.96591762084605060     
          37          66  0.96839213364279719     
          38          67  0.96827950959473807     
          39          68  0.96673686745124032     
