   -0.03476543
   -0.02969104
   -0.02914954
   -0.03939085
    0.00423639
    0.01362980
   -0.03471378
   -0.02762872
   -0.03490624
   -0.01512767
    0.03845370
    0.04694049
    0.00041502
   -0.02759082
   -0.02688903
   -0.03336093
    0.01773381
    0.00963175
   -0.03512860
   -0.02742871
   -0.02841626
   -0.03275740
   -0.10825369
    0.27803031
   -0.00639414
   -0.00594755
    0.49172360
   -0.20723319
   -0.20482423
   -0.19201234
   -0.01772614
   -0.02090915
   -0.02065487
   -0.02990445
   -0.40043211
    0.07867742
    0.35077186
   -0.36852299
   -0.36741731
   -0.09908926
    0.27178630
   -0.00179615
   -0.01644793
   -0.01500085
   -0.01826675
   -0.01828564
   -0.02428389
    0.48858479
   -0.21352607
   -0.20537189
   -0.19789310
   -0.44443073
    0.04008081
    0.03860770
    0.03753633
    0.02934449
    0.04269417
    0.04868893
    0.05062308
    0.05311768
    0.08027031
    0.02655329
    0.03836603
    0.03948822
    0.02723726
    0.03234319
    0.03465194
    0.03717000
    0.07015055
    0.05849670
    0.05564683
    0.04280063
    0.06330894
    0.36952729
    0.05972510
    0.06331237
    0.06350688
    0.06770545
