           1           2   1.5565148790539303     
           2           3   1.3228251579585339     
           1           4  0.11846375468846346     
           3           4   1.5531766903549773     
           4           5   1.2836807954744438     
           1           6   1.2795919354581160     
           5           6   1.2514224998184444     
           6           7   1.2793438292697508     
           7           8   1.5527504889115451     
           8           9   1.3264282928255258     
           5          10   1.2512093767075021     
           7          10  0.11439235158682581     
           9          10   1.5238118286794016     
          10          11  0.98564676007427177     
          11          12  0.95408930261665237     
          12          13  0.98350332100992066     
          13          14   1.5304723842394601     
          14          15   1.3222072383672443     
          13          16  0.11444649802024059     
          15          16   1.5565419495729340     
          16          17   1.2774699194547583     
          13          18   1.2498741809170584     
          17          18   1.2541967798581832     
          18          19   1.2842076017560220     
          19          20   1.5532983100953643     
          20          21   1.3233786801980254     
          17          22   1.2801354269788248     
          19          22  0.11852875142212765     
          21          22   1.5563947702976522     
          12          23  0.96028141951758994     
          23          24   1.1940557969592931     
          24          25  0.96163787387170963     
          25          26   1.3816360289952319     
          26          27  0.94897003210931274     
          27          28  0.94462347925921031     
          27          29  0.94064832174360735     
          27          30  0.96183848809334682     
          26          31   1.4208869190330424     
          25          32  0.10972643758994961     
          31          32   1.4383182994489359     
          26          33  0.10746559246906855     
          32          33   1.4384632704162470     
          25          34   1.4089379123691745     
          31          34  0.10855481156393455     
          33          34   1.4408797090516723     
          23          35  0.19182200752437550     
          24          35   1.7077943156326070     
          23          36   1.0034664843761705     
          36          37  0.88473618598386994     
          37          38   1.2096298636638116     
          37          39   1.7763077479992277     
          38          39  0.18310148316708041     
          11          40  0.95019787225944630     
          36          40  0.96632062981933975     
          40          41   1.2861024557809999     
          41          42  0.95897808326656286     
          42          43   1.4009948116121518     
          43          44   1.4451440329178626     
          42          45  0.10844859717643822     
          44          45   1.4327313593549260     
          43          46  0.11100082674251109     
          45          46   1.4471354866294894     
          42          47   1.3911941613989924     
          44          47  0.10628120254902965     
          46          47   1.4055361700723559     
          47          48  0.95057528473399644     
          48          49  0.93390263385382810     
          48          50  0.94899892221963855     
          48          51  0.95377413836429348     
          40          52  0.19175070726086377     
          41          52   1.6001073814204305     
           1          53  0.96755045634045600     
           2          54  0.97027559565017241     
           3          55  0.97059337706546667     
           4          56  0.95936949004798577     
           7          57  0.96731913571020756     
           8          58  0.96922095314195966     
           9          59  0.96518629289943025     
          11          60  0.94577072552353281     
          12          61  0.94578864398753748     
          14          62  0.96732268536426491     
          15          63  0.97018700597212582     
          16          64  0.96776160387048071     
          19          65  0.96341762898504291     
          20          66  0.97102911254648328     
          21          67  0.97064064180517828     
          22          68  0.96791027194278834     
          31          69  0.96510183976823261     
          32          70  0.96872835563443460     
          33          71  0.96852358686896955     
          34          72  0.96700909758851372     
          36          73  0.93487591247065138     
          38          74  0.75728171780656295     
          43          75  0.96754848510412828     
          44          76  0.96730253103087049     
          45          77  0.96798803203397432     
          46          78  0.96578610218508021     
