   -0.02733561
   -0.02432114
   -0.02783570
   -0.02636781
   -0.02777120
    0.01095893
    0.04030969
    0.03536113
   -0.00092987
   -0.03903713
   -0.03022940
   -0.03075100
   -0.02736152
   -0.03289268
   -0.11114441
    0.27435111
   -0.01931423
   -0.02304618
   -0.03199250
    0.01334078
    0.00943636
   -0.03301015
   -0.02879596
   -0.02936852
   -0.02815826
   -0.03341408
   -0.03358694
   -0.03213601
   -0.41835893
    0.08833528
    0.35190474
   -0.36428640
   -0.38236714
   -0.12126286
    0.27493416
   -0.02055549
   -0.03675347
   -0.03378299
    0.01230697
    0.01006982
   -0.03271935
   -0.02848650
   -0.02914529
   -0.02754788
   -0.03108251
   -0.03237424
   -0.02265725
   -0.41296232
    0.03713883
    0.03852752
    0.03620996
    0.03410596
    0.01895441
    0.06413782
    0.07657788
    0.03875510
    0.03698563
    0.03521660
    0.03864293
    0.05551783
    0.04603808
    0.04180975
    0.03412901
    0.03339984
    0.03274757
    0.03144105
    0.02987938
    0.03859104
    0.02814913
    0.07369633
    0.34375026
    0.04620929
    0.03740478
    0.03393000
    0.03203865
    0.03135769
    0.03178964
    0.02900487
    0.04074343
    0.04495372
