           1           2   1.4414649985016497     
           2           3   1.4417693853117284     
           1           4  0.11042125649294296     
           3           4   1.4350550428037172     
           2           5  0.11162617530813862     
           4           5   1.4490610765497238     
           1           6   1.4162915898704349     
           3           6  0.10963826221950569     
           5           6   1.4087980911010674     
           6           7  0.98888021839617790     
           7           8  0.96244668772840103     
           8           9  0.98375263780200994     
           9          10   1.4199900667933238     
          10          11   1.4353066648211941     
           9          12  0.10933481139883290     
          11          12   1.4451805307456631     
          10          13  0.10977502280263078     
          12          13   1.4326627933129237     
           9          14   1.4053035406966286     
          11          14  0.11280328143407524     
          13          14   1.4516899549382480     
           8          15  0.94872252427081261     
          15          16   1.2051112541225857     
          16          17  0.95813336184022124     
          17          18   1.4047575994507411     
          18          19   1.4496856084876970     
          17          20  0.10323346485313696     
          19          20   1.3911613252284125     
          20          21   1.0439751393769172     
          21          22   1.3901117659438702     
          22          23   1.4510760734724939     
          21          24  0.10573186826344926     
          23          24   1.4345557651441196     
          22          25  0.10906694978006549     
          24          25   1.4361195026658327     
          21          26   1.3908554911046827     
          23          26  0.10911087527476929     
          25          26   1.4496052461073703     
          18          27  0.10561509218384482     
          20          27   1.3841089952140240     
          17          28   1.3911088173920230     
          19          28  0.10621745145172529     
          27          28   1.4550248280575526     
          15          29  0.19099613050216921     
          16          29   1.6968091801446106     
          15          30  0.99340176779644462     
          30          31  0.91135854667730487     
          31          32   1.1534148766602743     
          31          33   1.7781171233196755     
          32          33  0.18074536080330730     
           7          34  0.95238463649936833     
          30          34  0.99201263596869782     
          34          35   1.1870885203379891     
          35          36  0.96923680225378217     
          36          37   1.3967143517872651     
          37          38   1.4532788124026925     
          36          39  0.10114823257358997     
          38          39   1.3865743257361531     
          39          40   1.0490156409720608     
          40          41   1.3876690781014589     
          41          42   1.4513534486594464     
          40          43  0.10499409517552614     
          42          43   1.4345313782182456     
          41          44  0.10844936684661241     
          43          44   1.4333666081355352     
          40          45   1.3862359106067352     
          42          45  0.10824678009203222     
          44          45   1.4516697780819812     
          37          46  0.10511182157902724     
          39          46   1.3828356463403797     
          36          47   1.3908999466191689     
          38          47  0.10564581127539194     
          46          47   1.4583122643471436     
          34          48  0.18543941982868356     
          35          48   1.7043990722185864     
           1          49  0.96815913304528700     
           2          50  0.97059098472963801     
           3          51  0.97116596029012481     
           4          52  0.97100173221509012     
           5          53  0.96719881511749339     
           7          54  0.95179147732891212     
           8          55  0.95264159053352560     
          10          56  0.96362937633153800     
          11          57  0.97083613372414668     
          12          58  0.97105901980535092     
          13          59  0.97039867078796982     
          14          60  0.96617704594419873     
          18          61  0.96867842958059747     
          19          62  0.96740068890722342     
          22          63  0.96890779293999485     
          23          64  0.97065961780285859     
          24          65  0.97139433552065091     
          25          66  0.96954180729148132     
          26          67  0.96623084114299407     
          27          68  0.96670568999812567     
          28          69  0.96628024904943122     
          30          70  0.91470457797639049     
          32          71  0.85576641242620144     
          37          72  0.96572225611934259     
          38          73  0.96720844452656762     
          41          74  0.96832077418140350     
          42          75  0.97074107762394046     
          43          76  0.97148578852137146     
          44          77  0.97080362302026502     
          45          78  0.96765189279857333     
          46          79  0.96678607727518662     
          47          80  0.96819801425058782     
