   -0.02900325
    0.48504389
   -0.19674134
   -0.21304135
   -0.21196173
   -0.01966086
   -0.02024069
   -0.01564121
   -0.02479541
    0.01061721
    0.04121896
    0.05152513
    0.02151470
   -0.02349707
    0.48550527
   -0.23047906
   -0.20419548
   -0.19931313
   -0.01909714
   -0.02056297
   -0.01520651
   -0.02745649
   -0.11906545
    0.27833340
   -0.02784828
    0.00729440
   -0.03875583
   -0.02837188
   -0.02897976
   -0.03208024
    0.01510446
   -0.03278668
   -0.02506246
   -0.01756018
   -0.40998479
    0.07821339
    0.34965167
   -0.36319347
   -0.36565826
   -0.11169654
    0.27209844
   -0.02311534
   -0.02847259
   -0.02790382
   -0.03353626
    0.01378130
    0.01535723
   -0.03264121
   -0.02752803
   -0.02819674
   -0.03392447
   -0.45895612
    0.07212326
    0.06203587
    0.06001047
    0.05238158
    0.06424494
    0.06234109
    0.06704781
    0.05731317
    0.05959834
    0.07569287
    0.02563777
    0.03314735
    0.03619546
    0.03868044
    0.04161284
    0.04563968
    0.05482043
    0.06629896
    0.36667148
    0.04375837
    0.05098586
    0.04472005
    0.03954468
    0.04003728
    0.04008592
    0.04032670
