           1           2  0.95086153297233433     
           2           3  0.95907476775467249     
           2           4  0.93561293990509509     
           2           5  0.93934070990776330     
           1           6   1.4128024320509769     
           6           7   1.4422244489294540     
           1           8  0.10384734030044954     
           7           8   1.4318849736591381     
           6           9  0.10820250170475723     
           8           9   1.4477462956390676     
           1          10   1.3836244399086448     
           7          10  0.10734920587916806     
           9          10   1.4069773825689698     
          10          11  0.99518127765778586     
          11          12  0.94805535462379220     
          12          13  0.99096352648555763     
          13          14   1.3833073334782380     
          14          15  0.95228317659050987     
          15          16  0.92189167569644848     
          15          17  0.94613885089851490     
          15          18  0.95821425691395234     
          14          19   1.4137813548562872     
          13          20  0.10767359557317606     
          19          20   1.4415211178297616     
          14          21  0.10547610163195095     
          20          21   1.4357667455853005     
          13          22   1.4128017709793568     
          19          22  0.10889886752290043     
          21          22   1.4442076431379394     
          12          23  0.96113168539415195     
          23          24   1.1776051580238203     
          24          25  0.96157749749454513     
          25          26   1.2464374371498335     
          26          27   1.2774778134269318     
          27          28   1.5549930082659298     
          28          29   1.3204706056051838     
          27          30  0.11772086454655492     
          29          30   1.5582676915196709     
          26          31   1.2545022281872551     
          30          31   1.2783626206615741     
          25          32  0.11510688726727029     
          31          32   1.2776248216118125     
          32          33   1.5555792535429729     
          25          34   1.5188275657176495     
          33          34   1.3227652934462459     
          23          35  0.18541957600740791     
          24          35   1.7117793438957252     
          23          36   1.0014910580196608     
          36          37  0.88728533591554903     
          37          38   1.2069116077546704     
          37          39   1.7735739148699357     
          38          39  0.18200178192996330     
          11          40  0.96042986057528890     
          36          40  0.96699512165573942     
          40          41   1.2551528560584582     
          41          42  0.97648838309355557     
          42          43   1.5112671388722496     
          43          44   1.3231921578078201     
          42          45  0.11341472749871896     
          44          45   1.5542091426010793     
          45          46   1.2778970078110561     
          42          47   1.2414932115674602     
          46          47   1.2534981628968966     
          47          48   1.2831798109271428     
          48          49   1.5527406693890700     
          49          50   1.3226528692828274     
          46          51   1.2787583905034228     
          48          51  0.11826877074076145     
          50          51   1.5563981668200242     
          40          52  0.18365325363789392     
          41          52   1.5990232994449824     
           6          53  0.96475124928257239     
           7          54  0.96819550849243130     
           8          55  0.96807607912024773     
           9          56  0.96547815362149569     
          11          57  0.95264077240626366     
          12          58  0.95245130313996551     
          19          59  0.96565095286547398     
          20          60  0.96872802163634797     
          21          61  0.96851933214703556     
          22          62  0.95711082498708389     
          27          63  0.96628739765614335     
          28          64  0.97083623462465063     
          29          65  0.97068760227371986     
          30          66  0.96784803192993119     
          32          67  0.96767980885154015     
          33          68  0.96900653611377163     
          34          69  0.96762672708909125     
          36          70  0.93171665974079687     
          38          71  0.77251700360346165     
          43          72  0.96880084730655969     
          44          73  0.96827108289722585     
          45          74  0.96733865845792244     
          48          75  0.96621535704302253     
          49          76  0.97036590903609166     
          50          77  0.97034427021266423     
          51          78  0.96768779465073274     
