   -0.02693710
   -0.02411589
   -0.02730721
   -0.02789631
   -0.03328987
    0.00541338
    0.03560141
    0.03537271
    0.00273259
   -0.03227196
   -0.02390774
   -0.02657515
   -0.02435888
   -0.03532530
   -0.09636408
    0.27656027
   -0.03401037
    0.08189313
    0.49034464
   -0.18678620
   -0.19255713
   -0.20086693
   -0.14329971
    0.08047994
   -0.06103545
   -0.39165539
    0.08424150
    0.35081875
   -0.37285538
   -0.36704341
   -0.10629546
    0.27812062
   -0.03842713
    0.08752623
    0.49172428
   -0.17749750
   -0.19398497
   -0.19474303
   -0.14415137
    0.07843783
   -0.06614987
   -0.39145425
    0.04756461
    0.04340762
    0.03960250
    0.03565248
    0.02182122
    0.08162691
    0.08717521
    0.03274791
    0.04080090
    0.04118585
    0.04187649
    0.03523856
    0.08295833
    0.06502990
    0.06853028
    0.35709019
    0.08101155
    0.05857526
