           1           2   1.4409686571347409     
           2           3   1.4421409796038704     
           1           4  0.11082271882512568     
           3           4   1.4355200077360268     
           2           5  0.11185335255081326     
           4           5   1.4481798800004251     
           1           6   1.4168584198031331     
           3           6  0.10963571094484992     
           5           6   1.4103576716500685     
           6           7  0.98632962836200777     
           7           8  0.95877372234321412     
           8           9  0.98280918716601828     
           9          10   1.4235476787096466     
          10          11   1.4340434072978581     
           9          12  0.10955010906023489     
          11          12   1.4469588647644607     
          10          13  0.11004676867529689     
          12          13   1.4317912960748171     
           9          14   1.4036861527709974     
          11          14  0.11307130028860936     
          13          14   1.4520114965335282     
           8          15  0.95843139005438893     
          15          16   1.2159173409244914     
          16          17  0.95552364462821537     
          17          18   1.5348870101727423     
          18          19  0.95697344181854649     
          19          20  0.95628619843405094     
          19          21  0.95835521659720257     
          19          22  0.94096077630006936     
          18          23   1.1262092960202401     
          18          24  0.14346130695979606     
          23          24   1.1560705157102804     
          17          25   1.2674225764445968     
          24          25   1.5986264154305616     
          15          26  0.20020972425668448     
          16          26   1.7060810627077942     
          15          27  0.98948282756624817     
          27          28  0.89943522516565966     
          28          29   1.1520262768220009     
          28          30   1.8007910526043955     
          29          30  0.18450086596654930     
           7          31  0.94676357346356699     
          27          31  0.99427885311125375     
          31          32   1.2089624433179158     
          32          33  0.96386374900586336     
          33          34   1.5354227053380212     
          34          35  0.95476603938387683     
          35          36  0.97384264428301948     
          35          37  0.94658504194187021     
          35          38  0.94479008380336205     
          34          39   1.1306669004557479     
          34          40  0.14313820338109057     
          39          40   1.1531010224110676     
          33          41   1.2677779453700879     
          40          41   1.6007827778203076     
          31          42  0.19736951236164202     
          32          42   1.7079122205875839     
           1          43  0.96710660514655800     
           2          44  0.97014974463247738     
           3          45  0.97090181364773009     
           4          46  0.97087566541021220     
           5          47  0.96845958027341350     
           7          48  0.95040635580540878     
           8          49  0.94299520406143889     
          10          50  0.96538820280829984     
          11          51  0.97048094598019008     
          12          52  0.97070420343203478     
          13          53  0.97026927572195165     
          14          54  0.96768805177759720     
          24          55  0.96125760925404768     
          25          56  0.97135164430569920     
          27          57  0.93362528180856397     
          29          58  0.84608009318979804     
          40          59  0.96167621181985707     
          41          60  0.97200548129568798     
