    0.14363255
   -0.27630099
    0.04378329
   -0.06484073
   -0.03144654
   -0.03870698
   -0.03025650
   -0.01781270
    0.03929488
    0.05249374
   -0.00583519
   -0.02720677
   -0.03957665
   -0.03191459
   -0.06469513
    0.14355250
   -0.27436691
    0.04160613
   -0.12629344
    0.27939873
   -0.02594068
   -0.04923001
    0.00600685
    0.02582387
   -0.10539788
   -0.10517892
   -0.10547382
   -0.04199507
    0.01146789
    0.02651586
   -0.11105622
   -0.10488203
   -0.10560455
   -0.03432340
   -0.40965323
    0.07961451
    0.34894417
   -0.37777832
   -0.37155288
   -0.10591063
    0.26835147
   -0.01715948
   -0.03781691
    0.01035371
    0.02554861
   -0.11046310
   -0.10598715
   -0.10721881
   -0.04454734
    0.01224712
    0.02659535
   -0.10689820
   -0.10794096
   -0.10548302
   -0.03715078
   -0.46414139
    0.03972201
    0.06146175
    0.04169079
    0.03832150
    0.03990344
    0.04383838
    0.04280993
    0.06883400
    0.07333322
    0.03852521
    0.03797028
    0.03709860
    0.03730298
    0.04635547
    0.06078784
    0.03413314
    0.02874015
    0.03569527
    0.03700501
    0.03668742
    0.03705696
    0.03326540
    0.03732996
    0.03093370
    0.03621319
    0.03639424
    0.03514444
    0.03870151
    0.04617891
    0.03550693
    0.03349061
    0.03719831
    0.03540781
    0.03914799
    0.03778333
    0.03334779
    0.06091944
    0.06333984
    0.36568435
    0.04303347
    0.03965061
    0.03657890
    0.03905009
    0.03611607
    0.04022876
    0.03732985
    0.03464803
    0.03929390
    0.03403255
    0.04197202
    0.03334511
    0.03653586
    0.03819737
    0.03772635
    0.03649265
    0.03805440
    0.04104289
    0.03751687
    0.03595085
    0.03274895
