           1           2   1.0578239373892422     
           2           3  0.98305296790290253     
           1           4   1.3812941337927391     
           4           5   1.4314518973577410     
           5           6   1.4435935750489450     
           4           7  0.10198504807025550     
           6           7   1.4248671302254037     
           1           8   1.3242253577452667     
           5           8  0.10634990111724113     
           7           8   1.4370456231560524     
           8           9  0.99215825592879736     
           9          10  0.94730490087515795     
          10          11  0.99468480866395170     
          11          12   1.4415875099262021     
          12          13   1.4221689081052693     
          11          14  0.10674911714084533     
          13          14   1.4466930905558812     
          12          15  0.10168362591970363     
          14          15   1.4313471968847182     
          11          16   1.3214825310445577     
          15          16   1.3849225673202445     
          16          17   1.0575045511322516     
          17          18  0.98484880240732164     
          10          19  0.96306268257665273     
          19          20   1.1625581797792388     
          20          21  0.96624922439434369     
          21          22   1.3974710099478160     
          22          23   1.4180338545166791     
          23          24  0.98229540621926448     
          24          25  0.98756329960296507     
          24          26  0.98769557364700356     
          24          27  0.99979033459158617     
          21          28  0.10673212090926396     
          23          28   1.4111046905974969     
          22          29  0.10460462231096845     
          28          29   1.4184343722420958     
          29          30  0.98300492331078704     
          30          31   1.0002267033466945     
          30          32  0.98803407956937139     
          30          33  0.98572285029098416     
          21          34   1.4099481328875967     
          23          34  0.10393083720729020     
          29          34   1.4090320153637301     
          19          35  0.17642523630102980     
          20          35   1.7204307961430381     
          19          36   1.0004252916184944     
          36          37  0.88678789584374629     
          37          38   1.2034647075151728     
          37          39   1.7754138058159787     
          38          39  0.18185359666991507     
           9          40  0.95735836662283103     
          36          40  0.96724860593286899     
          40          41   1.2767157467931156     
          41          42  0.96966667095536430     
          42          43   1.3960648236091864     
          43          44   1.4203578871374871     
          44          45  0.98320726469287767     
          45          46  0.99994343099193261     
          45          47  0.98544133424429203     
          45          48  0.98833210448552777     
          42          49  0.10484836066441505     
          44          49   1.4044757116543578     
          43          50  0.10425449988883392     
          49          50   1.4260930094552853     
          50          51  0.98357869429092426     
          51          52  0.99847486735063173     
          51          53  0.99145690140121856     
          51          54  0.98316070662826405     
          42          55   1.4131943168173140     
          44          55  0.10699427832487729     
          50          55   1.4005642659493571     
          40          56  0.18440595440794832     
          41          56   1.5866796144410151     
           3          57  0.97561170441086165     
           3          58  0.97723157576673203     
           3          59  0.97535856013213251     
           4          60  0.96429465918793456     
           5          61  0.97064563729556141     
           6          62  0.97023357389925369     
           7          63  0.96641105147552409     
           9          64  0.94846367783152141     
          10          65  0.94766654575355402     
          12          66  0.96738884791133695     
          13          67  0.97081597349349624     
          14          68  0.97108553843501522     
          15          69  0.96577426265881194     
          18          70  0.97623847985750423     
          18          71  0.97958419822071385     
          18          72  0.97591106087905577     
          22          73  0.96383191726937056     
          25          74  0.98669476865663708     
          25          75  0.98343766100331798     
          25          76  0.98453383852911536     
          26          77  0.98318941476239008     
          26          78  0.98684722651640178     
          26          79  0.98451763985210783     
          27          80  0.98507371462533155     
          27          81  0.98444510191896550     
          27          82  0.98455995360477178     
          28          83  0.95816005700145823     
          31          84  0.98463141619248262     
          31          85  0.98344456432569372     
          31          86  0.98451646575928331     
          32          87  0.98333810072443883     
          32          88  0.98467578984470827     
          32          89  0.98680959270951074     
          33          90  0.98644865001716842     
          33          91  0.98434673076132628     
          33          92  0.98399546818383110     
          34          93  0.96134686700148564     
          36          94  0.93823915110241518     
          38          95  0.75533716837557374     
          43          96  0.96397856705349638     
          46          97  0.98385234045782244     
          46          98  0.98318639800866892     
          46          99  0.98419787908780410     
          47         100  0.98416088661135992     
          47         101  0.98413421686590308     
          47         102  0.98650731867098962     
          48         103  0.98272067394297868     
          48         104  0.98436115047914508     
          48         105  0.98271059166750208     
          49         106  0.95809764651959473     
          52         107  0.98538076116256335     
          52         108  0.98264639814618338     
          52         109  0.98392911293572705     
          53         110  0.98448581800944157     
          53         111  0.98250854455066294     
          53         112  0.98433743531791107     
          54         113  0.98397176040207301     
          54         114  0.98546567313308031     
          54         115  0.98637032764468313     
          55         116  0.96400342988160659     
