   -0.03008851
   -0.03490790
    0.01259402
   -0.03419814
   -0.02927234
   -0.02857657
   -0.03421971
    0.01592211
   -0.04386619
    0.00453205
    0.03949038
    0.03942390
    0.00499690
   -0.03401631
    0.01671700
   -0.03281128
   -0.02892591
   -0.02914651
   -0.03399012
    0.01368689
   -0.03413627
   -0.03414968
   -0.10193938
    0.26074379
    0.07978962
   -0.04385460
   -0.05804197
    0.07885586
   -0.19583194
   -0.42985118
    0.08650400
    0.35975012
   -0.35732196
   -0.39061625
   -0.10485688
    0.26082399
    0.08125113
   -0.04239476
   -0.05754515
    0.08207701
   -0.17956435
   -0.42847543
    0.02891444
    0.03642349
    0.03298616
    0.03243442
    0.03309445
    0.03436358
    0.03477064
    0.08411270
    0.07171854
    0.04284500
    0.03576072
    0.03232704
    0.03165654
    0.03256252
    0.03559571
    0.02817616
    0.06801266
    0.05198654
    0.05825345
    0.09368191
    0.34094063
    0.06667762
    0.05125259
    0.05689302
