           1           2   1.5520473499283591     
           2           3   1.2832302905003186     
           3           4   1.2782949621398962     
           4           5   1.5595906869442158     
           5           6   1.3177032723742412     
           4           7  0.11858380059924067     
           6           7   1.5612877887417969     
           3           8   1.2480775507552013     
           7           8   1.2748556959890129     
           2           9  0.11745653467957849     
           8           9   1.2893298535389559     
           1          10   1.3058905221064778     
           9          10   1.5162311993469011     
          10          11  0.98194763108191019     
          11          12  0.95940881595264260     
          12          13  0.98590643108724996     
          13          14   1.5293394623028689     
          14          15   1.2803907373677972     
          15          16   1.2792178650190209     
          16          17   1.5573537581388885     
          17          18   1.3212371493194421     
          16          19  0.11814515536785082     
          18          19   1.5559305772631633     
          15          20   1.2516463134215754     
          19          20   1.2820551490204166     
          14          21  0.11414754213754716     
          20          21   1.2753744998017340     
          13          22   1.2934700634938123     
          21          22   1.5654193740304276     
          12          23  0.95291323712106368     
          23          24   1.2029843473640511     
          24          25   1.0256029244450560     
          25          26   1.5296058461090158     
          26          27   1.3189168222743299     
          25          28  0.13947732373235536     
          27          28   1.5857896488765011     
          25          29   1.0942278835111106     
          28          29   1.1418734691342205     
          23          30  0.18842568900788820     
          24          30   1.6436420604402735     
          23          31  0.99463218733679282     
          31          32  0.90263926312679532     
          32          33   1.1589777329150401     
          32          34   1.7755389645004218     
          33          34  0.18142585249896256     
          11          35  0.96725355419010151     
          31          35  0.98250204348910708     
          35          36   1.1886936846099894     
          36          37   1.0299522322391750     
          37          38   1.5213624529533112     
          38          39   1.3242759577205936     
          37          40  0.13860793417888270     
          39          40   1.5799328626169564     
          37          41   1.1008070675321509     
          40          41   1.1504481530519608     
          35          42  0.18279592816301249     
          36          42   1.6458478233318352     
           1          43  0.96542193807132770     
           2          44  0.96795301182551585     
           4          45  0.96839497769977789     
           5          46  0.97101314949035422     
           6          47  0.97091651063466644     
           7          48  0.96821329253228294     
           9          49  0.96515914370894740     
          11          50  0.94150536949341412     
          12          51  0.95180929395412339     
          14          52  0.96456572851758371     
          16          53  0.96816546984661267     
          17          54  0.97097467991951603     
          18          55  0.97106155899749802     
          19          56  0.96842088017443717     
          21          57  0.96796814004860476     
          22          58  0.96858990904619546     
          26          59  0.97158421745787638     
          27          60  0.97341635114028924     
          28          61  0.96512036327006645     
          31          62  0.93150147710975495     
          33          63  0.85719008414622855     
          38          64  0.97189560986258328     
          39          65  0.97354779980748196     
          40          66  0.96518794155249110     
