   -0.02691005
    0.48647613
   -0.21549838
   -0.19752372
   -0.21157718
   -0.02027007
   -0.01937482
   -0.01672396
   -0.02852073
    0.01173142
    0.03298236
    0.03872693
    0.01256628
   -0.03473234
    0.48477447
   -0.19803875
   -0.21468308
   -0.21645898
   -0.02360515
   -0.02466205
   -0.01863341
   -0.03318367
   -0.11755279
    0.26537141
    0.07287506
    0.07080815
   -0.09741716
   -0.06571962
    0.08188475
   -0.18043343
   -0.41715455
    0.09746593
    0.38364041
   -0.36924961
   -0.36386624
   -0.10981490
    0.27138111
    0.07963119
    0.07416668
   -0.08996893
   -0.06379113
    0.08428362
   -0.18149672
   -0.39709540
    0.07298384
    0.06435998
    0.06362427
    0.05560825
    0.08846764
    0.07015697
    0.06654391
    0.05801889
    0.05918146
    0.07624735
    0.07500047
    0.07510508
    0.07680063
    0.34929673
    0.07745972
    0.07633576
