           1           2  0.95009945702763898     
           2           3  0.93653035666490425     
           2           4  0.95879239725729026     
           2           5  0.93778635399268639     
           1           6   1.4193829705030607     
           6           7   1.4375176194064649     
           1           8  0.10665185401410113     
           7           8   1.4402250318200105     
           6           9  0.10747032825569625     
           8           9   1.4382319042730758     
           1          10   1.3815699500655396     
           7          10  0.10946129249983268     
           9          10   1.4194408715510185     
          10          11  0.98469293153197635     
          11          12  0.94336846726856560     
          12          13  0.98897789139314618     
          13          14   1.3742000129605896     
          14          15  0.95068696121651497     
          15          16  0.95907589513096225     
          15          17  0.93415536739915628     
          15          18  0.93699227909835914     
          14          19   1.4198713637216061     
          13          20  0.10675130297849271     
          19          20   1.4368811635594079     
          14          21  0.10664318903402303     
          20          21   1.4406288524834032     
          13          22   1.4178550409998578     
          19          22  0.10810074731232033     
          21          22   1.4381479517653490     
          12          23  0.97578985326086254     
          23          24   1.1980310409988206     
          24          25   1.0342410977816248     
          25          26   1.4695284801706654     
          26          27   1.0365735642082219     
          26          28   1.2847885207413452     
          25          29  0.13243238743404712     
          28          29   1.5880906674075919     
          25          30   1.0939900449813178     
          29          30   1.1491853167868369     
          23          31  0.18742369658237160     
          24          31   1.6401523702244223     
          23          32  0.96047047635052307     
          32          33  0.91389515417265532     
          33          34   1.1311892855794232     
          33          35   1.7920921881184873     
          34          35  0.17073161319837513     
          11          36  0.96609713271777631     
          32          36  0.97960013347281072     
          36          37   1.1860584130931693     
          37          38   1.0363426910183768     
          38          39   1.4707951190949158     
          39          40   1.0388396605211754     
          39          41   1.2832912773533518     
          38          42  0.13288324852574857     
          41          42   1.5912320683696102     
          38          43   1.0915374053892546     
          42          43   1.1433466631724334     
          36          44  0.17446219743297808     
          37          44   1.6414240188084135     
           6          45  0.96449598430748673     
           7          46  0.96779504445514697     
           8          47  0.96801958047623637     
           9          48  0.96284163080058316     
          11          49  0.94373863969579330     
          12          50  0.94844245393485060     
          19          51  0.96561535375387342     
          20          52  0.96862851978644327     
          21          53  0.96854147790379586     
          22          54  0.95538709290832324     
          28          55  0.97039117931188590     
          29          56  0.96205905661233326     
          32          57  0.94085524329147729     
          34          58  0.85265633757449955     
          41          59  0.96995410122901582     
          42          60  0.96187078306048113     
