   -0.03731727
   -0.03559370
    0.01291806
   -0.03443539
   -0.02852024
   -0.02827320
   -0.03257796
    0.01599721
   -0.03649236
   -0.00190704
    0.03864732
    0.04335666
    0.00189982
   -0.03416007
    0.01594997
   -0.03296102
   -0.02975121
   -0.02979761
   -0.03442143
    0.01338144
   -0.03343337
   -0.03503207
   -0.11541772
    0.26983237
   -0.02013146
   -0.02348518
   -0.02859325
   -0.02881256
   -0.02560978
   -0.02653319
   -0.41441861
    0.09487815
    0.35287252
   -0.36991308
   -0.37711630
   -0.11278701
    0.26990108
   -0.02124387
   -0.02763601
   -0.02616138
   -0.02877478
   -0.02834078
   -0.02003882
   -0.41612838
    0.02691583
    0.03493594
    0.03283025
    0.03274389
    0.03378070
    0.03835517
    0.04928839
    0.07839574
    0.06627033
    0.04178295
    0.03455650
    0.03054406
    0.03000306
    0.03190426
    0.03724298
    0.04620570
    0.04503230
    0.04000712
    0.03823493
    0.04030365
    0.03175728
    0.05712896
    0.34403596
    0.03202772
    0.04038155
    0.03875636
    0.04199951
    0.05076043
