           1           2   1.5642748111882692     
           2           3   1.2758025356329665     
           3           4   1.2815822284446703     
           4           5   1.5562681457165475     
           5           6   1.3208509146406493     
           4           7  0.11830378944129109     
           6           7   1.5580225591392503     
           3           8   1.2516324900723304     
           7           8   1.2783789890205977     
           2           9  0.11421901031318320     
           8           9   1.2813340851588713     
           1          10   1.2941762766467710     
           9          10   1.5278912495579744     
          10          11  0.98446912638833106     
          11          12  0.96741906803338118     
          12          13  0.98529417722766788     
          13          14   1.5279448873095323     
          14          15   1.2811189249337127     
          15          16   1.2787268480081131     
          16          17   1.5578175777432224     
          17          18   1.3207355027637020     
          16          19  0.11815321843472751     
          18          19   1.5564265957584280     
          15          20   1.2513389211284955     
          19          20   1.2814142757190150     
          14          21  0.11460531207904949     
          20          21   1.2766401898623716     
          13          22   1.2951332606808819     
          21          22   1.5634946744437710     
          12          23  0.94516803864023391     
          23          24   1.2087701066685166     
          24          25  0.95662421604727088     
          25          26   1.4042031721982751     
          26          27   1.4426078524429993     
          25          28  0.11022223831768113     
          27          28   1.4396265292871719     
          26          29  0.11184233747625562     
          28          29   1.4376737570669040     
          25          30   1.4069025031884590     
          27          30  0.11161975613605231     
          29          30   1.4436243183351443     
          23          31  0.19301482386385910     
          24          31   1.6987324365190957     
          23          32  0.98228705884687062     
          32          33  0.91164995390416348     
          33          34   1.1475097213086363     
          33          35   1.7815746201659612     
          34          35  0.18014960800796526     
          11          36  0.94582258664219032     
          32          36  0.98927509912240308     
          36          37   1.2047369657339473     
          37          38  0.96400247552589469     
          38          39   1.3987997743134897     
          39          40   1.4467247561747281     
          38          41  0.10861114432871424     
          40          41   1.4359025876911251     
          39          42  0.11105666554900659     
          41          42   1.4390079248567018     
          38          43   1.4024794128391098     
          40          43  0.11075608746967225     
          42          43   1.4440729645598878     
          36          44  0.19105004416629312     
          37          44   1.6934192791807909     
           1          45  0.96756041461333431     
           2          46  0.96801151767648674     
           4          47  0.96838880260118643     
           5          48  0.97099769517966228     
           6          49  0.97084952397339130     
           7          50  0.96799727413399439     
           9          51  0.96413754337509339     
          11          52  0.95222723203561588     
          12          53  0.95300000519083061     
          14          54  0.96452748094466612     
          16          55  0.96824836830512473     
          17          56  0.97107499972167943     
          18          57  0.97115546568222988     
          19          58  0.96845563490346065     
          21          59  0.96786978619175956     
          22          60  0.96452319450029111     
          26          61  0.96951096915739798     
          27          62  0.96990035141639652     
          28          63  0.97097665976350744     
          29          64  0.97004756619015442     
          30          65  0.96964227732786212     
          32          66  0.94155258868627434     
          34          67  0.85488172550979324     
          39          68  0.96961454194836960     
          40          69  0.96993654083743430     
          41          70  0.97094855083023934     
          42          71  0.96985781593357157     
          43          72  0.96877357300314815     
