   -0.03495186
   -0.02793061
   -0.02929134
   -0.02603939
   -0.03373511
   -0.00261899
    0.03966614
    0.03820558
   -0.00363155
   -0.03127610
   -0.02628057
   -0.02853168
   -0.02681183
   -0.03355179
   -0.11400829
    0.27471202
   -0.01862350
    0.00941677
    0.00703817
   -0.02989651
   -0.02511147
   -0.02861076
   -0.02917481
   -0.03565755
   -0.03322378
   -0.02861386
   -0.02883712
   -0.02277623
   -0.42722147
    0.10758784
    0.37942698
   -0.37121026
   -0.36400199
   -0.11641550
    0.27658562
   -0.01808943
   -0.02035911
   -0.02858539
   -0.02759854
   -0.03250028
    0.00906937
    0.00747208
   -0.03557010
   -0.03015935
   -0.02934056
   -0.02793853
   -0.03316625
   -0.42621236
    0.02906206
    0.03807636
    0.03891817
    0.04086537
    0.04940910
    0.04864831
    0.05427344
    0.03437252
    0.04088054
    0.04034881
    0.03942343
    0.03008842
    0.04674799
    0.03429258
    0.03130157
    0.02953850
    0.02349251
    0.03873297
    0.03753338
    0.03849747
    0.03900827
    0.05701236
    0.34126477
    0.04506129
    0.03998021
    0.03897093
    0.04008318
    0.02665046
    0.03076489
    0.03329819
    0.03893627
    0.04283895
