           1           2   1.4412381093147124     
           2           3   1.4405539042228048     
           1           4  0.10948878688865918     
           3           4   1.4354489725027009     
           2           5  0.11214389991185367     
           4           5   1.4482140109801016     
           1           6   1.4156251644793603     
           3           6  0.10891157783501686     
           5           6   1.4075203346995215     
           6           7  0.98916271627820340     
           7           8  0.95097360442240719     
           8           9  0.98656815216610783     
           9          10   1.4102566965274166     
          10          11   1.4470475352509977     
           9          12  0.10942387146745880     
          11          12   1.4367456984847895     
          10          13  0.11161071877068629     
          12          13   1.4399819810908898     
           9          14   1.4143248534794974     
          11          14  0.11050954218591624     
          13          14   1.4428389203504062     
           8          15  0.96567258276464063     
          15          16   1.2156500950399791     
          16          17  0.95654950406565320     
          17          18   1.3631319506536226     
          18          19   1.0386292809274007     
          19          20   1.3911604118929430     
          20          21   1.4471922416076899     
          19          22  0.10535675396333329     
          21          22   1.4371624302374566     
          20          23  0.10938901137705799     
          22          23   1.4335475779926796     
          19          24   1.3879366260725556     
          21          24  0.10866495537036121     
          23          24   1.4494191567333046     
          18          25   1.3914720250358081     
          17          26  0.10637483935963335     
          25          26   1.4499069975452570     
          18          27  0.10444534140551288     
          26          27   1.4313142568246413     
          17          28   1.4120962308207057     
          25          28  0.10803230847400752     
          27          28   1.4398399117768521     
          15          29  0.19070104631878970     
          16          29   1.6807306335765180     
          15          30  0.97692222549205610     
          30          31  0.91034136577977198     
          31          32   1.1311000733056662     
          31          33   1.7962526665983978     
          32          33  0.17319159090971201     
           7          34  0.96525078368923634     
          30          34  0.97827360850634537     
          34          35   1.2111170903483546     
          35          36  0.97061823125817093     
          36          37   1.4086714561888096     
          37          38   1.4429264223716696     
          36          39  0.10451325057682197     
          38          39   1.4293033433105211     
          37          40  0.10674604512148038     
          39          40   1.4490123003030517     
          36          41   1.3531519044794571     
          38          41  0.10298898273981588     
          40          41   1.3939656127563675     
          41          42   1.0428234757891157     
          42          43   1.3846657714947734     
          43          44   1.4488452531987852     
          42          45  0.10549017341931971     
          44          45   1.4339920306656473     
          43          46  0.10788289093551477     
          45          46   1.4352076399745024     
          42          47   1.3891326997158127     
          44          47  0.10847042866557981     
          46          47   1.4484781462285901     
          34          48  0.18388348461433135     
          35          48   1.6659349996693820     
           1          49  0.96811836892828662     
           2          50  0.97058460001027336     
           3          51  0.97091348526853938     
           4          52  0.96977758253998125     
           5          53  0.96506417687330970     
           7          54  0.94586753964818726     
           8          55  0.94907154320065834     
          10          56  0.96699159636854448     
          11          57  0.97030594030697082     
          12          58  0.97081919375599846     
          13          59  0.97043935639907897     
          14          60  0.96803540377135733     
          20          61  0.96709502727239727     
          21          62  0.97029646347008169     
          22          63  0.97122730299057625     
          23          64  0.97063912817855513     
          24          65  0.96885105780992742     
          25          66  0.96792312477561770     
          26          67  0.97029470855731503     
          27          68  0.97000913761188323     
          28          69  0.96909354388297642     
          30          70  0.94024116901091292     
          32          71  0.85886767855458923     
          37          72  0.96817540746846686     
          38          73  0.97001108076576859     
          39          74  0.97025222124786714     
          40          75  0.96754795639695257     
          43          76  0.96831813914432840     
          44          77  0.97075912205385451     
          45          78  0.97122773097827886     
          46          79  0.97016441536179054     
          47          80  0.96591205870482832     
