   -0.03465334
   -0.02757588
   -0.02542435
   -0.04014859
    0.01037539
    0.01460928
   -0.03539289
   -0.03312839
   -0.03485121
   -0.00561386
    0.03888545
    0.03888124
   -0.00473944
   -0.03551066
   -0.02897773
   -0.03411911
    0.01722541
    0.00756894
   -0.03786400
   -0.02721711
   -0.02805424
   -0.03243240
   -0.10688597
    0.27778017
   -0.04021001
   -0.02537005
    0.05047942
   -0.02958577
    0.06433137
   -0.14618126
   -0.41405199
    0.09372204
    0.35467133
   -0.34427384
   -0.40432047
   -0.11534044
    0.28288284
   -0.03921061
   -0.02560995
    0.05393669
   -0.03064312
    0.06760735
   -0.15503548
   -0.40243557
    0.03293985
    0.03315309
    0.03670422
    0.05759215
    0.03549305
    0.03282368
    0.03631518
    0.08345584
    0.08471077
    0.03384379
    0.03771174
    0.03770622
    0.02914219
    0.03394980
    0.03448358
    0.03610728
    0.06686552
    0.07176947
    0.06586105
    0.34897162
    0.06899260
    0.07330815
