           1           2   1.5553002268608582     
           2           3   1.3246990036842217     
           1           4  0.11889257716874919     
           3           4   1.5514742825441781     
           4           5   1.2862523055938615     
           1           6   1.2803226346495797     
           5           6   1.2521040756790582     
           6           7   1.2785056249579196     
           7           8   1.5560729479180884     
           8           9   1.3209645755909301     
           5          10   1.2493360474780448     
           7          10  0.11437351705015569     
           9          10   1.5300887691006091     
          10          11  0.98250165418593194     
          11          12  0.96041667320046542     
          12          13  0.98490048667079222     
          13          14   1.5360810716273330     
          14          15   1.3160647711816835     
          13          16  0.11353326862202731     
          15          16   1.5617979684271606     
          16          17   1.2738306896699298     
          13          18   1.2435977903488484     
          17          18   1.2572199660691561     
          18          19   1.2858058257299159     
          19          20   1.5523218984945641     
          20          21   1.3246044176745246     
          17          22   1.2811042989902770     
          19          22  0.11844254457004828     
          21          22   1.5553753961383192     
          12          23  0.95565575901773248     
          23          24   1.2219422142065970     
          24          25  0.95635898753824089     
          25          26   1.5774224540170545     
          26          27   1.2145554094309536     
          26          28  0.10574798086123091     
          27          28   1.2031470686623706     
          25          29   1.2183880512448222     
          28          29   1.5902594717337311     
          29          30  0.98343187407595156     
          23          31  0.19679426463676744     
          24          31   1.6882788723163753     
          23          32  0.98180288215084888     
          32          33  0.91148425787537746     
          33          34   1.1785318222276144     
          33          35   1.7544279002730430     
          34          35  0.18360811148794509     
          11          36  0.94293891429605636     
          32          36  0.98239002521650509     
          36          37   1.2000931996265445     
          37          38  0.95604974537826726     
          38          39   1.5907429436997922     
          39          40   1.2071333733724063     
          39          41  0.10710192251237002     
          40          41   1.2051882434113803     
          38          42   1.2151007690504432     
          41          42   1.5881438095301315     
          42          43  0.98376909069979879     
          36          44  0.18745848711451107     
          37          44   1.7047084034343485     
           1          45  0.96801175801464989     
           2          46  0.97061908540783626     
           3          47  0.97075332729958053     
           4          48  0.95453773929010410     
           7          49  0.96770464924623756     
           8          50  0.97056627468028467     
           9          51  0.96255033220415631     
          11          52  0.94384637220155776     
          12          53  0.93807617804268995     
          14          54  0.96225831642534576     
          15          55  0.97024228763803588     
          16          56  0.96781186400409092     
          19          57  0.96572864879466069     
          20          58  0.97093927306961436     
          21          59  0.97067171937019525     
          22          60  0.96798896130180578     
          26          61  0.96749679226443852     
          28          62  0.96796448506212651     
          32          63  0.93854698556201188     
          34          64  0.85006128537818337     
          39          65  0.96732030711824479     
          41          66  0.96727545147197391     
