    0.13721691
   -0.29418996
    0.03611433
   -0.06123737
   -0.03023139
   -0.03535843
   -0.04004522
   -0.01773713
    0.03934478
    0.04308104
   -0.01348942
   -0.03269887
   -0.03957207
   -0.02976356
   -0.06290455
    0.14691287
   -0.26857033
    0.03672740
   -0.12133826
    0.27085682
    0.10082734
   -0.07421888
   -0.01008445
   -0.03652400
   -0.03770396
   -0.03365577
   -0.04709801
    0.13023789
   -0.16824816
   -0.40502787
    0.07156520
    0.35288591
   -0.36281115
   -0.36979559
   -0.11701492
    0.26409355
    0.08556510
   -0.05274211
   -0.01059636
    0.13080155
   -0.04920801
   -0.02876589
   -0.03473613
   -0.03308981
   -0.22656625
   -0.41893413
    0.06218135
    0.05420142
    0.04888198
    0.04524864
    0.04344048
    0.04475413
    0.06066729
    0.08665642
    0.07844386
    0.03257955
    0.03862051
    0.03993478
    0.04244266
    0.05065913
    0.06382304
    0.03895489
    0.03018823
    0.03473843
    0.03579130
    0.04008386
    0.05178024
    0.07518182
    0.35651866
    0.06641858
    0.05767273
    0.04801916
    0.04401511
    0.04582905
