           1           2   1.0171729535820797     
           2           3  0.97198591982856142     
           1           4   1.3852595391337550     
           4           5   1.4403711896683780     
           5           6   1.4368480724307713     
           4           7  0.10581635577601700     
           6           7   1.4386501482697192     
           1           8   1.3478823825723398     
           5           8  0.10832500547808831     
           7           8   1.4196810644971924     
           8           9  0.98748452226536187     
           9          10  0.96047133440295718     
          10          11  0.98879719574227687     
          11          12   1.4341228513265376     
          12          13   1.4303389662540691     
          11          14  0.10629620147478896     
          13          14   1.4387404363387524     
          12          15  0.10308909366333703     
          14          15   1.4403274067657705     
          11          16   1.3286404825868550     
          15          16   1.3763483509738521     
          16          17   1.0634771149027415     
          17          18  0.97979515812125328     
          10          19  0.95484633232124705     
          19          20   1.1974682965978738     
          20          21  0.97935332539296416     
          21          22   1.5849082200358748     
          22          23   1.2169583381836224     
          23          24   1.3254647022230099     
          24          25   1.5055283310792942     
          25          26   1.3764436655956729     
          24          27  0.11540772556635684     
          26          27   1.4876103951847344     
          23          28   1.2654503937224832     
          27          28   1.3476781457275453     
          21          29   1.1092559290437467     
          28          29   1.0985495175310782     
          19          30  0.19161543956130028     
          20          30   1.6874851274409921     
          19          31  0.97782589625932237     
          31          32  0.88687913467564894     
          32          33   1.1978151985619812     
          32          34   1.7793032568000464     
          33          34  0.17876050343372485     
           9          35  0.96623615108995942     
          31          35  0.99490743223285705     
          35          36   1.1745630869214960     
          36          37   1.0241817324151119     
          37          38   1.5791429618537904     
          38          39   1.2240095922186696     
          39          40   1.2685136390143292     
          40          41   1.3508284664686028     
          41          42   1.4869620342811756     
          42          43   1.3743120322100184     
          39          44   1.3197684588405150     
          41          44  0.11623697220638055     
          43          44   1.5105147560135834     
          37          45   1.0648642562253168     
          40          45   1.0829947322911999     
          35          46  0.17978197457902734     
          36          46   1.6643742775826704     
           3          47  0.97856897599593662     
           3          48  0.97780339468989719     
           3          49  0.97640273194652782     
           4          50  0.96415173388267450     
           5          51  0.97034201408525778     
           6          52  0.96989327652102419     
           7          53  0.96152921386286705     
           9          54  0.93538052559899820     
          10          55  0.94929271646833580     
          12          56  0.96851808089284408     
          13          57  0.97072722952345369     
          14          58  0.97080598752869451     
          15          59  0.96533790095886474     
          18          60  0.97708769565505393     
          18          61  0.97925560562892466     
          18          62  0.97637068116595294     
          22          63  0.97040071263501915     
          24          64  0.96956204655797795     
          25          65  0.97109856563347807     
          26          66  0.97121874751421100     
          27          67  0.96697880639493872     
          31          68  0.93382736712924275     
          33          69  0.78509186900735140     
          38          70  0.96991984790513563     
          41          71  0.96623649599149630     
          42          72  0.97050714518879999     
          43          73  0.97036396210245046     
          44          74  0.96874136186069626     
