   -0.02989102
    0.48725899
   -0.21542985
   -0.21058449
   -0.19924928
   -0.02178995
   -0.01958706
   -0.01407356
   -0.02707548
    0.00728899
    0.03986784
    0.05042239
    0.02002982
   -0.02569987
    0.48514810
   -0.19909817
   -0.22877534
   -0.19875243
   -0.02054267
   -0.02133936
   -0.01630142
   -0.02915656
   -0.11076666
    0.27414214
   -0.02414375
   -0.04160527
   -0.04883982
    0.07946905
   -0.11572366
    0.04923222
   -0.40439623
    0.09424762
    0.36424650
   -0.34671000
   -0.39268705
   -0.11283387
    0.27744506
   -0.01675655
   -0.03601368
   -0.05139913
    0.08087986
   -0.11327631
    0.01891985
   -0.40938556
    0.07201661
    0.06550984
    0.06729527
    0.05588027
    0.06644845
    0.07403739
    0.06910747
    0.05980858
    0.06074129
    0.06939144
    0.05949310
    0.06979182
    0.08722959
    0.35336474
    0.07428015
    0.06888958
