           1           2  0.94996817493687635     
           2           3  0.93377333742486601     
           2           4  0.94393932755121135     
           2           5  0.95531092628115621     
           1           6   1.4077944847957660     
           6           7   1.4466935483853172     
           1           8  0.10497308573144495     
           7           8   1.4301641407869499     
           6           9  0.10819979269064427     
           8           9   1.4494974639478722     
           1          10   1.3898427919480947     
           7          10  0.10806346799618657     
           9          10   1.4046495481797003     
          10          11  0.99267364560432592     
          11          12  0.95015909596355785     
          12          13  0.99012936556738551     
          13          14   1.3862531277166290     
          14          15  0.95075286221112099     
          15          16  0.95192138674154880     
          15          17  0.92182216789354476     
          15          18  0.95770109645012957     
          14          19   1.4124313659143830     
          13          20  0.10804029548933161     
          19          20   1.4433416975803490     
          14          21  0.10481091554692142     
          20          21   1.4330987454799495     
          13          22   1.4093137316703117     
          19          22  0.10913088303807497     
          21          22   1.4473910639528165     
          12          23  0.95691723849304389     
          23          24   1.1989406385006476     
          24          25  0.98131523604276982     
          25          26   1.5715491394377383     
          26          27   1.2816459715590307     
          25          28  0.10388778441556980     
          27          28   1.5639242228602401     
          28          29   1.0203776658735288     
          25          30   1.1590818223079871     
          28          30   1.1774281172995138     
          23          31  0.19313319748445451     
          24          31   1.6919377139827874     
          23          32  0.98617763155308913     
          32          33  0.90319037055664864     
          33          34   1.1801504019268676     
          33          35   1.7633353548476345     
          34          35  0.18385314361646049     
          11          36  0.96643837424069201     
          32          36  0.97628642295837953     
          36          37   1.2037564902873865     
          37          38  0.98518346442252569     
          38          39   1.5809710884858297     
          39          40   1.2761705644689181     
          38          41  0.10524054584676849     
          40          41   1.5701184596641422     
          41          42   1.0218082097678953     
          38          43   1.1472985441950829     
          41          43   1.1668199909789789     
          36          44  0.18948856967951272     
          37          44   1.6777824564855544     
           6          45  0.96490892184825094     
           7          46  0.96764567509889465     
           8          47  0.96723611538342524     
           9          48  0.96487416615980182     
          11          49  0.94499977520714884     
          12          50  0.95220695927274723     
          19          51  0.96530545383187372     
          20          52  0.96845423623546933     
          21          53  0.96835157494065571     
          22          54  0.95972458214675904     
          26          55  0.95968003217240172     
          27          56  0.96087152981226387     
          32          57  0.94200173406643906     
          34          58  0.84828811211073440     
          39          59  0.95812053448358836     
          40          60  0.96053794054114716     
