    0.14430633
   -0.26993454
    0.03974633
   -0.06411293
   -0.03106976
   -0.04054277
   -0.03037011
   -0.01288837
    0.04377680
    0.04481901
   -0.00313617
   -0.02889687
   -0.03896056
   -0.03060670
   -0.06390540
    0.14968559
   -0.26986986
    0.03940762
   -0.11159483
    0.27417652
   -0.02008855
   -0.02256540
   -0.03218762
    0.08577977
   -0.15073748
   -0.03345293
   -0.03059737
   -0.40353900
    0.08623741
    0.34847340
   -0.35128623
   -0.39178239
   -0.11192094
    0.27269031
   -0.01519881
   -0.03053137
   -0.03458279
    0.08588549
   -0.15568647
   -0.02767779
   -0.01271781
   -0.40571700
    0.04002052
    0.06225721
    0.04542380
    0.04112149
    0.04029627
    0.03866070
    0.02843372
    0.08340178
    0.07357439
    0.03152066
    0.03870344
    0.03920006
    0.03990008
    0.04671244
    0.03738173
    0.06076900
    0.05625934
    0.06285949
    0.06170866
    0.04411516
    0.06936019
    0.34630925
    0.04026305
    0.05888311
    0.06473138
    0.05930733
