           1           2   1.0649645796044358     
           2           3  0.98289343831673792     
           1           4   1.3850365443394783     
           4           5   1.4303493695870138     
           5           6   1.4489358319510401     
           4           7  0.10094538435312343     
           6           7   1.4175579734689789     
           1           8   1.3151142751496474     
           5           8  0.10604762774619506     
           7           8   1.4466240691887013     
           8           9  0.99147046376059311     
           9          10  0.94800172343358513     
          10          11  0.99569516560050197     
          11          12   1.4369219981934838     
          12          13   1.4269351408464428     
          11          14  0.10658471764134861     
          13          14   1.4422133755111053     
          12          15  0.10197206946190041     
          14          15   1.4358628399847100     
          11          16   1.3243564775484902     
          15          16   1.3803473508213144     
          16          17   1.0617311591005405     
          17          18  0.98379856902628759     
          10          19  0.95080492496948454     
          19          20   1.1987081730930300     
          20          21  0.95702442473563010     
          21          22   1.4081341106102008     
          22          23   1.4401218771380306     
          23          24   1.4105461072892196     
          24          25  0.99181575445333614     
          22          26  0.10734001900382653     
          24          26   1.4032418910914410     
          21          27   1.3960961837582098     
          23          27  0.10833561561486439     
          26          27   1.4476174369994306     
          19          28  0.19035241794165866     
          20          28   1.7100735137594170     
          19          29  0.99783864618165052     
          29          30  0.90244364910151709     
          30          31   1.1681415283713497     
          30          32   1.7731392796255545     
          31          32  0.18522927224189248     
           9          33  0.95837801712519755     
          29          33  0.98457925863790885     
          33          34   1.2010976017007524     
          34          35  0.95514425959119875     
          35          36   1.4002138726950706     
          36          37   1.4427944246965341     
          37          38   1.4068041699089400     
          38          39  0.98729191850868736     
          36          40  0.10851414399764490     
          38          40   1.4115796659378241     
          35          41   1.4071417950989924     
          37          41  0.10900052871941736     
          40          41   1.4395446006078600     
          33          42  0.19236199747196012     
          34          42   1.7070906194965887     
           3          43  0.97568132076680336     
           3          44  0.97939464509090446     
           3          45  0.97613033629633228     
           4          46  0.96545818398994376     
           5          47  0.97081086768797054     
           6          48  0.97081300422410732     
           7          49  0.96611101575908376     
           9          50  0.94574609654895814     
          10          51  0.94981289081153430     
          12          52  0.96856003674686186     
          13          53  0.97076394794058141     
          14          54  0.97094369708460115     
          15          55  0.96549613174503479     
          18          56  0.97634544398325041     
          18          57  0.97549435554322439     
          18          58  0.97962130012694049     
          22          59  0.96665275106461923     
          23          60  0.96659762667517091     
          26          61  0.96672821342288651     
          27          62  0.96676324264876201     
          29          63  0.93172452494794544     
          31          64  0.85321314932970749     
          36          65  0.96738561459599004     
          37          66  0.96713115128886096     
          40          67  0.96629326181759745     
          41          68  0.96641767886107210     
