    0.14161438
   -0.27761720
    0.04041188
   -0.06530051
   -0.03062772
   -0.03850706
   -0.02930801
   -0.01364415
    0.05214190
    0.03758945
   -0.02306362
   -0.03412181
   -0.04075760
   -0.03039903
   -0.06595057
    0.14037397
   -0.26838374
    0.03499386
   -0.14096985
    0.27735556
   -0.01251643
   -0.03967169
    0.00833520
   -0.10941630
   -0.03015983
    0.00687500
   -0.44146303
    0.07117302
    0.35942182
   -0.37678579
   -0.37665422
   -0.12597446
    0.27192419
   -0.02163334
   -0.04906171
    0.00994818
   -0.10717938
   -0.03237601
    0.02115839
   -0.43419018
    0.06190774
    0.04335916
    0.04041250
    0.03986983
    0.03922690
    0.04062461
    0.04257204
    0.05958863
    0.07860679
    0.04036720
    0.04230251
    0.04228335
    0.04323107
    0.04521761
    0.04531261
    0.06654077
    0.06195610
    0.05555558
    0.04733030
    0.05893426
    0.05356550
    0.07737508
    0.37467721
    0.04101676
    0.04663558
    0.06181695
    0.04317850
    0.04895129
