           1           2   1.0538700618122920     
           2           3  0.98272428122230915     
           1           4   1.3833290022754270     
           4           5   1.4346282792478251     
           5           6   1.4433570874468857     
           4           7  0.10281486230945058     
           6           7   1.4274299820244556     
           1           8   1.3265159815494860     
           5           8  0.10645911383063826     
           7           8   1.4340376268916080     
           8           9  0.99345036300328471     
           9          10  0.94007859428273677     
          10          11   1.0046308775994008     
          11          12   1.4310026212155293     
          12          13   1.4285033219478451     
          11          14  0.10608900705531191     
          13          14   1.4391426022311979     
          12          15  0.10182099920428392     
          14          15   1.4379616914116149     
          11          16   1.3210098913869261     
          15          16   1.3768247015611226     
          16          17   1.0671621700196154     
          17          18  0.98014055000652855     
          10          19  0.93919551924705036     
          19          20   1.1973176284942295     
          20          21   1.0521873891121247     
          21          22   1.5341127963770549     
          22          23   1.2767179053568709     
          23          24   1.0240505093727017     
          21          25  0.10273121923651589     
          23          25   1.5640626727155906     
          21          26   1.1428677274934118     
          22          26  0.10528448822405755     
          25          26   1.2135041105798912     
          19          27  0.15460312937731352     
          20          27   1.5978314318709554     
          19          28  0.96564095170556219     
          28          29  0.90651413025869731     
          29          30   1.2078008285929966     
          29          31   1.7692990050400532     
          30          31  0.17238046844660712     
           9          32  0.95918756864961308     
          28          32  0.97127624257783385     
          32          33   1.1933650289793654     
          33          34   1.0147371845724489     
          34          35   1.5538427922786886     
          35          36   1.2621594854194085     
          36          37   1.0227324250715324     
          34          38  0.10649207378988704     
          36          38   1.5809656886710686     
          34          39   1.1572576790137132     
          35          39  0.10221229226747502     
          38          39   1.2039570426962811     
          32          40  0.18535339238991438     
          33          40   1.6607031057227868     
           3          41  0.97838226825255237     
           3          42  0.97679336106850656     
           3          43  0.97615014667247080     
           4          44  0.96525755194946183     
           5          45  0.97082043562849296     
           6          46  0.97038274595442697     
           7          47  0.96720130322439268     
           9          48  0.95072302165862521     
          10          49  0.95300020019270404     
          12          50  0.96425956329863505     
          13          51  0.97041437070689973     
          14          52  0.97053896127860873     
          15          53  0.96497445527853165     
          18          54  0.97634627608978408     
          18          55  0.97621786563862456     
          18          56  0.97891714751719194     
          22          57  0.96170713682808862     
          24          58  0.97015778174997935     
          24          59  0.98531295665410612     
          24          60  0.97086194927074776     
          25          61  0.96851142616646380     
          28          62  0.93957122960064898     
          30          63  0.73730505493822718     
          35          64  0.96314676538608313     
          37          65  0.97384017692333791     
          37          66  0.96940116885765459     
          37          67  0.98578127900473278     
          38          68  0.96958596245951045     
