   -0.02323901
    0.48778387
   -0.21727048
   -0.21350049
   -0.20132308
   -0.01800682
   -0.01842638
   -0.01341204
   -0.02263359
    0.02446882
    0.04664497
    0.04476764
    0.02129874
   -0.02550690
    0.48500805
   -0.22613406
   -0.19912939
   -0.19917823
   -0.02080657
   -0.02209911
   -0.01756480
   -0.03032125
   -0.10391727
    0.27165540
   -0.00989391
   -0.01635622
   -0.02110098
   -0.02157201
   -0.01869755
    0.48585035
   -0.20015135
   -0.20100130
   -0.21390403
   -0.02258292
   -0.39682271
    0.08259022
    0.34695023
   -0.37131457
   -0.37848052
   -0.11330291
    0.27540780
   -0.01020121
   -0.02256166
   -0.02423574
    0.48635532
   -0.22749865
   -0.19750926
   -0.19738261
   -0.02064339
   -0.01703331
   -0.02086517
   -0.39268260
    0.06989351
    0.06257722
    0.06150170
    0.05260273
    0.06892802
    0.07716575
    0.06945462
    0.05909765
    0.05847508
    0.06802555
    0.06365968
    0.06447065
    0.07159361
    0.06380207
    0.07963366
    0.35708689
    0.06444958
    0.07072572
    0.07307861
    0.07326035
