           1           2  0.95238967214454351     
           2           3  0.93835663842996342     
           2           4  0.93467095248672705     
           2           5  0.95388364288472904     
           1           6   1.4073688487638900     
           6           7   1.4467670620400626     
           1           8  0.10567509794111858     
           7           8   1.4309207429320243     
           6           9  0.10886102027281069     
           8           9   1.4497856606180588     
           1          10   1.3882642829255964     
           7          10  0.10769442967545965     
           9          10   1.4059498628609419     
          10          11  0.99529650041674111     
          11          12  0.95194537532521906     
          12          13  0.99237364309114640     
          13          14   1.3860601808405106     
          14          15  0.95025324049751481     
          15          16  0.92492665853976919     
          15          17  0.95130644368997253     
          15          18  0.95676293592253037     
          14          19   1.4133325363686311     
          13          20  0.10818949553352369     
          19          20   1.4430805627915004     
          14          21  0.10493148882346225     
          20          21   1.4333362838459469     
          13          22   1.4092909489378076     
          19          22  0.10927371121099619     
          21          22   1.4475834629175972     
          12          23  0.95318896580635837     
          23          24   1.2047261484002565     
          24          25  0.95625772325396352     
          25          26   1.4035171071074894     
          26          27   1.4444147294628669     
          25          28  0.10817082176349342     
          27          28   1.4370753614123803     
          26          29  0.10603557312567338     
          28          29   1.4154015136742895     
          29          30  0.94997420156355050     
          30          31  0.95598849318970980     
          30          32  0.94949663912576121     
          30          33  0.93518861900456396     
          25          34   1.4113974797879083     
          27          34  0.11165435187899880     
          29          34   1.4141036874858963     
          23          35  0.19597243153888502     
          24          35   1.7078054234096318     
          23          36  0.98428259549065322     
          36          37  0.90428342558226893     
          37          38   1.1631282430848688     
          37          39   1.7754285198424089     
          38          39  0.18445101749091886     
          11          40  0.95640165894350548     
          36          40  0.98664611622806520     
          40          41   1.1883313647656382     
          41          42  0.95339149007906954     
          42          43   1.4133780809442962     
          43          44   1.4086873402145983     
          44          45  0.95170309448833812     
          45          46  0.91688031533648451     
          45          47  0.95952212715462903     
          45          48  0.95796464503995638     
          42          49  0.10766713830966683     
          44          49   1.4160225754742968     
          43          50  0.11129538205243644     
          49          50   1.4354782161699204     
          42          51   1.4027482937679645     
          44          51  0.10657189146089645     
          50          51   1.4449381887114257     
          40          52  0.18972298709744101     
          41          52   1.7237806079243279     
           6          53  0.96549458737260563     
           7          54  0.96806270731416633     
           8          55  0.96807607754921676     
           9          56  0.96581289070687570     
          11          57  0.94800742244596659     
          12          58  0.95081340872405351     
          19          59  0.96522839190727616     
          20          60  0.96855181641280341     
          21          61  0.96861985583000110     
          22          62  0.95902154550599195     
          26          63  0.96725131193160319     
          27          64  0.96722106453644896     
          28          65  0.96557601512291980     
          34          66  0.96399934568746737     
          36          67  0.94148566662840372     
          38          68  0.84308449903407345     
          43          69  0.96572790418283228     
          49          70  0.96576382575409736     
          50          71  0.96603264524118959     
          51          72  0.96450709942513790     
