    0.14804144
   -0.28771150
    0.04187290
   -0.06323983
   -0.03157331
   -0.03772233
   -0.02765643
   -0.00448586
    0.05034195
    0.04655752
   -0.00701953
   -0.02778558
   -0.03924309
   -0.03124877
   -0.06477614
    0.14181358
   -0.27349083
    0.03797831
   -0.11590675
    0.27402609
   -0.02514388
   -0.02526535
   -0.03564346
    0.01738840
   -0.05825402
   -0.09887878
   -0.03628619
   -0.03331660
   -0.41106733
    0.08610322
    0.35653340
   -0.35114892
   -0.40008154
   -0.10465013
    0.27458783
   -0.01713437
   -0.03342857
   -0.03646733
    0.01804477
   -0.05858651
   -0.09849802
   -0.03170417
   -0.01475824
   -0.42462917
    0.06907677
    0.04323865
    0.03415660
    0.03886884
    0.03754288
    0.03766723
    0.03772322
    0.05937884
    0.07248937
    0.03636539
    0.03806470
    0.03814593
    0.03943202
    0.06068935
    0.04506482
    0.04109623
    0.04201964
    0.03826915
    0.03894776
    0.03821792
    0.03820970
    0.03853512
    0.03876540
    0.03732837
    0.03047536
    0.07476339
    0.34098237
    0.02579581
    0.03367105
    0.03866215
    0.03771025
    0.03530138
    0.03946068
    0.03703661
    0.03823970
    0.04212047
