           1           2   1.0458086512854472     
           2           3  0.98044902402846923     
           1           4   1.3795257010183957     
           4           5   1.4394488843227207     
           5           6   1.4383515810358256     
           4           7  0.10347892378651924     
           6           7   1.4332165069250555     
           1           8   1.3349477773769052     
           5           8  0.10670556843016471     
           7           8   1.4270925681532090     
           8           9  0.99385920313977050     
           9          10  0.94603407167315401     
          10          11  0.99711341222610717     
          11          12   1.4383249926084516     
          12          13   1.4249453872212112     
          11          14  0.10658185126171082     
          13          14   1.4443369779120054     
          12          15  0.10193212382299376     
          14          15   1.4334781395082041     
          11          16   1.3227821720375235     
          15          16   1.3826768554888620     
          16          17   1.0586694657438469     
          17          18  0.98373454481114286     
          10          19  0.95805131604185667     
          19          20   1.1853035325268524     
          20          21  0.96522250575096535     
          21          22   1.4065157059263569     
          22          23   1.4461942829235612     
          21          24  0.10638765436100028     
          23          24   1.4119196110776522     
          24          25   1.0137931822015966     
          25          26  0.99959131188168449     
          22          27  0.10687276542833091     
          24          27   1.4043782905384705     
          21          28   1.3943178912807079     
          23          28  0.10842952903099841     
          27          28   1.4537338992344357     
          19          29  0.18335760563545264     
          20          29   1.7098188950228537     
          19          30  0.99546000203726503     
          30          31  0.90536250523120265     
          31          32   1.1635298649201100     
          31          33   1.7651536432984418     
          32          33  0.17968446009089484     
           9          34  0.95993745882801729     
          30          34  0.98387143009919065     
          34          35   1.2032662683078161     
          35          36  0.96549494036503847     
          36          37   1.3968222916021809     
          37          38   1.4508618259816821     
          36          39  0.10684775333680718     
          38          39   1.4060875927422249     
          39          40   1.0132321108710571     
          40          41   1.0001375890654862     
          37          42  0.10834918329586762     
          39          42   1.4120595506938258     
          36          43   1.4060023063289655     
          38          43  0.10769521849907529     
          42          43   1.4463744657660629     
          34          44  0.18802746184945768     
          35          44   1.6894538974127400     
           3          45  0.97324190469200855     
           3          46  0.97729947909531345     
           3          47  0.97643225111672949     
           4          48  0.96544601476511471     
           5          49  0.97090077774893013     
           6          50  0.97060097299985115     
           7          51  0.96783731046352039     
           9          52  0.95174518826834986     
          10          53  0.94821953830901817     
          12          54  0.96793451984580403     
          13          55  0.97078717077442311     
          14          56  0.97100462064489623     
          15          57  0.96556547179811525     
          18          58  0.97962349399927817     
          18          59  0.97611025126044693     
          18          60  0.97640583239610335     
          22          61  0.96917813063112124     
          23          62  0.96814082651168543     
          25          63  0.97402813262794163     
          25          64  0.97389447953882180     
          26          65  0.98819504245643530     
          26          66  0.98820661161450329     
          26          67  0.98601378998117750     
          27          68  0.96814351894313511     
          28          69  0.96866412148271575     
          30          70  0.93113556948806053     
          32          71  0.85680804366962304     
          37          72  0.96797510981552926     
          38          73  0.96845593095768523     
          40          74  0.97435204665898967     
          40          75  0.97398147590207595     
          41          76  0.98840607597174635     
          41          77  0.98816564005661345     
          41          78  0.98622135362387653     
          42          79  0.96807234714751056     
          43          80  0.96858564494437993     
