    0.15076961
   -0.26265775
    0.03628904
   -0.06623528
   -0.03346628
   -0.04344002
   -0.03617760
   -0.02303337
    0.04352614
    0.03920793
   -0.01924850
   -0.03528843
   -0.04058473
   -0.03207824
   -0.06671193
    0.13771251
   -0.27378933
    0.03993769
   -0.10054223
    0.28013942
   -0.03598908
    0.14731234
   -0.25078760
    0.03863937
   -0.06842263
   -0.03099499
   -0.04291998
   -0.02305109
   -0.43304272
    0.07931182
    0.36072985
   -0.37701658
   -0.36870725
   -0.09574429
    0.27759971
   -0.03401079
   -0.02845939
   -0.04015905
   -0.02849872
   -0.06540934
    0.15148692
   -0.26295375
    0.03952494
   -0.45231395
    0.04242762
    0.08577330
    0.03861678
    0.04128817
    0.03640588
    0.03730729
    0.03343453
    0.04771346
    0.09140981
    0.04281862
    0.04238948
    0.04157874
    0.04085962
    0.04117794
    0.04206227
    0.06169611
    0.07432212
    0.03684034
    0.04192655
    0.03548065
    0.03582565
    0.03818421
    0.04993156
    0.08557116
    0.36493947
    0.04023554
    0.04279285
    0.04258012
    0.04256165
    0.04636493
    0.04052960
    0.06450158
