           1           2   1.0831918741756903     
           2           3  0.97491769634710312     
           1           4   1.3707953877593426     
           4           5   1.4382997465568823     
           5           6   1.4401811123886001     
           4           7  0.10063667211104969     
           6           7   1.4248675419861747     
           1           8   1.3132231351925912     
           5           8  0.10422631360329469     
           7           8   1.4375623316201984     
           8           9  0.99626619905276814     
           9          10  0.94128284975787635     
          10          11  0.99839263650679522     
          11          12   1.4317251783200007     
          12          13   1.4289849217288011     
          11          14  0.10686016695241680     
          13          14   1.4405501997157093     
          12          15  0.10240493919289685     
          14          15   1.4360839960118050     
          11          16   1.3269691561502517     
          15          16   1.3802356048753059     
          16          17   1.0569633033302799     
          17          18  0.98361886671139231     
          10          19  0.96988508105872595     
          19          20   1.2029869186286839     
          20          21  0.97660530568179937     
          21          22   1.3055783061829962     
          22          23   1.0849904309353331     
          23          24  0.98115438440456371     
          22          25   1.3703596709077883     
          21          26  0.10464343027195025     
          25          26   1.4385282829775461     
          26          27   1.4386246633932833     
          21          28   1.4271781097491063     
          25          28  0.10114494508280029     
          27          28   1.4275071659226719     
          19          29  0.18532796681427252     
          20          29   1.6754535742400043     
          19          30  0.99486452443545159     
          30          31  0.88992804520259616     
          31          32   1.1992762431705728     
          31          33   1.7784452064613294     
          32          33  0.18050508830613468     
           9          34  0.95952929076835625     
          30          34  0.96310210544385255     
          34          35   1.2843403266944209     
          35          36  0.96504790849310484     
          36          37   1.4288358879881575     
          37          38   1.4252365283228805     
          36          39  0.10632776269581715     
          38          39   1.4405422655872342     
          37          40  0.10262161165003686     
          39          40   1.4389991981788568     
          36          41   1.3154542763982413     
          40          41   1.3735907589250058     
          41          42   1.0743041038512808     
          42          43  0.98123856033861945     
          34          44  0.19000968820447145     
          35          44   1.5949984549797311     
           3          45  0.97584931521589924     
           3          46  0.97361823024063521     
           3          47  0.97697755071956238     
           4          48  0.96521635054370725     
           5          49  0.97098623695187991     
           6          50  0.97076435411764772     
           7          51  0.96773823547812932     
           9          52  0.95235098302842891     
          10          53  0.94105080390027940     
          12          54  0.96691730717858582     
          13          55  0.97033575776454950     
          14          56  0.97070076464950172     
          15          57  0.96532427455923620     
          18          58  0.97581490736705845     
          18          59  0.97658986015651184     
          18          60  0.97930179838967812     
          24          61  0.97777444198916430     
          24          62  0.97538134280972189     
          24          63  0.97668589689098628     
          25          64  0.96565838140069282     
          26          65  0.97109325626298548     
          27          66  0.97034980838765716     
          28          67  0.96804678299411107     
          30          68  0.93681623684681514     
          32          69  0.76194660272074821     
          37          70  0.96887819988216806     
          38          71  0.96984964483181857     
          39          72  0.97059903844903783     
          40          73  0.96492759867340228     
          43          74  0.97641197280447856     
          43          75  0.97485253960191953     
          43          76  0.97850190234996282     
