   -0.03256877
   -0.02867948
   -0.02754050
   -0.03785462
    0.01044124
    0.01603053
   -0.03325322
   -0.02640601
   -0.02644512
    0.00136407
    0.04823178
    0.03335208
   -0.01386572
   -0.03964169
   -0.02954323
   -0.03533294
    0.01304647
    0.00280600
   -0.03746144
   -0.02666213
   -0.02781502
   -0.03248706
   -0.10478475
    0.28237642
   -0.03239322
    0.08340463
   -0.11325760
    0.04977419
    0.09130114
   -0.10798731
   -0.05213712
   -0.41693175
    0.09400487
    0.36555189
   -0.35641156
   -0.39337139
   -0.10944690
    0.28130043
   -0.04271274
    0.08408546
   -0.11682781
    0.05865185
    0.09001815
   -0.11356096
   -0.05503064
   -0.39722447
    0.03585314
    0.03383120
    0.03069485
    0.03017394
    0.03917008
    0.04046968
    0.03934071
    0.06356840
    0.06589259
    0.05793232
    0.04310017
    0.04131096
    0.02963875
    0.03753364
    0.03846046
    0.03925508
    0.08662790
    0.07474072
    0.34963569
    0.08466371
