           1           2   1.5564306350199451     
           2           3   1.3229734066860681     
           1           4  0.11803716701025174     
           3           4   1.5531097049191025     
           4           5   1.2835033825564752     
           1           6   1.2804254856548551     
           5           6   1.2517801797442010     
           6           7   1.2791669733068911     
           7           8   1.5533105074673710     
           8           9   1.3265768566369036     
           5          10   1.2536370405477022     
           7          10  0.11466291591682433     
           9          10   1.5235894958494798     
          10          11  0.98987127718149093     
          11          12  0.95513688734933933     
          12          13  0.98849513204782902     
          13          14   1.5174285034951622     
          14          15   1.3291427455005289     
          13          16  0.11434100711909756     
          15          16   1.5495920836735764     
          16          17   1.2805270985529413     
          13          18   1.2553278921136029     
          17          18   1.2503346738082195     
          18          19   1.2825865213314858     
          19          20   1.5550513187442947     
          20          21   1.3212426413625411     
          17          22   1.2790032692748210     
          19          22  0.11814116719696424     
          21          22   1.5574919472375812     
          12          23  0.95215836831786105     
          23          24   1.2344734408473295     
          24          25  0.96624672959353941     
          25          26   1.5313972001689433     
          26          27   1.0163405436919701     
          26          28   1.1497454320974321     
          28          29   1.1407386902349443     
          29          30   1.0215646654200035     
          25          31   1.2247934204234932     
          29          31   1.5860613942037882     
          23          32  0.19351508512090718     
          24          32   1.6581093185220159     
          23          33  0.97696257330109693     
          33          34  0.90396737017331730     
          34          35   1.1642537331591292     
          34          36   1.7614132192686194     
          35          36  0.17758042562791906     
          11          37  0.94762676596012441     
          33          37  0.98576353586506460     
          37          38   1.2119739676800503     
          38          39  0.95209174357181792     
          39          40   1.5384849781688514     
          40          41   1.0148078084739713     
          40          42   1.1490366767739308     
          42          43   1.1457689311805634     
          43          44   1.0181446701262162     
          39          45   1.2290008346677450     
          43          45   1.5816523087933267     
          37          46  0.19506025575879909     
          38          46   1.7031082732890537     
           1          47  0.96792807565127970     
           2          48  0.97070610721223693     
           3          49  0.97106739974547396     
           4          50  0.96349062968726018     
           7          51  0.96769254460307019     
           8          52  0.96983399345760857     
           9          53  0.96680596537555519     
          11          54  0.95089364024752387     
          12          55  0.94065016191005069     
          14          56  0.96101395587751304     
          15          57  0.96967768196936055     
          16          58  0.96740029036692499     
          19          59  0.96043705334573326     
          20          60  0.97060847733290601     
          21          61  0.97034333164469877     
          22          62  0.96758052489259883     
          31          63  0.95613898693525368     
          33          64  0.94150584200038767     
          35          65  0.85158197884104492     
          45          66  0.95711407374332547     
