   -0.02975670
   -0.03081979
    0.01519750
   -0.03276060
   -0.02863512
   -0.02836946
   -0.03368190
    0.01598230
   -0.03700916
    0.01004681
    0.04229852
    0.03962836
    0.00174321
   -0.03261923
    0.01746116
   -0.03191339
   -0.02784500
   -0.02802961
   -0.03384016
    0.01433303
   -0.03390485
   -0.03345437
   -0.11211725
    0.27461098
   -0.01874329
   -0.03265521
   -0.04937044
    0.17264515
   -0.21978786
   -0.04324616
   -0.01454734
   -0.40832706
    0.08767574
    0.34801867
   -0.36144784
   -0.38319878
   -0.11228028
    0.27602078
   -0.02058780
   -0.03181325
   -0.04777641
    0.17378325
   -0.21683881
   -0.04659663
   -0.02114477
   -0.40633287
    0.03649576
    0.04061385
    0.03506520
    0.03354788
    0.03320281
    0.03012080
    0.02405608
    0.05753754
    0.06770861
    0.04661965
    0.03832193
    0.03475083
    0.03390654
    0.03385328
    0.03617477
    0.01969516
    0.04080078
    0.06324711
    0.06936968
    0.06731346
    0.07185897
    0.34625227
    0.04392740
    0.06596573
    0.06738058
    0.06221925
