           1           2   1.5593141046659862     
           2           3   1.2793289606647842     
           3           4   1.2808635104411850     
           4           5   1.5573820226748443     
           5           6   1.3197555565894985     
           4           7  0.11819262477932653     
           6           7   1.5587144430451545     
           3           8   1.2487071970448775     
           7           8   1.2776278410571282     
           2           9  0.11579983882372133     
           8           9   1.2860537699327401     
           1          10   1.2989957275817348     
           9          10   1.5214773776614963     
          10          11  0.99007014110897706     
          11          12  0.95646622357750566     
          12          13  0.98806226427200017     
          13          14   1.5266806649475111     
          14          15   1.2821285370133471     
          15          16   1.2782415447621021     
          16          17   1.5581532180728663     
          17          18   1.3207585056754372     
          16          19  0.11835821189906841     
          18          19   1.5563666022128813     
          15          20   1.2512133967450838     
          19          20   1.2815030630184883     
          14          21  0.11442799567741901     
          20          21   1.2761806823373778     
          13          22   1.2950219402002388     
          21          22   1.5630091218097373     
          12          23  0.94869393015251036     
          23          24   1.2021693212652815     
          24          25  0.95660712450823526     
          25          26   1.4025697375885882     
          26          27   1.4436289264043050     
          27          28   1.3933634619956885     
          28          29  0.96351456816230097     
          26          30  0.10999276035843242     
          28          30   1.3974066737471578     
          25          31   1.4077085936275415     
          27          31  0.11034239849836747     
          30          31   1.4427508599539045     
          23          32  0.19190461839522696     
          24          32   1.7054232879049698     
          23          33  0.99429469853928942     
          33          34  0.90407507026915712     
          34          35   1.1546329185859279     
          34          36   1.7827022644099166     
          35          36  0.18283720226426808     
          11          37  0.95378327423491593     
          33          37  0.99726182896869719     
          37          38   1.1966763768067479     
          38          39  0.96126721959168759     
          39          40   1.3986980124556028     
          40          41   1.4476596240143045     
          41          42   1.3909386064863334     
          42          43  0.96646184500399690     
          40          44  0.10949759398772851     
          42          44   1.3959961976023394     
          39          45   1.4077419295977300     
          41          45  0.10895622210150378     
          44          45   1.4438170129481955     
          37          46  0.18953265588987622     
          38          46   1.7068907558146638     
           1          47  0.96776005021238087     
           2          48  0.96751735309657028     
           4          49  0.96822939098709260     
           5          50  0.97093952064174194     
           6          51  0.97095729156994603     
           7          52  0.96849330473517770     
           9          53  0.96616942824243635     
          11          54  0.95292272555454383     
          12          55  0.95450517318119177     
          14          56  0.96407965539027329     
          16          57  0.96798685457424405     
          17          58  0.97079183324338980     
          18          59  0.97091992307833941     
          19          60  0.96833279323796972     
          21          61  0.96794893374907764     
          22          62  0.96386357164635394     
          26          63  0.96844366036387208     
          27          64  0.96597288906050216     
          30          65  0.96502386971867338     
          31          66  0.96697147430025265     
          33          67  0.91942142247448200     
          35          68  0.85335461951458635     
          40          69  0.96729128742051029     
          41          70  0.96558176426793096     
          44          71  0.96540695966382339     
          45          72  0.96727081018588879     
