   -0.03325290
   -0.02595158
   -0.02795738
   -0.02606675
   -0.03199011
   -0.00154025
    0.03910865
    0.04680385
    0.00369646
   -0.03447830
   -0.02519457
   -0.02976952
   -0.02845426
   -0.03756846
   -0.11546844
    0.27637079
   -0.03066417
    0.00544294
   -0.00879509
   -0.09850719
   -0.10225909
   -0.03487759
   -0.03002909
   -0.02862428
   -0.02447082
   -0.41721370
    0.08203650
    0.34924373
   -0.37131686
   -0.36642308
   -0.11121008
    0.27265409
   -0.02185449
   -0.02275859
   -0.02999479
   -0.02824104
   -0.03323029
    0.01104321
   -0.01029168
   -0.10359338
   -0.10221441
   -0.46580844
    0.03183759
    0.04056728
    0.04096754
    0.04077531
    0.03472314
    0.05255666
    0.06627117
    0.06622272
    0.04037429
    0.03453366
    0.03324811
    0.02496078
    0.02120076
    0.02495746
    0.03554457
    0.04165987
    0.03934746
    0.03780395
    0.04467992
    0.03759897
    0.03616679
    0.04154156
    0.05143527
    0.06095645
    0.36539420
    0.03778870
    0.03980989
    0.03985684
    0.04522488
    0.02301174
    0.04057953
    0.04596390
    0.04247963
    0.02797504
    0.04274237
    0.04291245
