           1           2   1.4413008259886673     
           2           3   1.4412435459005690     
           1           4  0.10951157684174791     
           3           4   1.4341822077934196     
           2           5  0.11129974256371726     
           4           5   1.4496114713674544     
           1           6   1.4147165237593744     
           3           6  0.10922619900374436     
           5           6   1.4059120307397219     
           6           7  0.98907504830918835     
           7           8  0.95007087731713669     
           8           9  0.98279665893396650     
           9          10   1.4253327732712477     
          10          11   1.4335003396307771     
           9          12  0.10919596122147675     
          11          12   1.4478275489574024     
          10          13  0.11057045707765528     
          12          13   1.4307768527590434     
           9          14   1.4031661982752532     
          11          14  0.11318583468410222     
          13          14   1.4532334707438399     
           8          15  0.96793119341434908     
          15          16   1.1856416441852189     
          16          17  0.95572428282031174     
          17          18   1.3832835363629619     
          18          19  0.99661626531695369     
          19          20   1.0002855324333468     
          19          21  0.99415576771805214     
          18          22   1.4113614008779822     
          17          23  0.10776670085898245     
          22          23   1.4471275833266342     
          18          24  0.10889465273339993     
          23          24   1.4344246719607308     
          17          25   1.4080216704089428     
          22          25  0.11077582439926305     
          24          25   1.4419946043192948     
          15          26  0.18542487226320539     
          16          26   1.7072059114585387     
          15          27   1.0041260335088342     
          27          28  0.88851210710471173     
          28          29   1.2091781642860806     
          28          30   1.7700961887917503     
          29          30  0.18295312502868119     
           7          31  0.95813872249340570     
          27          31  0.96498651471830843     
          31          32   1.2702050124665667     
          32          33  0.97037633292704295     
          33          34   1.4017092748671545     
          34          35   1.4449700329468409     
          33          36  0.10713918074998866     
          35          36   1.4310145373116461     
          34          37  0.10982733946687707     
          36          37   1.4481585114772815     
          33          38   1.3776623853109942     
          35          38  0.10725618964124099     
          37          38   1.4098870284497256     
          38          39  0.99931946934579963     
          39          40  0.98925647557659335     
          39          41   1.0027268277744772     
          31          42  0.18343883150396134     
          32          42   1.5854272404184799     
           1          43  0.96767412467902481     
           2          44  0.97035361630585848     
           3          45  0.97080851380110023     
           4          46  0.97045607252950261     
           5          47  0.96658952258969832     
           7          48  0.95147241756799528     
           8          49  0.94899901167112910     
          10          50  0.95708749645300717     
          11          51  0.97053242532278006     
          12          52  0.97116138920924167     
          13          53  0.97088944320888781     
          14          54  0.96955869919001259     
          19          55  0.96186261060968226     
          20          56  0.98351960965508278     
          20          57  0.98566165872913403     
          20          58  0.98394494797627663     
          21          59  0.98579800036538490     
          21          60  0.98497546795858848     
          21          61  0.98659318979528199     
          22          62  0.96561525705100659     
          23          63  0.97075173453072128     
          24          64  0.96966961478797331     
          25          65  0.96756552725025635     
          27          66  0.93024704178948503     
          29          67  0.75805187873795821     
          34          68  0.96909440787791712     
          35          69  0.96966675625328280     
          36          70  0.97051011022659617     
          37          71  0.96492095298178282     
          39          72  0.96202001340368026     
          40          73  0.98647007189851943     
          40          74  0.98394671687570523     
          40          75  0.98665473644762991     
          41          76  0.98493194902826509     
          41          77  0.98367445796993780     
          41          78  0.98578475550875544     
