           1           2   1.9772731166437540     
           2           3   1.0266494953114140     
           3           4  0.97096985302426686     
           4           5   1.0123611170628792     
           5           6   1.4114530936414937     
           6           7   1.4462038100012438     
           5           8  0.10962799631579914     
           7           8   1.4380295078106418     
           6           9  0.11090255496067952     
           8           9   1.4381729793231324     
           5          10   1.4116371332032611     
           7          10  0.11086721621114028     
           9          10   1.4459772029958344     
           1          11  0.97550009009613858     
           1          12  0.97718636777906631     
           2          13  0.96646968333519334     
           3          14  0.96335215137168473     
           3          15  0.97593567390122016     
           4          16  0.97335395380930634     
           4          17  0.97433994412126912     
           6          18  0.96953629798972774     
           7          19  0.97132697133221035     
           8          20  0.97168873671557210     
           9          21  0.97133861606625116     
          10          22  0.96954268125278298     
