   -0.38255579
    0.27183157
   -0.00905245
   -0.01843626
   -0.00695449
    0.48927552
   -0.20106442
   -0.20213679
   -0.18532951
   -0.01027188
   -0.00381702
    0.48906796
   -0.19368554
   -0.19213307
   -0.20038002
   -0.01204101
   -0.12848227
    0.07032496
    0.34234760
   -0.33607245
   -0.36556509
   -0.12096091
    0.27332548
   -0.00534128
   -0.01594326
   -0.00539908
    0.48960121
   -0.19546088
   -0.20742097
   -0.18980384
   -0.00902144
   -0.00444909
    0.48909021
   -0.19154143
   -0.19967468
   -0.19779101
   -0.01094408
   -0.38174765
    0.03764946
   -0.00042183
   -0.03837892
   -0.02496573
   -0.02551094
   -0.02307668
   -0.03430478
    0.03968238
    0.00157051
   -0.03413171
   -0.02589556
   -0.02460904
   -0.02270877
   -0.02784246
    0.07347595
    0.09978047
    0.08572587
    0.06003597
    0.34938539
    0.07314574
    0.09899263
    0.08190311
    0.07957586
    0.02577837
    0.04656845
    0.04635298
    0.04623613
    0.03770671
    0.06397919
    0.02305672
    0.04426695
    0.04578025
    0.04682571
    0.04298475
