           1           2   1.7296975034268498     
           2           3  0.94834824900241343     
           3           4   1.4067532803109730     
           4           5   1.4177366397958076     
           5           6  0.94827394890283090     
           6           7  0.94267574207859151     
           6           8  0.94563313068542210     
           6           9  0.96862048106087206     
           3          10  0.10933288219505000     
           5          10   1.4178965770248761     
           4          11  0.10732898385278358     
          10          11   1.4167945012649310     
          11          12  0.94812583965660124     
          12          13  0.95817324285421168     
          12          14  0.95780106917181329     
          12          15  0.94239512873734199     
           3          16   1.4104245697344140     
           5          16  0.10579249284609474     
          11          16   1.4188427119507854     
           1          17  0.19516029935511808     
           2          17   1.1922679898395228     
          17          18  0.98949985831472698     
          18          19  0.89319210848687780     
          19          20   1.1769167620125822     
          19          21   1.7884149150191884     
          20          21  0.17748916663191408     
          18          22  0.98547979441870104     
          22          23   1.1912251663975804     
          23          24  0.95037404268206360     
          24          25   1.4125342323559325     
          25          26   1.4160043425116922     
          26          27  0.94865075487660688     
          27          28  0.95349217812798748     
          27          29  0.93745213790002591     
          27          30  0.96351287131107233     
          24          31  0.10935459985093236     
          26          31   1.4181412015418680     
          25          32  0.10688410785635186     
          31          32   1.4159174659292086     
          32          33  0.94843255228610601     
          33          34  0.96076536733278428     
          33          35  0.94379558407357234     
          33          36  0.95206244067605206     
          24          37   1.4068572130259260     
          26          37  0.10653951657151275     
          32          37   1.4198209662901502     
          22          38  0.19620254471845633     
          23          38   1.7295316153117084     
          22          39  0.95632813574925135     
          39          40  0.98356239232624676     
          40          41   1.4235799785021406     
          41          42   1.4330382266948525     
          40          43  0.10955409688001951     
          42          43   1.4471209955653330     
          41          44  0.10944314100357709     
          43          44   1.4312581061995311     
          40          45   1.4026086890504603     
          42          45  0.11314057388761631     
          44          45   1.4534243490983823     
          17          46  0.94489967143858544     
          39          46  0.95779514974240165     
          46          47  0.98474722692502659     
          47          48   1.4093979024657914     
          48          49   1.4484924438335509     
          47          50  0.10938747285963282     
          49          50   1.4350045145594530     
          48          51  0.11190490941755986     
          50          51   1.4427399971526775     
          47          52   1.4170569018907959     
          49          52  0.11050373253086151     
          51          52   1.4399339146544625     
           4          53  0.96340572375908118     
          10          54  0.95948996823361798     
          16          55  0.96242323590473822     
          18          56  0.93886441306656754     
          20          57  0.84475321330585684     
          25          58  0.96274810728265170     
          31          59  0.95941713928305683     
          37          60  0.96272512168183710     
          39          61  0.94665880201413144     
          41          62  0.96351772979183437     
          42          63  0.97003525577661764     
          43          64  0.97026112839098499     
          44          65  0.96981994773589175     
          45          66  0.96909554906006079     
          46          67  0.95588168559403175     
          48          68  0.96887376208955711     
          49          69  0.97021456995181476     
          50          70  0.97036494340332813     
          51          71  0.96981782148881079     
          52          72  0.96750878960053011     
