   -0.03822777
   -0.02513481
   -0.02684600
   -0.02415213
   -0.03698901
   -0.00414613
    0.03885439
    0.03624416
   -0.00157186
   -0.03105012
   -0.02462876
   -0.02547752
   -0.02544239
   -0.03264616
   -0.12239505
    0.26808854
    0.06938958
    0.05093421
   -0.13918357
   -0.06097479
    0.08171437
   -0.15213197
   -0.39690450
    0.07059813
    0.34849630
   -0.34835896
   -0.36071116
   -0.12301607
    0.26509378
    0.06757758
    0.06814152
   -0.11097527
   -0.06444686
    0.08706726
   -0.17312219
   -0.40457003
    0.03659953
    0.04568078
    0.04275786
    0.04289794
    0.03615587
    0.08453878
    0.07737453
    0.04648620
    0.04239702
    0.04125736
    0.04175581
    0.03222810
    0.07142404
    0.07782443
    0.08724928
    0.34217502
    0.07286012
    0.07924062
