           1           2   1.4274953575266291     
           2           3   1.4500938199731583     
           1           4  0.10847961152398648     
           3           4   1.4288466817153551     
           2           5  0.11338045370654698     
           4           5   1.4550161551806284     
           1           6   1.4210748249394709     
           3           6  0.10900061486917101     
           5           6   1.3999665799652636     
           6           7  0.98179072538638634     
           7           8  0.96597306423213281     
           8           9  0.98241768210712366     
           9          10   1.4134331341329931     
          10          11   1.4430823479096853     
           9          12  0.10919292377204085     
          11          12   1.4400971267397886     
          10          13  0.11136096535294801     
          12          13   1.4382389698673677     
           9          14   1.4135875206769550     
          11          14  0.11171005696583428     
          13          14   1.4445461857122137     
           8          15  0.94208139095290599     
          15          16   1.2142395244768165     
          16          17  0.96157921388085121     
          17          18   1.4978420374463666     
          18          19   1.0031547827837837     
          18          20   1.2806486979970799     
          17          21  0.14087142092537397     
          20          21   1.5928587334666284     
          17          22   1.1260682510060762     
          21          22   1.1498611027244647     
          15          23  0.20205006099996575     
          16          23   1.6955260945018491     
          15          24  0.98444732074856944     
          24          25  0.89825819077970315     
          25          26   1.1680090676813608     
          25          27   1.7889573813958031     
          26          27  0.17500477396805536     
           7          28  0.96070153152154192     
          24          28  0.97981940509014387     
          28          29   1.1872538594606474     
          29          30   1.0115074818433387     
          30          31   1.4819170440236618     
          31          32   1.0253458048852044     
          31          33   1.2828684058446655     
          30          34  0.13592695874201915     
          33          34   1.5903810926827096     
          30          35   1.1019736787462935     
          34          35   1.1496727988215905     
          28          36  0.18906345828951368     
          29          36   1.6706372971764116     
           1          37  0.96341323584804428     
           2          38  0.97007948173838265     
           3          39  0.97050003009182184     
           4          40  0.97010333742917310     
           5          41  0.96789924824013007     
           7          42  0.94156992796597405     
           8          43  0.95115179262944394     
          10          44  0.96723838161605691     
          11          45  0.97015046466988131     
          12          46  0.97066915327231085     
          13          47  0.97046157656395216     
          14          48  0.96776717621724762     
          20          49  0.97093650682490107     
          21          50  0.96159013180413599     
          24          51  0.93499373243549766     
          26          52  0.83993704520225343     
          33          53  0.97074065345412475     
          34          54  0.96138371350951857     
