   -0.02427019
    0.48557203
   -0.20616348
   -0.22402867
   -0.20017457
   -0.01871264
   -0.01963825
   -0.01482204
   -0.02110459
    0.02681332
    0.04691511
    0.04632647
    0.02708373
   -0.02483813
    0.48526969
   -0.22479256
   -0.19974169
   -0.20641030
   -0.01886388
   -0.01988621
   -0.01597250
   -0.02451398
   -0.11479172
    0.27478902
   -0.07960254
    0.11764371
   -0.11732942
   -0.18026685
    0.05598689
   -0.01746809
   -0.10940964
   -0.41849156
    0.08309429
    0.34814417
   -0.35888328
   -0.38808964
   -0.11989199
    0.27577159
   -0.07955891
    0.12685998
   -0.11954879
   -0.17723021
    0.05169972
   -0.02049642
   -0.10686372
   -0.41515442
    0.06816342
    0.05882639
    0.05671724
    0.05240828
    0.06482596
    0.06310141
    0.06767448
    0.05786235
    0.05408132
    0.06042743
    0.07240383
    0.05640245
    0.06467568
    0.05752919
    0.04918266
    0.05643451
    0.04725281
    0.08369991
    0.34286583
    0.07073279
    0.06419588
    0.06831869
    0.05286943
    0.04090736
    0.04831502
    0.05516684
