           1           2  0.95244143601385922     
           2           3  0.94405840561811716     
           2           4  0.92777722794506801     
           2           5  0.95686987133104406     
           1           6   1.4108328499339573     
           6           7   1.4452148569690471     
           1           8  0.10436394683707231     
           7           8   1.4308392786075030     
           6           9  0.10919536532933904     
           8           9   1.4508014766313762     
           1          10   1.3867356536886892     
           7          10  0.10835396683674633     
           9          10   1.4062700874517959     
          10          11  0.99731492954777423     
          11          12  0.94736658403924157     
          12          13  0.99687426576042615     
          13          14   1.3863803919658984     
          14          15  0.95245636871916683     
          15          16  0.92696237046142249     
          15          17  0.95744637361333762     
          15          18  0.94374300326947413     
          14          19   1.4105821653774087     
          13          20  0.10829296554262240     
          19          20   1.4452478250039182     
          14          21  0.10402882033609101     
          20          21   1.4307163738321156     
          13          22   1.4057848674142341     
          19          22  0.10939485781865652     
          21          22   1.4508796619295963     
          12          23  0.95611403353299762     
          23          24   1.1955093516977493     
          24          25  0.97478358965795653     
          25          26   1.5210158882124125     
          26          27   1.0308921224022713     
          26          28   1.1342973005212931     
          26          29  0.13621519862143830     
          28          29   1.1183901334821051     
          25          30   1.2242131335642354     
          29          30   1.5937455855900740     
          30          31   1.0293097752393745     
          23          32  0.18994788263445322     
          24          32   1.6943425965501522     
          23          33  0.98810991804174908     
          33          34  0.90761480311556908     
          34          35   1.1504648032390332     
          34          36   1.7769817805649484     
          35          36  0.17980468675402858     
          11          37  0.95839928590336421     
          33          37  0.98254621940016651     
          37          38   1.1732727168843446     
          38          39  0.98341492445315182     
          39          40   1.5320818939184686     
          40          41   1.0319332880530272     
          40          42   1.1370857773884915     
          40          43  0.13119798615353259     
          42          43   1.1164412995190227     
          39          44   1.2157257458034738     
          43          44   1.5944711636917870     
          44          45   1.0308636233085933     
          37          46  0.18035668952068207     
          38          46   1.7044215705562511     
           6          47  0.96551791904069284     
           7          48  0.96866488958336772     
           8          49  0.96883536693824923     
           9          50  0.96433903089261175     
          11          51  0.95086916906969465     
          12          52  0.95207686197287034     
          19          53  0.96556443175511364     
          20          54  0.96875510165405831     
          21          55  0.96909973764140700     
          22          56  0.96017964618921936     
          27          57  0.96756489784065491     
          27          58  0.96814655149112472     
          27          59  0.98093661110930230     
          29          60  0.96526374182728603     
          31          61  0.96790933891490194     
          31          62  0.97467506184018660     
          31          63  0.98431548520394585     
          33          64  0.93506443869763711     
          35          65  0.85539407459437355     
          41          66  0.97297407392900892     
          41          67  0.98026461349516025     
          41          68  0.96174784939774294     
          43          69  0.96533275323307899     
          45          70  0.97132524086875960     
          45          71  0.98422295985651398     
          45          72  0.97041346016711960     
