   -0.03509700
   -0.03239305
    0.01467578
   -0.03356715
   -0.02874448
   -0.02838816
   -0.03292864
    0.01759538
   -0.03491980
    0.00823735
    0.05016997
    0.04156986
   -0.00691305
   -0.04280203
    0.01341909
   -0.03411671
   -0.02535999
   -0.02491006
   -0.02932169
    0.01511342
   -0.03195546
   -0.03659374
   -0.11390039
    0.27481263
   -0.00765991
   -0.02683770
   -0.02395817
   -0.03075212
    0.05974423
   -0.11954200
   -0.02656320
   -0.42436703
    0.09916185
    0.36354433
   -0.35078464
   -0.39491838
   -0.11549283
    0.27368721
   -0.01650795
   -0.02998622
    0.06328190
   -0.11838458
   -0.03202041
   -0.02568980
   -0.02447395
   -0.40745572
    0.04192620
    0.03776542
    0.03386964
    0.03304046
    0.03331076
    0.03434408
    0.03484984
    0.05562807
    0.05038535
    0.02901392
    0.03186866
    0.03689211
    0.04045436
    0.04301681
    0.04492636
    0.03319695
    0.04796480
    0.05138565
    0.05576069
    0.05501301
    0.06950358
    0.34786829
    0.05054623
    0.05717787
    0.05120061
    0.05138328
