           1           2   1.5668060317182249     
           2           3   1.2744457915121230     
           3           4   1.2827206300158143     
           4           5   1.5552683547214798     
           5           6   1.3217500466619516     
           4           7  0.11806910330563415     
           6           7   1.5568069790389714     
           3           8   1.2516619383522063     
           7           8   1.2795990609080259     
           2           9  0.11339095454253073     
           8           9   1.2797237857298815     
           1          10   1.2906205556810562     
           9          10   1.5297101959893937     
          10          11  0.98866019873024624     
          11          12  0.95547818725770139     
          12          13  0.98978683888514762     
          13          14   1.5259201958812467     
          14          15   1.2817632707454876     
          15          16   1.2777989409755068     
          16          17   1.5581217209385454     
          17          18   1.3205988878871644     
          16          19  0.11802059812807300     
          18          19   1.5554943576425642     
          15          20   1.2509023790488769     
          19          20   1.2812054247167222     
          14          21  0.11245259658368473     
          20          21   1.2749520642789718     
          13          22   1.2909236877724946     
          21          22   1.5652280099936939     
          12          23  0.95497022883326932     
          23          24   1.2182290963814997     
          24          25  0.95450878720881038     
          25          26   1.4071015756288325     
          26          27   1.4377737638684465     
          25          28  0.10883679730610957     
          27          28   1.4357860828373474     
          26          29  0.10193922605261321     
          28          29   1.4217389093105532     
          29          30  0.96821285272087565     
          25          31   1.4019821806443347     
          27          31  0.10964720006704413     
          29          31   1.4287665177671163     
          23          32  0.19173351837512451     
          24          32   1.6849054593192774     
          23          33  0.97523190276002680     
          33          34  0.90642393527919873     
          34          35   1.1721826673175566     
          34          36   1.7650639488955533     
          35          36  0.18224295140605282     
          11          37  0.95111507638043902     
          33          37  0.98898036231494191     
          37          38   1.2092189056193707     
          38          39  0.95088195206173831     
          39          40   1.4053758191348651     
          40          41   1.4263586356523392     
          41          42  0.97124160448873254     
          39          43  0.10801189722257783     
          41          43   1.4214650534306541     
          40          44  0.10934621477183581     
          43          44   1.4354054143992798     
          39          45   1.4027075114954870     
          41          45  0.10245274343262689     
          44          45   1.4395598291100571     
          37          46  0.19555546488330156     
          38          46   1.7035782764117411     
           1          47  0.96522308384318523     
           2          48  0.96781700357625300     
           4          49  0.96833672162835005     
           5          50  0.97097821639189086     
           6          51  0.97090927011690686     
           7          52  0.96825771761358992     
           9          53  0.96547900918163754     
          11          54  0.95342953233579020     
          12          55  0.95260192111224218     
          14          56  0.96538578351673610     
          16          57  0.96834366453797882     
          17          58  0.97061666195270235     
          18          59  0.97044480058308491     
          19          60  0.96754528539713847     
          21          61  0.96720940272414591     
          22          62  0.96816807322849185     
          26          63  0.96841931976847095     
          27          64  0.96709039866853042     
          28          65  0.96883122008687605     
          31          66  0.96767933397434847     
          33          67  0.94504776072611707     
          35          68  0.85213476682009848     
          40          69  0.96783800935638109     
          43          70  0.96855364824377244     
          44          71  0.96705291783528713     
          45          72  0.96837272449547784     
