   -0.03456187
   -0.03222769
    0.01345425
   -0.03326388
   -0.02721421
   -0.02675792
   -0.03286919
    0.01457757
   -0.04087388
   -0.00528098
    0.03626133
    0.04929909
    0.01131724
   -0.03373670
    0.01828278
   -0.03248632
   -0.02823977
   -0.02880771
   -0.03395458
    0.01445468
   -0.03418571
   -0.03360438
   -0.12079684
    0.28259665
   -0.06582269
    0.11043114
   -0.11339795
   -0.19623936
    0.10544827
    0.00642450
   -0.03522702
   -0.02685896
   -0.03031908
   -0.02864907
   -0.03092687
   -0.06481884
   -0.40646723
    0.08022874
    0.35043842
   -0.37121477
   -0.36714470
   -0.11038643
    0.27216881
   -0.05812184
    0.11639515
   -0.11357103
   -0.18887740
    0.10818224
    0.00531900
   -0.02982020
   -0.02785460
   -0.02904235
   -0.02640144
   -0.03430130
   -0.06450708
   -0.45936218
    0.03910199
    0.04387833
    0.03800944
    0.03570994
    0.03464634
    0.03445020
    0.02951924
    0.05165248
    0.05932900
    0.03940516
    0.03606749
    0.03360137
    0.03282971
    0.03296988
    0.03493802
    0.02419435
    0.06805055
    0.05287439
    0.05601680
    0.04097604
    0.03500683
    0.03215253
    0.03203118
    0.04222486
    0.05610007
    0.05985201
    0.36598698
    0.05319462
    0.07211535
    0.06243209
    0.04452029
    0.03605068
    0.03611407
    0.03690929
    0.03558603
    0.04441656
