           1           2   1.5628286530142319     
           2           3   1.2770664845637849     
           3           4   1.2817485320777706     
           4           5   1.5553915043364070     
           5           6   1.3208597764924566     
           4           7  0.11802775374555763     
           6           7   1.5575419978676144     
           3           8   1.2492904326961882     
           7           8   1.2775295813625147     
           2           9  0.11349111231507367     
           8           9   1.2836946598688070     
           1          10   1.2936520906291378     
           9          10   1.5239524678484917     
          10          11  0.99025821929704394     
          11          12  0.95340593707822330     
          12          13  0.99169727063855884     
          13          14   1.5297679170200693     
          14          15   1.2798975061937814     
          15          16   1.2796798220354211     
          16          17   1.5567866186872572     
          17          18   1.3218905030707611     
          16          19  0.11804195092338780     
          18          19   1.5549460691917236     
          15          20   1.2517010726085547     
          19          20   1.2830632523816474     
          14          21  0.11322868000155042     
          20          21   1.2737691907229807     
          13          22   1.2897253029299927     
          21          22   1.5675323278582638     
          12          23  0.95746544206956030     
          23          24   1.1768744040721903     
          24          25  0.96767608285665674     
          25          26   1.5194405786775096     
          26          27   1.0281667106051240     
          26          28   1.1251671993525099     
          26          29  0.12271466865390671     
          28          29   1.0897049229972615     
          29          30   1.0892564002191543     
          30          31   1.3669755750933896     
          31          32   1.4625032312150705     
          32          33   1.4274813517550589     
          31          34  0.10571582625312043     
          33          34   1.4318180615949101     
          30          35   1.3710956624797068     
          32          35  0.10489692044511015     
          34          35   1.4574626132797652     
          25          36   1.2733652770174828     
          29          36   1.5239676950951802     
          23          37  0.18357892929907949     
          24          37   1.7171796800699801     
          23          38   1.0023606352234318     
          38          39  0.88341290742923151     
          39          40   1.2050827693551427     
          39          41   1.7785858372611592     
          40          41  0.18286421240617884     
          11          42  0.95361379467717555     
          38          42  0.96747464878886380     
          42          43   1.2661555023753084     
          43          44  0.98531626709377840     
          44          45   1.5131814843498659     
          45          46   1.0300689967115539     
          45          47   1.1308944348353016     
          45          48  0.11893525039839771     
          47          48   1.0925902405071275     
          48          49   1.0874334101943826     
          49          50   1.3703792168309492     
          50          51   1.4578236037801664     
          51          52   1.4312167970483927     
          50          53  0.10511131567055437     
          52          53   1.4282675650741719     
          49          54   1.3684165717754713     
          51          54  0.10552727428901504     
          53          54   1.4608885038762804     
          44          55   1.2632178561918848     
          48          55   1.5262858442073250     
          42          56  0.18642332732904615     
          43          56   1.5933594892179239     
           1          57  0.96681309503277557     
           2          58  0.96730117699459761     
           4          59  0.96803306576365622     
           5          60  0.97068860848414684     
           6          61  0.97069491951235765     
           7          62  0.96811029924585579     
           9          63  0.96536839132229946     
          11          64  0.95133039354010540     
          12          65  0.95330706942260124     
          14          66  0.96532085141311486     
          16          67  0.96816064098907972     
          17          68  0.97088638794285143     
          18          69  0.97100264229978683     
          19          70  0.96837638635962986     
          21          71  0.96796215730190327     
          22          72  0.96715669343400212     
          27          73  0.97431880729231546     
          27          74  0.96626304872649449     
          27          75  0.98032529726635453     
          31          76  0.96802855220499739     
          32          77  0.97071173607987904     
          33          78  0.97160891136876026     
          34          79  0.97089187757832440     
          35          80  0.96882109474669253     
          36          81  0.97092481449090762     
          38          82  0.94086978669309385     
          40          83  0.76286031578964575     
          46          84  0.98355362494413112     
          46          85  0.96767214119785550     
          46          86  0.96546080993158412     
          50          87  0.96853683841068383     
          51          88  0.97060983215332675     
          52          89  0.97133310131565187     
          53          90  0.97054347957873954     
          54          91  0.96831604020879347     
          55          92  0.97262631356408491     
