   -0.02103270
    0.48581727
   -0.22254846
   -0.20288084
   -0.19904883
   -0.01745377
   -0.01936988
   -0.01558194
   -0.02265397
    0.02594321
    0.04698788
    0.04594822
    0.02428332
   -0.02339924
    0.48509138
   -0.22541545
   -0.19830379
   -0.20666826
   -0.01837822
   -0.01957127
   -0.01455761
   -0.02569570
   -0.11343914
    0.27302502
   -0.02470194
   -0.02837035
   -0.04499894
    0.17407009
   -0.21595186
   -0.04748953
   -0.02322896
   -0.39855119
    0.08387083
    0.34798720
   -0.36926077
   -0.37456919
   -0.11744374
    0.27171802
   -0.02239621
   -0.02862943
   -0.04518311
    0.17594849
   -0.21463233
   -0.04572564
   -0.02161215
   -0.39781037
    0.07117517
    0.06064144
    0.05753097
    0.04601340
    0.07198025
    0.06842013
    0.06860355
    0.05896347
    0.05832768
    0.06695217
    0.04893678
    0.07020948
    0.06980769
    0.06063907
    0.07112809
    0.34972925
    0.04596080
    0.06917402
    0.07014222
    0.06152825
