           1           2  0.95159240134595569     
           2           3  0.92892837225569447     
           2           4  0.94680003095577070     
           2           5  0.95699382520765264     
           1           6   1.4130394020417656     
           6           7   1.4437039145373756     
           1           8  0.10488021585934074     
           7           8   1.4323949099975024     
           6           9  0.10903194055217000     
           8           9   1.4492805932481456     
           1          10   1.3871416919457520     
           7          10  0.10882802963075050     
           9          10   1.4081794836559796     
          10          11  0.99465332993533329     
          11          12  0.95247571609984871     
          12          13  0.99356109012679272     
          13          14   1.3860632129953565     
          14          15  0.95236857248926321     
          15          16  0.92632380625225796     
          15          17  0.95880305362738127     
          15          18  0.94331320929768669     
          14          19   1.4117294617302771     
          13          20  0.10817763854618058     
          19          20   1.4437084291429090     
          14          21  0.10473237876505839     
          20          21   1.4330234925491261     
          13          22   1.4092150182442771     
          19          22  0.10921417795877246     
          21          22   1.4478467995753319     
          12          23  0.95220321210662606     
          23          24   1.1977739620168051     
          24          25  0.95410172887325517     
          25          26   1.4034053874594434     
          26          27   1.4468008756878366     
          27          28   1.3920212842564792     
          28          29  0.96698912289247119     
          26          30  0.10988736674537139     
          28          30   1.3955669420512491     
          25          31   1.4032928048577809     
          27          31  0.10969509044800582     
          30          31   1.4437014866628284     
          23          32  0.19386233186378879     
          24          32   1.7137458216973995     
          23          33  0.98827978578421738     
          33          34  0.90478145344169802     
          34          35   1.1550144541099383     
          34          36   1.7822853567119410     
          35          36  0.18333105391517074     
          11          37  0.95265470532384122     
          33          37  0.98446034471428523     
          37          38   1.1831732200365690     
          38          39  0.96517885617366916     
          39          40   1.4000722222367916     
          40          41   1.4480876543198029     
          41          42   1.3910993725198233     
          42          43  0.96844182287463410     
          40          44  0.10932683113612052     
          42          44   1.3947717939188680     
          39          45   1.4040220683620650     
          41          45  0.10913360603839166     
          44          45   1.4453494031466805     
          37          46  0.18695068567769996     
          38          46   1.7153416360807490     
           6          47  0.96506475176470741     
           7          48  0.96846714337760897     
           8          49  0.96873922976656623     
           9          50  0.96690567951603157     
          11          51  0.95099895454105832     
          12          52  0.95167868218616625     
          19          53  0.96544588824498767     
          20          54  0.96859472987474182     
          21          55  0.96868495986966741     
          22          56  0.96020060031941823     
          26          57  0.96792484081610597     
          27          58  0.96503575624492488     
          30          59  0.96494387731532005     
          31          60  0.96775430117062833     
          33          61  0.94190500188776172     
          35          62  0.85076484888268067     
          40          63  0.96749874040333350     
          41          64  0.96518753985762773     
          44          65  0.96497974640042905     
          45          66  0.96761479478477952     
