   -0.03406263
   -0.02694709
   -0.02905938
   -0.02704332
   -0.03492882
    0.00057226
    0.04106321
    0.05011067
    0.01259064
   -0.02849808
   -0.02518156
   -0.02840236
   -0.02678557
   -0.02951668
   -0.12358928
    0.27191291
   -0.02077353
   -0.03228417
   -0.02644521
   -0.03143018
    0.02433137
   -0.05755465
   -0.10021482
   -0.02631879
   -0.41901325
    0.09793856
    0.36719288
   -0.37450600
   -0.38841300
   -0.11186818
    0.27321487
   -0.01310206
   -0.03629822
    0.01803637
   -0.05953625
   -0.09746004
   -0.03523109
   -0.02807090
   -0.02372387
   -0.42576767
    0.03292483
    0.03771305
    0.03895750
    0.03981770
    0.04782862
    0.04571520
    0.05569288
    0.03472919
    0.03820455
    0.03680960
    0.03619646
    0.02897702
    0.02477678
    0.03642522
    0.03861832
    0.03856624
    0.03740917
    0.03555148
    0.04597063
    0.04046051
    0.03705737
    0.06479846
    0.33839033
    0.03327622
    0.04093552
    0.04213583
    0.04046895
    0.03729799
    0.03353019
    0.03908382
    0.04050258
    0.04624069
