           1           2   1.4393074475320997     
           2           3   1.4427369895704840     
           1           4  0.10915221480284545     
           3           4   1.4332874394940400     
           2           5  0.11191138747122208     
           4           5   1.4504387554649290     
           1           6   1.4170907225308884     
           3           6  0.10930891977646631     
           5           6   1.4049372798421367     
           6           7  0.99329851985871531     
           7           8  0.94699191076152378     
           8           9  0.99115521604432222     
           9          10   1.4148826632388365     
          10          11   1.4425751643691151     
           9          12  0.10943709773432453     
          11          12   1.4407960185713247     
          10          13  0.11074498204954081     
          12          13   1.4360314097082418     
           9          14   1.4092742939669440     
          11          14  0.11148141543900046     
          13          14   1.4478681099744577     
           8          15  0.95972361665110562     
          15          16   1.1860902929289987     
          16          17  0.96912425627442000     
          17          18   1.3974791305447052     
          18          19   1.4410780269793468     
          17          20  0.10719386455099336     
          19          20   1.4439128867020756     
          18          21  0.10758635800480794     
          20          21   1.4081169705413636     
          21          22   1.0131526623488443     
          22          23  0.99956978193335988     
          17          24   1.4098858599341511     
          19          24  0.10706452422374159     
          21          24   1.4138212986814860     
          15          25  0.18374362191318927     
          16          25   1.7011391592151237     
          15          26  0.98431509560085939     
          26          27  0.90812923916023713     
          27          28   1.1250761642398481     
          27          29   1.7739188767473670     
          28          29  0.16749132408039691     
           7          30  0.96114254497340257     
          26          30  0.97829941894807182     
          30          31   1.2213981844128068     
          31          32  0.98178290958401171     
          32          33   1.4030976729181774     
          33          34   1.4154265415571816     
          34          35   1.0119896066717375     
          35          36   1.0016802445992017     
          32          37  0.10506856555154823     
          34          37   1.4096179702990810     
          33          38  0.10733643361142105     
          37          38   1.4395301731404906     
          32          39   1.3939780525508401     
          34          39  0.10644492152236541     
          38          39   1.4459137114266860     
          30          40  0.18181873151955635     
          31          40   1.6454159234910928     
           1          41  0.96658667160864242     
           2          42  0.97048048867266801     
           3          43  0.97092660622357352     
           4          44  0.97050713191474680     
           5          45  0.96427904413588383     
           7          46  0.95361525224537036     
           8          47  0.95246373068888723     
          10          48  0.96861212601423285     
          11          49  0.97061874060992670     
          12          50  0.97113026705854510     
          13          51  0.97082301678574634     
          14          52  0.96841613737473065     
          18          53  0.96941754293248106     
          19          54  0.96993957891278171     
          20          55  0.96909411474404505     
          22          56  0.97208519699637852     
          22          57  0.97576879963358398     
          23          58  0.98620124486037852     
          23          59  0.98726800083352184     
          23          60  0.98778483172383635     
          24          61  0.96778287654221362     
          26          62  0.94441544944387212     
          28          63  0.86103970671425123     
          33          64  0.96743106992778671     
          35          65  0.97563853749841756     
          35          66  0.97068259985414551     
          36          67  0.98604245239062049     
          36          68  0.98817257870202524     
          36          69  0.98646974399915011     
          37          70  0.96868185672246010     
          38          71  0.96971237537131105     
          39          72  0.96890804423478438     
