   -0.03167182
    0.48527207
   -0.21587089
   -0.19907025
   -0.21799096
   -0.02180503
   -0.02205375
   -0.01516369
   -0.02823140
    0.01134397
    0.04089379
    0.05156114
    0.02611070
   -0.02035676
    0.48618271
   -0.22581491
   -0.20154582
   -0.19924923
   -0.01844538
   -0.02107768
   -0.01729164
   -0.02415590
   -0.12365255
    0.27384456
   -0.07050377
    0.12379140
   -0.12048908
   -0.19414048
    0.11437486
   -0.11813437
   -0.07999917
   -0.42426103
    0.09420346
    0.36798216
   -0.35674377
   -0.40510803
   -0.12288044
    0.27765793
   -0.06481083
    0.11447905
   -0.12063037
   -0.19049626
    0.11058240
   -0.11861969
   -0.07598576
   -0.42142003
    0.06618196
    0.05798384
    0.06136964
    0.08292405
    0.06017661
    0.06926650
    0.06902521
    0.05763341
    0.05502444
    0.04985417
    0.06833212
    0.06195028
    0.07774278
    0.05765679
    0.06479337
    0.06531750
    0.03244893
    0.07363797
    0.34564575
    0.06935078
    0.07859511
    0.05092571
    0.05824275
    0.06423935
    0.06789296
    0.04317852
