           1           2  0.95231351695340949     
           2           3  0.93315556259217802     
           2           4  0.95798857555908068     
           2           5  0.93552748795024254     
           1           6   1.4089798539233331     
           6           7   1.4449618831625293     
           1           8  0.10385777070119000     
           7           8   1.4313096538157009     
           6           9  0.10933604369553823     
           8           9   1.4477739026863210     
           1          10   1.3856987188292211     
           7          10  0.10734448593064662     
           9          10   1.4073371061239845     
          10          11  0.99380647035866976     
          11          12  0.94710646379833130     
          12          13  0.99479727453779421     
          13          14   1.3864534794403340     
          14          15  0.95159155932066586     
          15          16  0.92582694455554915     
          15          17  0.95456020637117422     
          15          18  0.95114640826614871     
          14          19   1.4138548208909334     
          13          20  0.10870612461261371     
          19          20   1.4431864075500647     
          14          21  0.10505756679676663     
          20          21   1.4328904514151615     
          13          22   1.4084922131952644     
          19          22  0.10912744169833283     
          21          22   1.4489122912659285     
          12          23  0.95974297633723349     
          23          24   1.1727544627063360     
          24          25   1.0007535975474584     
          25          26   1.5264509476773975     
          26          27   1.0336731513762929     
          26          28   1.1258956994120188     
          26          29  0.12075631179933434     
          28          29   1.1005978595871500     
          29          30   1.0295084166669062     
          25          31   1.2307344935917952     
          29          31   1.5998430921500189     
          23          32  0.17736585531330906     
          24          32   1.6874998916979171     
          23          33  0.98715951224535425     
          33          34  0.90517292622041601     
          34          35   1.1606676667133171     
          34          36   1.7470414338950473     
          35          36  0.17273531070881051     
          11          37  0.96325718833147456     
          33          37  0.97630111060534297     
          37          38   1.1982296951641735     
          38          39  0.99249379403737814     
          39          40   1.5293824002829368     
          40          41   1.0309261869267716     
          40          42   1.1244681849385290     
          40          43  0.12414179076488649     
          42          43   1.1034239170413809     
          43          44   1.0292113740658140     
          39          45   1.2344570527645624     
          43          45   1.5966769132106506     
          37          46  0.17903628748811320     
          38          46   1.6614677085776188     
           6          47  0.96564058142977949     
           7          48  0.96859992437684728     
           8          49  0.96821765139281923     
           9          50  0.95458637486915920     
          11          51  0.95398019100549902     
          12          52  0.95143380240394859     
          19          53  0.96536711339560566     
          20          54  0.96881425517757946     
          21          55  0.96899396162979867     
          22          56  0.96670515149036040     
          27          57  0.97235328448794900     
          27          58  0.96272703545854010     
          27          59  0.97664899199643895     
          30          60  0.98355867184837797     
          30          61  0.96866258878293343     
          30          62  0.96915857535064953     
          31          63  0.97253448386867647     
          33          64  0.94402428604196942     
          35          65  0.85455187459482795     
          41          66  0.96448581309842973     
          41          67  0.96779729602984610     
          41          68  0.98301039748601793     
          44          69  0.98351975272199188     
          44          70  0.96923584256111794     
          44          71  0.96836078627741939     
          45          72  0.97356141434895282     
