   -0.03305659
   -0.02645466
   -0.02516028
   -0.03925212
    0.01083599
    0.01632377
   -0.03411265
   -0.03533051
   -0.04226238
   -0.01216326
    0.03605860
    0.03922622
   -0.00438804
   -0.03194338
   -0.03049753
   -0.03170266
    0.01885114
    0.00966447
   -0.03728450
   -0.02641177
   -0.02710681
   -0.03133874
   -0.11319216
    0.27548798
   -0.00646936
   -0.02170890
   -0.02271007
   -0.02048768
    0.00580697
    0.54789294
   -0.38358900
   -0.37533606
   -0.01529467
   -0.40233665
    0.08930916
    0.35133849
   -0.35505804
   -0.38554268
   -0.11115252
    0.27680553
   -0.00922089
   -0.01687906
    0.00501450
    0.54722311
   -0.37734986
   -0.38054701
   -0.02039836
   -0.02113094
   -0.02386929
   -0.40234420
    0.03651724
    0.03635908
    0.03844763
    0.05307102
    0.03941444
    0.03715101
    0.03891429
    0.08905012
    0.08057740
    0.00829431
    0.04399613
    0.04260545
    0.02853593
    0.03554875
    0.03674619
    0.03898430
    0.04980054
    0.06217981
    0.08528846
    0.09192443
    0.05963339
    0.35346042
    0.09131766
    0.08507692
    0.06439778
    0.07595171
