           1           2   1.5550920482201938     
           2           3   1.3251697117926422     
           1           4  0.11890642643927954     
           3           4   1.5513162766903046     
           4           5   1.2870253256390307     
           1           6   1.2804141542546714     
           5           6   1.2547941593625791     
           6           7   1.2764103568369363     
           7           8   1.5579381522873537     
           8           9   1.3191256398868469     
           5          10   1.2449294582049846     
           7          10  0.11269781501760605     
           9          10   1.5269904800580623     
          10          11  0.98598821515096635     
          11          12  0.95886904403212703     
          12          13  0.98391044837338693     
          13          14   1.5305583595859655     
          14          15   1.3194871761243043     
          13          16  0.11400956279504085     
          15          16   1.5578503195215658     
          16          17   1.2763736561874928     
          13          18   1.2475400581042291     
          17          18   1.2553129383250941     
          18          19   1.2848354292708497     
          19          20   1.5533885413662403     
          20          21   1.3235826614919060     
          17          22   1.2802477676419273     
          19          22  0.11849580818344094     
          21          22   1.5563635943818048     
          12          23  0.95517309948423812     
          23          24   1.2162960837616343     
          24          25  0.94954020787134563     
          25          26   1.4004842715869184     
          26          27   1.4346600041789863     
          25          28  0.10587410552631027     
          27          28   1.4476865113440185     
          28          29   1.3841731353239330     
          29          30  0.95667317472664359     
          30          31   1.4524588036905324     
          30          32   1.4604941346710405     
          31          32  0.36664434918467759     
          25          33   1.4187126998891173     
          27          33  0.10653638224983006     
          29          33   1.3884765213070469     
          23          34  0.19740738794628060     
          24          34   1.7037095231165045     
          23          35  0.98246326520793148     
          35          36  0.91015386672494247     
          36          37   1.1673328930798674     
          36          38   1.7721938083315512     
          37          38  0.18287485995057773     
          11          39  0.94284843341878100     
          35          39  0.99486012290187564     
          39          40   1.1967801611019355     
          40          41  0.96335719745873971     
          41          42   1.4159175714195715     
          42          43   1.3886978993600207     
          43          44  0.95645735030445422     
          44          45   1.4584348905185320     
          44          46   1.4544843752648426     
          45          46  0.36682071791340720     
          41          47  0.10264720150198114     
          43          47   1.3834913994220823     
          42          48  0.10540834384806537     
          47          48   1.4474412430209072     
          41          49   1.3910049300998955     
          48          49   1.4364216799043590     
          39          50  0.18839918897619429     
          40          50   1.7033909524193844     
           1          51  0.96788945008845162     
           2          52  0.97046594772397210     
           3          53  0.97063763779217282     
           4          54  0.95988776408715659     
           7          55  0.96754888849106113     
           8          56  0.97025838071950554     
           9          57  0.96309840766522337     
          11          58  0.94473844810190244     
          12          59  0.94232307977819696     
          14          60  0.96355413796318745     
          15          61  0.96924569116273740     
          16          62  0.96753682030085897     
          19          63  0.96565395347342431     
          20          64  0.97083357778782420     
          21          65  0.97051820123546406     
          22          66  0.96778465009749071     
          26          67  0.96493619916283979     
          27          68  0.96725568236189785     
          28          69  0.96019402229652195     
          33          70  0.95755724864314817     
          35          71  0.92806702290211440     
          37          72  0.84782764768549834     
          42          73  0.95664445322967429     
          47          74  0.96012809146144806     
          48          75  0.96696301050053601     
          49          76  0.96310799585250861     
