   -0.02153424
    0.48635823
   -0.19522399
   -0.20580098
   -0.20895792
   -0.02070925
   -0.02281370
   -0.02092949
   -0.03702421
    0.01621473
    0.03883213
    0.03212363
    0.00968503
   -0.03486002
    0.48460753
   -0.22140029
   -0.21151831
   -0.19820157
   -0.02163250
   -0.02224892
   -0.01530404
   -0.02114441
   -0.11987235
    0.28018002
   -0.04049190
    0.14501007
   -0.27367776
    0.03394828
   -0.06328215
   -0.02822079
   -0.04078765
   -0.02471617
   -0.42670036
    0.09466200
    0.35575922
   -0.35226959
   -0.38566416
   -0.12088343
    0.28587407
   -0.04413515
   -0.02383734
   -0.04123819
   -0.02686047
   -0.06652289
    0.14875792
   -0.24853391
    0.03447022
   -0.39971598
    0.06915595
    0.05538079
    0.04784085
    0.06718698
    0.09724071
    0.07557185
    0.06724749
    0.05925448
    0.05732582
    0.04892170
    0.06176867
    0.05244121
    0.04644978
    0.04869883
    0.04391654
    0.04260947
    0.04871460
    0.09071381
    0.34042849
    0.04534564
    0.04194001
    0.04231500
    0.04377371
    0.04419536
    0.07645145
    0.04534183
