           1           2  0.94774534184130610     
           2           3  0.95602292427048552     
           2           4  0.94315833063525201     
           2           5  0.94398397789268129     
           1           6   1.4227362725511581     
           6           7   1.4363788779369324     
           1           8  0.10668176355405300     
           7           8   1.4408010980698100     
           6           9  0.10820854250003695     
           8           9   1.4390200123455139     
           1          10   1.3819517235644601     
           7          10  0.10906045405295797     
           9          10   1.4140788022641360     
          10          11  0.99045586535438890     
          11          12  0.94782389684132307     
          12          13  0.99274277957129087     
          13          14   1.3782026844519997     
          14          15  0.95232751007234862     
          15          16  0.92632502370221248     
          15          17  0.94237690765293325     
          15          18  0.95921596664954634     
          14          19   1.4148322964381710     
          13          20  0.10719620406165564     
          19          20   1.4412983362070206     
          14          21  0.10488891640494336     
          20          21   1.4348900310257886     
          13          22   1.4115782808830126     
          19          22  0.10851638107160798     
          21          22   1.4445186643902213     
          12          23  0.97395577383153675     
          23          24   1.1974257482068522     
          24          25  0.97350495669934378     
          25          26   1.3204643069665849     
          26          27   1.0621714726269862     
          27          28  0.97851458407218517     
          26          29   1.3766181500088910     
          25          30  0.10502535388744764     
          29          30   1.4409368673124676     
          30          31   1.4365014397590503     
          25          32   1.4178481542324650     
          29          32  0.10402553854628743     
          31          32   1.4337476281694552     
          23          33  0.18446306867467410     
          24          33   1.6891320564815204     
          23          34  0.96524388119961457     
          34          35  0.92191916272821917     
          35          36   1.1561955480707486     
          35          37   1.7770345057536217     
          36          37  0.18269235217306048     
          11          38  0.96278665959817555     
          34          38  0.99929636025299806     
          38          39   1.1461359552999395     
          39          40  0.97797377144196884     
          40          41   1.4238280641358956     
          41          42   1.4280512435375046     
          40          43  0.10268771935169806     
          42          43   1.4363899713452277     
          41          44  0.10173467954540756     
          43          44   1.4424640243186440     
          40          45   1.2985463180311809     
          44          45   1.3650576552565525     
          45          46   1.0967148333748942     
          46          47  0.97770408076857662     
          38          48  0.17064817929717541     
          39          48   1.7304892109286927     
           6          49  0.96499292669790826     
           7          50  0.96890336347371964     
           8          51  0.96960888139414469     
           9          52  0.95743063619641811     
          11          53  0.94374371431777615     
          12          54  0.94215434031349932     
          19          55  0.96556496715805651     
          20          56  0.96855830552558941     
          21          57  0.96857960144814159     
          22          58  0.96318711443402460     
          28          59  0.97882442168297867     
          28          60  0.97562877076376897     
          28          61  0.97693023669472445     
          29          62  0.96409577348485853     
          30          63  0.97044189299238715     
          31          64  0.96974461683564517     
          32          65  0.96795920439805472     
          34          66  0.92215818410487715     
          36          67  0.85828010519605669     
          41          68  0.96731967884924419     
          42          69  0.96998624715602122     
          43          70  0.97059164335681147     
          44          71  0.96488707584004729     
          47          72  0.97618202344659755     
          47          73  0.97786033488352586     
          47          74  0.97586515135754714     
