   -0.02439462
   -0.02302345
   -0.02881331
   -0.02738114
   -0.03543486
   -0.00198062
    0.03081041
    0.03476882
   -0.00084924
   -0.03293270
   -0.02729249
   -0.03048455
   -0.02962365
   -0.03847893
   -0.12110611
    0.26733826
    0.07144157
   -0.06419039
   -0.07433682
    0.12659880
   -0.11928752
   -0.16780824
   -0.41624344
    0.08937060
    0.35518756
   -0.36503550
   -0.37623462
   -0.12008157
    0.27227484
    0.07926492
   -0.06405067
   -0.07639785
    0.11986159
   -0.11782338
   -0.17789796
   -0.41607119
    0.03154121
    0.04085979
    0.03585538
    0.03706295
    0.03174557
    0.05913537
    0.08611830
    0.05120798
    0.03893437
    0.03592018
    0.03777351
    0.04033650
    0.04929028
    0.04348712
    0.05954962
    0.06873497
    0.06955118
    0.09897601
    0.34261919
    0.04056471
    0.04138260
    0.06783526
    0.06361864
    0.05823678
