           1           2   1.4471836205549420     
           2           3   1.4365583869942489     
           1           4  0.11125004036177880     
           3           4   1.4393201217168052     
           2           5  0.11029443157257994     
           4           5   1.4436733410287383     
           1           6   1.4097717465798900     
           3           6  0.10894154594688484     
           5           6   1.4123503987098101     
           6           7  0.98824516399131701     
           7           8  0.95913266116848939     
           8           9  0.98457638119559121     
           9          10   1.4038983426991520     
          10          11   1.4529320859836696     
           9          12  0.10947520345512254     
          11          12   1.4318614570194834     
          10          13  0.11290468035084519     
          12          13   1.4458165946668169     
           9          14   1.4214621335723532     
          11          14  0.10972314693219223     
          13          14   1.4348776855653247     
           8          15  0.95346370764427335     
          15          16   1.1715821126369141     
          16          17   1.0200572263349055     
          17          18   1.5156919494211785     
          18          19   1.3238556958848124     
          17          20  0.12739146134420354     
          19          20   1.5368164367229646     
          20          21   1.0312999389983142     
          17          22   1.1048595664997483     
          20          22   1.1468600981800892     
          15          23  0.18032279404691046     
          16          23   1.6700160333895426     
          15          24  0.99436329226251008     
          24          25  0.91817636706598671     
          25          26   1.1459370351217260     
          25          27   1.7884877291600767     
          26          27  0.18024539631532116     
           7          28  0.96093026867078069     
          24          28  0.97720911665906751     
          28          29   1.1970729506262576     
          29          30  0.98191759938364231     
          30          31   1.5466065012843349     
          31          32   1.3048322508640744     
          30          33  0.13273476923073974     
          32          33   1.5568103248638996     
          33          34   1.0298103505588923     
          30          35   1.1135015288495576     
          33          35   1.1286187369983962     
          28          36  0.18850739694796287     
          29          36   1.6867958693803153     
           1          37  0.96835563590286899     
           2          38  0.97051631646132919     
           3          39  0.97110569180395379     
           4          40  0.97063060222545350     
           5          41  0.96836984266609738     
           7          42  0.95051177466812320     
           8          43  0.94725172632362020     
          10          44  0.96731129220537693     
          11          45  0.97036023064331589     
          12          46  0.97102272095783604     
          13          47  0.97077479482880213     
          14          48  0.96329027695599556     
          18          49  0.96871373957147355     
          19          50  0.97418465772418616     
          21          51  0.98364452928806612     
          21          52  0.96660308531746653     
          21          53  0.96677914131542197     
          24          54  0.92066701838613063     
          26          55  0.85628699900722716     
          31          56  0.97384682375499088     
          32          57  0.97428457730947682     
          34          58  0.96860895240148437     
          34          59  0.96754847257106702     
          34          60  0.98379563556430161     
